0.660 	33.096181
0.661 	43.589719
0.662 	35.979731
0.663 	56.662486
0.664 	40.102702
0.665 	38.861282
0.666 	31.040602
0.667 	32.832017
0.668 	48.489947
0.669 	39.411601
0.670 	42.395879
0.671 	39.737894
0.672 	30.280807
0.673 	25.919944
0.674 	35.274487
0.675 	32.344211
0.676 	44.608952
0.677 	35.114569
0.678 	31.864928
0.679 	26.624179
0.680 	34.390310
0.681 	38.877949
0.682 	39.100694
0.683 	43.529038
0.684 	40.575462
0.685 	36.141177
0.686 	32.692678
0.687 	32.113046
0.688 	38.717591
0.689 	40.453812
0.690 	32.412592
0.691 	23.869037
0.692 	30.561900
0.693 	37.828022
0.694 	36.906534
0.695 	39.250995
0.696 	29.044982
0.697 	38.589468
0.698 	38.038077
0.699 	32.659915
0.700 	37.713543
0.701 	32.750516
0.702 	25.273662
0.703 	33.365342
0.704 	37.824530
0.705 	36.751189
0.706 	37.233364
0.707 	31.593503
0.708 	40.405862
0.709 	38.099600
0.710 	27.737856
0.711 	32.429003
0.712 	35.428173
0.713 	33.993151
0.714 	32.234985
0.715 	27.759825
0.716 	32.760898
0.717 	30.931726
0.718 	34.575419
0.719 	37.729646
0.720 	37.263380
0.721 	38.302185
0.722 	34.855728
0.723 	35.081960
0.724 	35.492783
0.725 	33.534767
0.726 	35.185013
0.727 	31.770473
0.728 	31.823979
0.729 	33.779374
0.730 	31.654016
0.731 	30.382246
0.732 	33.304341
0.733 	34.933555
0.734 	32.972324
0.735 	32.225060
0.736 	31.951452
0.737 	31.985785
0.738 	33.892154
0.739 	33.024520
0.740 	31.032650
0.741 	29.158627
0.742 	26.807543
0.743 	32.879878
0.744 	33.765355
0.745 	31.315494
0.746 	32.471169
0.747 	34.230968
0.748 	34.687635
0.749 	33.033191
0.750 	33.084986
0.751 	31.692829
0.752 	31.709395
0.753 	31.964462
0.754 	28.919706
0.755 	28.528485
0.756 	30.682115
0.757 	32.260692
0.758 	33.244516
0.759 	32.140007
0.760 	30.071096
0.761 	32.265858
0.762 	34.706199
0.763 	32.027154
0.764 	31.893898
0.765 	33.117783
0.766 	30.692017
0.767 	30.479942
0.768 	32.373516
0.769 	35.191201
0.770 	34.750140
0.771 	34.506597
0.772 	36.909909
0.773 	34.764332
0.774 	30.292191
0.775 	27.984263
0.776 	29.179339
0.777 	29.787610
0.778 	29.233534
0.779 	30.739486
0.780 	31.993663
0.781 	33.567337
0.782 	34.478855
0.783 	32.019091
0.784 	30.757723
0.785 	30.780241
0.786 	28.512318
0.787 	26.216971
0.788 	28.736511
0.789 	34.675300
0.790 	34.598424
0.791 	30.990709
0.792 	31.461797
0.793 	33.124404
0.794 	31.469451
0.795 	29.132931
0.796 	30.838360
0.797 	33.547950
0.798 	32.237322
0.799 	28.718523
0.800 	27.426619
0.801 	28.449208
0.802 	29.440535
0.803 	29.103821
0.804 	28.909447
0.805 	30.248656
0.806 	31.961340
0.807 	31.640354
0.808 	31.650610
0.809 	33.452708
0.810 	33.531470
0.811 	33.133894
0.812 	31.746125
0.813 	31.514508
0.814 	33.784286
0.815 	32.696221
0.816 	29.282765
0.817 	28.027731
0.818 	29.420293
0.819 	30.232683
0.820 	29.875651
0.821 	29.817095
0.822 	30.411141
0.823 	31.457937
0.824 	32.731416
0.825 	32.320629
0.826 	30.672828
0.827 	30.998591
0.828 	30.914168
0.829 	29.725388
0.830 	29.388602
0.831 	30.334536
0.832 	31.430028
0.833 	30.581033
0.834 	30.157381
0.835 	30.318730
0.836 	29.122153
0.837 	28.337187
0.838 	29.189646
0.839 	29.362966
0.840 	29.381833
0.841 	30.960446
0.842 	32.197939
0.843 	31.551857
0.844 	29.334094
0.845 	28.038201
0.846 	28.912648
0.847 	30.810792
0.848 	32.415621
0.849 	33.495477
0.850 	31.789658
0.851 	29.584298
0.852 	29.794096
0.853 	30.836115
0.854 	31.405533
0.855 	30.422302
0.856 	28.277349
0.857 	27.856584
0.858 	29.844549
0.859 	31.709041
0.860 	31.168081
0.861 	29.950361
0.862 	30.325933
0.863 	30.851553
0.864 	29.665606
0.865 	27.737322
0.866 	27.154132
0.867 	28.059327
0.868 	30.455987
0.869 	32.494601
0.870 	32.328686
0.871 	30.545342
0.872 	28.409271
0.873 	27.129595
0.874 	27.555767
0.875 	29.470645
0.876 	30.095364
0.877 	28.894326
0.878 	27.868827
0.879 	27.994752
0.880 	28.026064
0.881 	27.601475
0.882 	27.441641
0.883 	27.390445
0.884 	28.406444
0.885 	30.599593
0.886 	31.648219
0.887 	30.881600
0.888 	29.120031
0.889 	27.589772
0.890 	27.269488
0.891 	27.632257
0.892 	28.253939
0.893 	29.021427
0.894 	29.475622
0.895 	29.255974
0.896 	28.181488
0.897 	26.592305
0.898 	26.141745
0.899 	27.011460
0.900 	28.469440
0.901 	29.942093
0.902 	30.335112
0.903 	30.095905
0.904 	29.938877
0.905 	30.335108
0.906 	30.647320
0.907 	30.546396
0.908 	30.270714
0.909 	29.302613
0.910 	27.859868
0.911 	26.617381
0.912 	26.263580
0.913 	28.068501
0.914 	29.991678
0.915 	30.015329
0.916 	28.823034
0.917 	27.069426
0.918 	25.695084
0.919 	25.646536
0.920 	27.369342
0.921 	29.282794
0.922 	29.268647
0.923 	27.827715
0.924 	26.237369
0.925 	25.789683
0.926 	27.540858
0.927 	29.107603
0.928 	28.823174
0.929 	28.254328
0.930 	28.379093
0.931 	29.354790
0.932 	29.787668
0.933 	29.512373
0.934 	29.951422
0.935 	30.020154
0.936 	29.649911
0.937 	27.459741
0.938 	25.040924
0.939 	26.119167
0.940 	28.262719
0.941 	28.372577
0.942 	28.196175
0.943 	28.345778
0.944 	27.388574
0.945 	26.816909
0.946 	26.898188
0.947 	26.315907
0.948 	26.631797
0.949 	26.377791
0.950 	24.985564
0.951 	26.190221
0.952 	28.478331
0.953 	29.459830
0.954 	27.391301
0.955 	26.409867
0.956 	26.523196
0.957 	26.465603
0.958 	26.593044
0.959 	25.371393
0.960 	25.836032
0.961 	27.380654
0.962 	28.386909
0.963 	26.765248
0.964 	24.652793
0.965 	24.489768
0.966 	25.147077
0.967 	26.549119
0.968 	28.192347
0.969 	27.513459
0.970 	25.097666
0.971 	25.107566
0.972 	27.117220
0.973 	27.456077
0.974 	27.144826
0.975 	28.072246
0.976 	28.012206
0.977 	27.332570
0.978 	26.853420
0.979 	27.879031
0.980 	27.860183
0.981 	25.647610
0.982 	25.192320
0.983 	26.308439
0.984 	27.646404
0.985 	28.345205
0.986 	28.782713
0.987 	28.578813
0.988 	26.578131
0.989 	23.975045
0.990 	23.588400
0.991 	22.982232
0.992 	22.446079
0.993 	23.866042
0.994 	26.207622
0.995 	28.574637
0.996 	29.835851
0.997 	28.720513
0.998 	26.138634
0.999 	24.739757
1.000 	23.740045
1.001 	23.387256
1.002 	24.408432
1.003 	24.205655
1.004 	25.023552
1.005 	27.936976
1.006 	27.776827
1.007 	25.782823
1.008 	26.563478
1.009 	27.882625
1.010 	28.203001
1.011 	25.518818
1.012 	23.909328
1.013 	24.789515
1.014 	25.078555
1.015 	24.215496
1.016 	25.225984
1.017 	26.716960
1.018 	27.791234
1.019 	28.644942
1.020 	25.593949
1.021 	22.832840
1.022 	22.183429
1.023 	22.823908
1.024 	24.412241
1.025 	25.733247
1.026 	26.393628
1.027 	26.370346
1.028 	25.151159
1.029 	25.606574
1.030 	27.570992
1.031 	27.182138
1.032 	25.520456
1.033 	24.808769
1.034 	24.841817
1.035 	22.856736
1.036 	21.534130
1.037 	23.061148
1.038 	26.609126
1.039 	29.057632
1.040 	29.777138
1.041 	27.372227
1.042 	23.813722
1.043 	22.790939
1.044 	23.929467
1.045 	25.905765
1.046 	26.524594
1.047 	25.506947
1.048 	25.334082
1.049 	23.914001
1.050 	23.884125
1.051 	26.202417
1.052 	26.614909
1.053 	27.073633
1.054 	27.659711
1.055 	25.275980
1.056 	24.127386
1.057 	26.743212
1.058 	27.843059
1.059 	26.830719
1.060 	26.398169
1.061 	26.339517
1.062 	25.134845
1.063 	24.082681
1.064 	23.326512
1.065 	23.480438
1.066 	24.805703
1.067 	26.436495
1.068 	27.431748
1.069 	27.867468
1.070 	28.334396
1.071 	27.445997
1.072 	24.777088
1.073 	23.443154
1.074 	24.918572
1.075 	26.353113
1.076 	25.835843
1.077 	25.230730
1.078 	26.549727
1.079 	27.985173
1.080 	27.598423
1.081 	27.001868
1.082 	26.779515
1.083 	25.483370
1.084 	23.959142
1.085 	23.454727
1.086 	23.641202
1.087 	24.229008
1.088 	24.646903
1.089 	25.766497
1.090 	27.576845
1.091 	28.016781
1.092 	26.682885
1.093 	25.882425
1.094 	25.584586
1.095 	24.475865
1.096 	23.467335
1.097 	25.252694
1.098 	27.562796
1.099 	26.903458
1.100 	26.231997
1.101 	26.742078
1.102 	26.609479
1.103 	26.115871
1.104 	25.953685
1.105 	26.185530
1.106 	26.071551
1.107 	24.929816
1.108 	23.878295
1.109 	23.841388
1.110 	24.478114
1.111 	25.404734
1.112 	26.281235
1.113 	25.918024
1.114 	23.949354
1.115 	22.298234
1.116 	24.158041
1.117 	27.664379
1.118 	28.037873
1.119 	24.856644
1.120 	22.031309
1.121 	22.535830
1.122 	24.345881
1.123 	24.936635
1.124 	25.192946
1.125 	25.533795
1.126 	24.470368
1.127 	22.560562
1.128 	21.778763
1.129 	23.137271
1.130 	25.384358
1.131 	26.536629
1.132 	26.189771
1.133 	25.877879
1.134 	26.496527
1.135 	26.286790
1.136 	24.500658
1.137 	23.025573
1.138 	24.160063
1.139 	26.765580
1.140 	27.299032
1.141 	24.716467
1.142 	21.558261
1.143 	20.776643
1.144 	21.011393
1.145 	20.656548
1.146 	21.226347
1.147 	22.868105
1.148 	23.239352
1.149 	22.158869
1.150 	21.694447
1.151 	22.647016
1.152 	24.387117
1.153 	25.576528
1.154 	24.677063
1.155 	22.579942
1.156 	22.163427
1.157 	22.407895
1.158 	20.855658
1.159 	19.243516
1.160 	19.844760
1.161 	21.537306
1.162 	23.008586
1.163 	23.310419
1.164 	21.568862
1.165 	19.840443
1.166 	20.169846
1.167 	20.576955
1.168 	19.625019
1.169 	19.089726
1.170 	19.545687
1.171 	19.589288
1.172 	19.971132
1.173 	21.779364
1.174 	24.127068
1.175 	25.398038
1.176 	24.541476
1.177 	22.132029
1.178 	20.336550
1.179 	21.037240
1.180 	22.883905
1.181 	23.257429
1.182 	22.015218
1.183 	20.290834
1.184 	19.338930
1.185 	19.617255
1.186 	20.995711
1.187 	22.264753
1.188 	22.678500
1.189 	23.031159
1.190 	23.009695
1.191 	22.520874
1.192 	22.291036
1.193 	21.886519
1.194 	21.079865
1.195 	20.623766
1.196 	20.566960
1.197 	20.152987
1.198 	19.367583
1.199 	18.802542
1.200 	19.482355
1.201 	20.667846
1.202 	21.711181
1.203 	23.054761
1.204 	24.463509
1.205 	25.277987
1.206 	24.467525
1.207 	21.808611
1.208 	18.996210
1.209 	18.287845
1.210 	19.442308
1.211 	20.424657
1.212 	21.073123
1.213 	21.798400
1.214 	22.197065
1.215 	21.619126
1.216 	20.256266
1.217 	19.726871
1.218 	20.526946
1.219 	21.416107
1.220 	21.641598
1.221 	21.680471
1.222 	21.418137
1.223 	19.869319
1.224 	18.447879
1.225 	20.012826
1.226 	22.850006
1.227 	23.257692
1.228 	21.913420
1.229 	21.533381
1.230 	22.024306
1.231 	21.823189
1.232 	21.908867
1.233 	23.439975
1.234 	24.132819
1.235 	23.272733
1.236 	22.178860
1.237 	21.767721
1.238 	21.744509
1.239 	21.064126
1.240 	19.982360
1.241 	19.828876
1.242 	20.885615
1.243 	21.903585
1.244 	21.990830
1.245 	21.736727
1.246 	23.011492
1.247 	24.966829
1.248 	25.400978
1.249 	23.629404
1.250 	21.209071
1.251 	19.760139
1.252 	20.279071
1.253 	21.261238
1.254 	20.868322
1.255 	20.118707
1.256 	20.885270
1.257 	22.974176
1.258 	24.247489
1.259 	24.575579
1.260 	24.607053
1.261 	23.653949
1.262 	22.362360
1.263 	22.208972
1.264 	22.932918
1.265 	23.893153
1.266 	24.635616
1.267 	24.211792
1.268 	22.959560
1.269 	22.761425
1.270 	24.191506
1.271 	26.117546
1.272 	27.237353
1.273 	24.803503
1.274 	20.013594
1.275 	17.599914
1.276 	18.157092
1.277 	19.162302
1.278 	20.057700
1.279 	20.576826
1.280 	20.654637
1.281 	22.215974
1.282 	24.577891
1.283 	25.491759
1.284 	25.699142
1.285 	26.561931
1.286 	26.033605
1.287 	22.966788
1.288 	20.961266
1.289 	21.981354
1.290 	21.488681
1.291 	18.245038
1.292 	15.836010
1.293 	16.236194
1.294 	19.510849
1.295 	23.973834
1.296 	27.019716
1.297 	26.500256
1.298 	23.832809
1.299 	21.149404
1.300 	19.157187
1.301 	18.968437
1.302 	20.334931
1.303 	19.889074
1.304 	18.454570
1.305 	19.816631
1.306 	21.840307
1.307 	22.191735
1.308 	22.080093
1.309 	22.712018
1.310 	23.357946
1.311 	23.163919
1.312 	21.670384
1.313 	19.219306
1.314 	18.171653
1.315 	19.684300
1.316 	22.243177
1.317 	23.630119
1.318 	23.579641
1.319 	23.084711
1.320 	23.032462
1.321 	22.839374
1.322 	22.245135
1.323 	21.567910
1.324 	20.940810
1.325 	20.604462
1.326 	20.369661
1.327 	20.208672
1.328 	20.021822
1.329 	19.106202
1.330 	19.034048
1.331 	21.240189
1.332 	23.297643
1.333 	22.411383
1.334 	19.184411
1.335 	16.706344
1.336 	16.981481
1.337 	19.797507
1.338 	22.976288
1.339 	24.735965
1.340 	23.747032
1.341 	20.824988
1.342 	18.041621
1.343 	18.381073
1.344 	20.380532
1.345 	21.415160
1.346 	21.819214
1.347 	21.429746
1.348 	19.408685
1.349 	17.749891
1.350 	17.508665
1.351 	17.374493
1.352 	16.320660
1.353 	15.364261
1.354 	15.444468
1.355 	15.629321
1.356 	15.794281
1.357 	17.023076
1.358 	19.071606
1.359 	20.417107
1.360 	20.372632
1.361 	19.597209
1.362 	18.878616
1.363 	18.246221
1.364 	17.610243
1.365 	16.395443
1.366 	14.929690
1.367 	15.065070
1.368 	16.726169
1.369 	18.076352
1.370 	18.055227
1.371 	17.524948
1.372 	18.543594
1.373 	20.716540
1.374 	20.593368
1.375 	16.925514
1.376 	12.476902
1.377 	12.310836
1.378 	15.800626
1.379 	18.561756
1.380 	18.394974
1.381 	16.353836
1.382 	14.992162
1.383 	15.621227
1.384 	17.481938
1.385 	17.309406
1.386 	14.976987
1.387 	14.100347
1.388 	14.692087
1.389 	14.397918
1.390 	13.172021
1.391 	12.232543
1.392 	12.972507
1.393 	15.377083
1.394 	18.116650
1.395 	19.122475
1.396 	17.328901
1.397 	13.987080
1.398 	11.719407
1.399 	11.676124
1.400 	13.806348
1.401 	17.249794
1.402 	18.278764
1.403 	15.246012
1.404 	11.059403
1.405 	8.090458
1.406 	6.020384
1.407 	6.950954
1.408 	10.275088
1.409 	11.206989
1.410 	9.320451
1.411 	8.547108
1.412 	10.247785
1.413 	12.006353
1.414 	11.674886
1.415 	10.469704
1.416 	10.216112
1.417 	11.300562
1.418 	13.282552
1.419 	13.712470
1.420 	12.601610
1.421 	11.073097
1.422 	10.729135
1.423 	12.353343
1.424 	13.159992
1.425 	12.761919
1.426 	12.135077
1.427 	11.454941
1.428 	12.094003
1.429 	14.293925
1.430 	16.496351
1.431 	16.332173
1.432 	13.124732
1.433 	10.179975
1.434 	9.433542
1.435 	9.143319
1.436 	8.409797
1.437 	8.033353
1.438 	9.329978
1.439 	12.213190
1.440 	12.344091
1.441 	8.183349
1.442 	5.068786
1.443 	4.402631
1.444 	4.027560
1.445 	6.015429
1.446 	11.284920
1.447 	15.042031
1.448 	16.127968
1.449 	15.958745
1.450 	12.248761
1.451 	6.824848
1.452 	4.753950
1.453 	6.488965
1.454 	9.559764
1.455 	12.391699
1.456 	12.807747
1.457 	10.895384
1.458 	11.951113
1.459 	13.968611
1.460 	12.108555
1.461 	9.271975
1.462 	9.514066
1.463 	10.734020
1.464 	9.988357
1.465 	7.741482
1.466 	7.485464
1.467 	8.133690
1.468 	7.829448
1.469 	10.413530
1.470 	13.213945
1.471 	11.262984
1.472 	8.626911
1.473 	9.695444
1.474 	11.712418
1.475 	11.195835
1.476 	8.404843
1.477 	8.428924
1.478 	13.849297
1.479 	18.278164
1.480 	15.246444
1.481 	9.239326
1.482 	5.171982
1.483 	4.331072
1.484 	7.052561
1.485 	8.105101
1.486 	6.680975
1.487 	8.386822
1.488 	12.030707
1.489 	12.329828
1.490 	11.870661
1.491 	13.894138
1.492 	16.478397
1.493 	17.190388
1.494 	15.556846
1.495 	13.699647
1.496 	11.998137
1.497 	9.352767
1.498 	7.272449
1.499 	8.315161
1.500 	10.848855
1.501 	10.185093
1.502 	6.754228
1.503 	5.646701
1.504 	8.458840
1.505 	12.982225
1.506 	16.654613
1.507 	17.608853
1.508 	14.983198
1.509 	10.899509
1.510 	9.531588
1.511 	10.892696
1.512 	12.787649
1.513 	14.660797
1.514 	14.862683
1.515 	15.616089
1.516 	16.614257
1.517 	13.118694
1.518 	9.722166
1.519 	11.677106
1.520 	14.403746
1.521 	13.976035
1.522 	13.802150
1.523 	13.298071
1.524 	11.331202
1.525 	10.323234
1.526 	10.635742
1.527 	12.254349
1.528 	14.422935
1.529 	14.354446
1.530 	10.322525
1.531 	6.499050
1.532 	8.347636
1.533 	15.167461
1.534 	18.727387
1.535 	18.405217
1.536 	17.773498
1.537 	15.625816
1.538 	11.472167
1.539 	9.782244
1.540 	9.408171
1.541 	9.016297
1.542 	9.551585
1.543 	11.142141
1.544 	13.249655
1.545 	13.614358
1.546 	11.499755
1.547 	12.648185
1.548 	17.932056
1.549 	20.394781
1.550 	17.487254
1.551 	14.506438
1.552 	14.419912
1.553 	16.836254
1.554 	18.908687
1.555 	16.872885
1.556 	11.177691
1.557 	9.461051
1.558 	14.145710
1.559 	17.672457
1.560 	16.007861
1.561 	9.519020
1.562 	4.034046
1.563 	6.917326
1.564 	12.969778
1.565 	18.392854
1.566 	21.085731
1.567 	19.667804
1.568 	13.943058
1.569 	9.075797
1.570 	9.880883
1.571 	9.799382
1.572 	9.765638
1.573 	11.725528
1.574 	18.748851
1.575 	22.901094
1.576 	19.995753
1.577 	14.851263
1.578 	12.041175
1.579 	14.497467
1.580 	15.744091
1.581 	17.613373
1.582 	18.556436
1.583 	16.014793
1.584 	14.347180
1.585 	16.785537
1.586 	16.250408
1.587 	12.221243
1.588 	10.126808
1.589 	11.610284
1.590 	11.810281
1.591 	13.819120
1.592 	17.774723
1.593 	19.124177
1.594 	16.896261
1.595 	13.744493
1.596 	14.146790
1.597 	22.900855
1.598 	25.040582
1.599 	17.665094
1.600 	16.238350
1.601 	21.622295
1.602 	22.607264
1.603 	14.701398
1.604 	12.315128
1.605 	19.121453
1.606 	20.417268
1.607 	11.484939
1.608 	11.548217
1.609 	18.640141
1.610 	21.143549
1.611 	20.247869
1.612 	17.102082
1.613 	15.486717
1.614 	16.216130
1.615 	18.202594
1.616 	17.360822
1.617 	11.977085
1.618 	10.433085
1.619 	11.862824
1.620 	6.748849
1.621 	8.168856
1.622 	16.565216
1.623 	21.620241
1.624 	20.485773
1.625 	18.101927
1.626 	15.935961
1.627 	13.945449
1.628 	17.575249
1.629 	19.363697
1.630 	23.830985
1.631 	26.298477
1.632 	25.425968
1.633 	17.816732
1.634 	7.210781
1.635 	8.652783
1.636 	12.478426
1.637 	17.235289
1.638 	22.168416
1.639 	21.596376
1.640 	15.474841
1.641 	11.969212
1.642 	16.097084
1.643 	16.552726
1.644 	11.897759
1.645 	12.163415
1.646 	11.622183
1.647 	11.061749
1.648 	12.297113
1.649 	16.978838
1.650 	25.741633
1.651 	27.206163
1.652 	24.220078
1.653 	15.981041
1.654 	11.810737
1.655 	14.238030
1.656 	16.768259
1.657 	17.100498
1.658 	17.567229
1.659 	13.599878
1.660 	8.568535
1.661 	8.123204
1.662 	17.721666
1.663 	23.924518
1.664 	22.677860
1.665 	12.980150
1.666 	10.415640
1.667 	13.186239
1.668 	12.396061
1.669 	16.568620
1.670 	19.036404
1.671 	27.974703
1.672 	24.178861
1.673 	17.687237
1.674 	21.671183
1.675 	15.033762
1.676 	22.674786
1.677 	26.149432
1.678 	15.027684
1.679 	25.838124
1.680 	40.927932
1.681 	28.497375
1.682 	17.155430
1.683 	5.003726
1.684 	-20.301610
1.685 	-5.587046
1.686 	18.775377
1.687 	35.953584
1.688 	25.624133
1.689 	13.646730
1.690 	14.205602
1.691 	21.807079
1.692 	30.888072
1.693 	-2.376692
1.694 	3.076189
1.695 	-1.934812
1.696 	17.134498
1.697 	-14.497070
1.698 	-35.184472
1.699 	35.290149
1.700 	126.886539
