0.66 41.875
0.661 43.605
0.662 38.386
0.663 43.735
0.664 35.238
0.665 43.794
0.666 40.493
0.667 39.367
0.668 42.668
0.669 39.374
0.67 41.658
0.671 38.806
0.672 39.429
0.673 44.385
0.674 39.447
0.675 42.786
0.676 43.526
0.677 38.1
0.678 42.126
0.679 38.281
0.68 37.654
0.681 38.852
0.682 39.524
0.683 37.5
0.684 39.964
0.685 39.478
0.686 33.575
0.687 37.209
0.688 40.105
0.689 36.801
0.69 39.271
0.691 39.447
0.692 34.882
0.693 36.296
0.694 40.98
0.695 36.253
0.696 39.214
0.697 42.451
0.698 38.176
0.699 33.461
0.7 36.223
0.701 38.479
0.702 35.8
0.703 39.376
0.704 40.953
0.705 38.608
0.706 35.745
0.707 36.974
0.708 37.607
0.709 38.83
0.71 36.301
0.711 36.938
0.712 38.613
0.713 36.475
0.714 34.628
0.715 37.296
0.716 36.53
0.717 36.998
0.718 39.688
0.719 39.235
0.72 36.311
0.721 34.239
0.722 36.879
0.723 38.528
0.724 36.874
0.725 35.727
0.726 38.899
0.727 39.532
0.728 36.177
0.729 33.495
0.73 34.682
0.731 35.597
0.732 34.697
0.733 35.563
0.734 38.4
0.735 37.862
0.736 35.939
0.737 35.202
0.738 36.323
0.739 38.449
0.74 36.729
0.741 35.188
0.742 35.16
0.743 36.589
0.744 36.649
0.745 34.039
0.746 33.949
0.747 37.741
0.748 37.623
0.749 35.584
0.75 35.008
0.751 36.638
0.752 38.94
0.753 37.099
0.754 34.178
0.755 33.635
0.756 35.804
0.757 37.024
0.758 36.259
0.759 35.185
0.76 35.232
0.761 36.048
0.762 36.909
0.763 36.75
0.764 36.015
0.765 36.411
0.766 37.128
0.767 36.802
0.768 35.745
0.769 35.444
0.77 36.019
0.771 34.965
0.772 32.884
0.773 33.486
0.774 36.393
0.775 37.834
0.776 36.828
0.777 34.401
0.778 33.349
0.779 34.862
0.78 36.278
0.781 36.165
0.782 35.218
0.783 33.644
0.784 34.79
0.785 37.357
0.786 36.602
0.787 34.364
0.788 34.317
0.789 34.745
0.79 35.227
0.791 35.745
0.792 34.738
0.793 33.703
0.794 34.235
0.795 36.55
0.796 37.468
0.797 35.398
0.798 33.895
0.799 34.562
0.8 35.878
0.801 35.503
0.802 34.305
0.803 34.248
0.804 34.959
0.805 35.26
0.806 34.138
0.807 33.101
0.808 33.949
0.809 36.044
0.81 36.84
0.811 35.506
0.812 33.118
0.813 31.809
0.814 32.639
0.815 34.966
0.816 36.158
0.817 35.05
0.818 33.266
0.819 32.588
0.82 34.037
0.821 35.989
0.822 35.561
0.823 33.913
0.824 34.041
0.825 35.244
0.826 35.581
0.827 34.714
0.828 34.41
0.829 34.442
0.83 34.125
0.831 34.453
0.832 34.779
0.833 33.985
0.834 33.384
0.835 34.228
0.836 34.854
0.837 35.187
0.838 35.45
0.839 34.897
0.84 34.218
0.841 33.483
0.842 33.458
0.843 34.43
0.844 35.084
0.845 34.766
0.846 33.395
0.847 32.943
0.848 34.434
0.849 35.875
0.85 35.876
0.851 34.526
0.852 32.982
0.853 32.801
0.854 33.661
0.855 34.569
0.856 34.557
0.857 33.31
0.858 32.258
0.859 32.57
0.86 33.333
0.861 33.814
0.862 34.015
0.863 33.8
0.864 33.906
0.865 34.114
0.866 34.441
0.867 34.568
0.868 33.897
0.869 33.076
0.87 33.31
0.871 34.113
0.872 34.352
0.873 33.679
0.874 32.802
0.875 33.159
0.876 34.795
0.877 35.488
0.878 34.705
0.879 34.009
0.88 33.554
0.881 33.067
0.882 32.758
0.883 32.692
0.884 32.934
0.885 32.956
0.886 32.239
0.887 32.058
0.888 32.997
0.889 33.762
0.89 33.936
0.891 34.084
0.892 33.997
0.893 33.584
0.894 33.653
0.895 34.643
0.896 35.232
0.897 34.706
0.898 33.923
0.899 33.136
0.9 32.091
0.901 31.996
0.902 33.081
0.903 33.368
0.904 32.446
0.905 32.165
0.906 33.368
0.907 34.846
0.908 35.327
0.909 34.609
0.91 33.158
0.911 32.091
0.912 32.353
0.913 33.123
0.914 33.708
0.915 33.964
0.916 33.392
0.917 32.362
0.918 31.854
0.919 31.852
0.92 32.176
0.921 32.498
0.922 32.447
0.923 32.496
0.924 33.118
0.925 33.719
0.926 33.468
0.927 32.503
0.928 31.78
0.929 32.314
0.93 33.407
0.931 34.464
0.932 34.812
0.933 34.48
0.934 33.432
0.935 32.155
0.936 31.642
0.937 32.167
0.938 32.752
0.939 32.442
0.94 31.185
0.941 30.246
0.942 30.325
0.943 31.433
0.944 32.361
0.945 32.652
0.946 32.636
0.947 31.947
0.948 30.987
0.949 31.762
0.95 32.749
0.951 32.338
0.952 31.901
0.953 31.455
0.954 31.092
0.955 31.83
0.956 32.474
0.957 32.026
0.958 30.687
0.959 29.447
0.96 29.749
0.961 30.599
0.962 30.129
0.963 29.522
0.964 29.486
0.965 30.038
0.966 29.547
0.967 29.322
0.968 29.993
0.969 30.458
0.97 30.206
0.971 29.702
0.972 28.775
0.973 29.347
0.974 29.214
0.975 28.808
0.976 30.248
0.977 30.831
0.978 29.016
0.979 28.339
0.98 29.845
0.981 30.275
0.982 28.868
0.983 27.729
0.984 28.284
0.985 29.104
0.986 28.749
0.987 28.503
0.988 29.118
0.989 30.285
0.99 29.948
0.991 28.866
0.992 28.223
0.993 27.989
0.994 29.084
0.995 29.14
0.996 29.087
0.997 29.969
0.998 29.763
0.999 28.478
1.0 27.824
1.001 28.155
1.002 29.37
1.003 29.883
1.004 28.319
1.005 26.627
1.006 27.072
1.007 28.456
1.008 28.321
1.009 27.431
1.01 27.615
1.011 29.69
1.012 30.399
1.013 28.219
1.014 27.214
1.015 27.662
1.016 28.665
1.017 29.32
1.018 28.242
1.019 27.173
1.02 27.765
1.021 28.468
1.022 28.496
1.023 28.598
1.024 28.536
1.025 28.49
1.026 29.406
1.027 29.352
1.028 27.989
1.029 27.32
1.03 28.312
1.031 28.608
1.032 27.775
1.033 27.074
1.034 27.229
1.035 27.919
1.036 28.005
1.037 28.202
1.038 28.812
1.039 29.356
1.04 29.473
1.041 28.526
1.042 27.622
1.043 27.222
1.044 27.288
1.045 28.273
1.046 28.764
1.047 28.399
1.048 28.437
1.049 28.985
1.05 29.45
1.051 28.97
1.052 27.521
1.053 26.449
1.054 27.346
1.055 29.109
1.056 29.7
1.057 29.565
1.058 29.279
1.059 29.188
1.06 29.259
1.061 29.253
1.062 28.95
1.063 28.598
1.064 28.105
1.065 28.024
1.066 28.637
1.067 28.472
1.068 28.358
1.069 28.889
1.07 29.346
1.071 29.237
1.072 28.65
1.073 28.001
1.074 27.16
1.075 27.33
1.076 28.752
1.077 28.958
1.078 27.967
1.079 28.566
1.08 29.684
1.081 29.453
1.082 29.342
1.083 29.265
1.084 28.112
1.085 26.814
1.086 27.263
1.087 28.849
1.088 29.512
1.089 29.166
1.09 28.479
1.091 27.802
1.092 28.21
1.093 29.079
1.094 28.508
1.095 27.476
1.096 27.466
1.097 28.26
1.098 28.853
1.099 28.905
1.1 29.135
1.101 29.429
1.102 29.24
1.103 28.881
1.104 29.112
1.105 29.105
1.106 28.255
1.107 27.94
1.108 29.083
1.109 29.691
1.11 28.804
1.111 27.221
1.112 26.771
1.113 28.281
1.114 29.938
1.115 29.774
1.116 27.991
1.117 26.809
1.118 27.473
1.119 28.376
1.12 28.901
1.121 29.536
1.122 29.115
1.123 27.779
1.124 27.075
1.125 27.39
1.126 27.938
1.127 27.912
1.128 27.261
1.129 26.815
1.13 27.545
1.131 28.465
1.132 28.263
1.133 27.576
1.134 27.088
1.135 26.806
1.136 27.273
1.137 28.317
1.138 28.64
1.139 27.732
1.14 26.494
1.141 26.258
1.142 27.154
1.143 27.738
1.144 26.747
1.145 25.253
1.146 24.159
1.147 23.788
1.148 24.223
1.149 24.918
1.15 25.625
1.151 26.193
1.152 26.175
1.153 25.847
1.154 25.779
1.155 26.038
1.156 26.059
1.157 25.428
1.158 24.545
1.159 24.297
1.16 24.931
1.161 25.426
1.162 25.025
1.163 24.459
1.164 24.324
1.165 24.606
1.166 25.583
1.167 26.673
1.168 26.054
1.169 24.479
1.17 23.757
1.171 23.946
1.172 24.657
1.173 25.268
1.174 25.02
1.175 24.393
1.176 23.823
1.177 23.276
1.178 23.617
1.179 24.72
1.18 25.025
1.181 24.498
1.182 23.83
1.183 23.089
1.184 23.164
1.185 24.764
1.186 25.984
1.187 25.254
1.188 23.422
1.189 23.261
1.19 25.301
1.191 26.858
1.192 25.921
1.193 23.835
1.194 23.14
1.195 23.496
1.196 23.882
1.197 24.288
1.198 24.221
1.199 23.945
1.2 24.259
1.201 25.066
1.202 25.408
1.203 24.605
1.204 23.516
1.205 23.399
1.206 23.933
1.207 24.221
1.208 24.706
1.209 25.581
1.21 25.454
1.211 24.171
1.212 23.414
1.213 23.517
1.214 23.981
1.215 24.451
1.216 24.515
1.217 23.88
1.218 23.066
1.219 23.225
1.22 24.752
1.221 26.038
1.222 25.989
1.223 25.26
1.224 24.544
1.225 24.542
1.226 25.136
1.227 25.727
1.228 26.203
1.229 26.098
1.23 24.936
1.231 23.561
1.232 23.59
1.233 24.441
1.234 25.108
1.235 25.25
1.236 25.375
1.237 25.808
1.238 25.628
1.239 25.644
1.24 26.476
1.241 26.26
1.242 24.567
1.243 23.599
1.244 24.315
1.245 25.51
1.246 25.885
1.247 25.055
1.248 24.08
1.249 23.559
1.25 22.912
1.251 22.525
1.252 24.023
1.253 26.546
1.254 27.957
1.255 27.907
1.256 27.387
1.257 27.104
1.258 27.084
1.259 27.136
1.26 26.401
1.261 25.444
1.262 25.114
1.263 25.057
1.264 25.477
1.265 26.477
1.266 27.094
1.267 27.073
1.268 26.615
1.269 26.036
1.27 26.119
1.271 26.398
1.272 26.045
1.273 25.504
1.274 24.983
1.275 25.0
1.276 25.8
1.277 26.653
1.278 26.929
1.279 26.137
1.28 23.609
1.281 21.497
1.282 21.884
1.283 23.998
1.284 26.213
1.285 27.192
1.286 26.876
1.287 25.934
1.288 24.818
1.289 25.006
1.29 26.296
1.291 26.473
1.292 25.276
1.293 23.985
1.294 23.719
1.295 24.727
1.296 26.193
1.297 26.241
1.298 24.794
1.299 23.649
1.3 23.586
1.301 24.614
1.302 26.257
1.303 27.322
1.304 26.522
1.305 24.617
1.306 23.49
1.307 24.635
1.308 27.085
1.309 28.329
1.31 27.348
1.311 24.931
1.312 23.651
1.313 24.248
1.314 25.781
1.315 26.538
1.316 25.511
1.317 23.127
1.318 22.065
1.319 23.744
1.32 26.331
1.321 27.712
1.322 27.184
1.323 25.968
1.324 24.727
1.325 23.76
1.326 23.395
1.327 23.402
1.328 23.094
1.329 22.253
1.33 21.714
1.331 21.933
1.332 23.067
1.333 24.612
1.334 25.339
1.335 23.888
1.336 21.313
1.337 20.089
1.338 21.047
1.339 22.951
1.34 24.716
1.341 24.916
1.342 22.681
1.343 21.122
1.344 22.427
1.345 24.651
1.346 25.205
1.347 23.518
1.348 21.128
1.349 19.757
1.35 19.758
1.351 20.978
1.352 22.819
1.353 23.373
1.354 22.426
1.355 20.894
1.356 19.833
1.357 20.471
1.358 22.626
1.359 23.681
1.36 22.351
1.361 19.906
1.362 18.004
1.363 17.873
1.364 19.358
1.365 21.266
1.366 22.16
1.367 22.07
1.368 21.397
1.369 21.162
1.37 21.279
1.371 20.584
1.372 19.116
1.373 17.716
1.374 17.136
1.375 18.095
1.376 20.481
1.377 22.493
1.378 21.952
1.379 19.534
1.38 17.338
1.381 16.912
1.382 17.985
1.383 18.992
1.384 18.788
1.385 17.774
1.386 17.355
1.387 17.341
1.388 17.433
1.389 17.879
1.39 18.454
1.391 18.156
1.392 16.876
1.393 15.57
1.394 14.997
1.395 15.572
1.396 16.481
1.397 16.682
1.398 15.553
1.399 13.798
1.4 13.73
1.401 14.54
1.402 13.46
1.403 12.567
1.404 13.752
1.405 15.364
1.406 15.987
1.407 15.196
1.408 13.288
1.409 11.681
1.41 11.163
1.411 11.053
1.412 11.217
1.413 11.462
1.414 11.524
1.415 11.959
1.416 12.936
1.417 13.53
1.418 13.228
1.419 13.268
1.42 13.938
1.421 13.751
1.422 12.394
1.423 10.865
1.424 11.403
1.425 14.803
1.426 16.841
1.427 14.663
1.428 11.282
1.429 9.689
1.43 10.479
1.431 12.205
1.432 13.022
1.433 12.967
1.434 13.49
1.435 14.685
1.436 14.699
1.437 13.396
1.438 11.952
1.439 10.824
1.44 9.587
1.441 9.957
1.442 12.993
1.443 14.865
1.444 13.501
1.445 11.096
1.446 10.242
1.447 11.909
1.448 14.155
1.449 14.797
1.45 13.523
1.451 11.06
1.452 9.042
1.453 8.884
1.454 11.497
1.455 14.198
1.456 13.939
1.457 12.36
1.458 11.845
1.459 12.513
1.46 13.507
1.461 13.971
1.462 13.469
1.463 12.513
1.464 11.538
1.465 11.709
1.466 13.35
1.467 12.781
1.468 9.764
1.469 9.161
1.47 12.069
1.471 14.948
1.472 16.638
1.473 16.304
1.474 14.301
1.475 12.712
1.476 12.07
1.477 13.173
1.478 14.498
1.479 13.959
1.48 13.098
1.481 13.084
1.482 13.963
1.483 15.238
1.484 15.11
1.485 12.29
1.486 10.179
1.487 11.351
1.488 13.352
1.489 14.316
1.49 14.179
1.491 14.183
1.492 14.101
1.493 13.094
1.494 12.645
1.495 13.77
1.496 14.363
1.497 12.716
1.498 11.199
1.499 13.122
1.5 15.827
1.501 16.549
1.502 15.965
1.503 14.504
1.504 13.272
1.505 13.095
1.506 13.783
1.507 13.713
1.508 11.967
1.509 11.436
1.51 13.022
1.511 15.356
1.512 16.642
1.513 15.053
1.514 13.999
1.515 15.259
1.516 17.091
1.517 17.23
1.518 15.542
1.519 13.688
1.52 12.031
1.521 11.994
1.522 14.575
1.523 16.907
1.524 16.628
1.525 14.95
1.526 14.707
1.527 16.353
1.528 16.783
1.529 15.722
1.53 15.65
1.531 15.995
1.532 15.997
1.533 15.624
1.534 14.143
1.535 13.49
1.536 14.127
1.537 15.983
1.538 18.281
1.539 18.185
1.54 16.667
1.541 16.555
1.542 15.712
1.543 14.538
1.544 16.404
1.545 18.072
1.546 17.45
1.547 17.608
1.548 18.612
1.549 18.844
1.55 16.951
1.551 13.126
1.552 12.658
1.553 15.831
1.554 17.912
1.555 15.626
1.556 14.119
1.557 16.39
1.558 18.572
1.559 19.344
1.56 17.054
1.561 13.481
1.562 12.433
1.563 15.037
1.564 19.38
1.565 20.554
1.566 18.276
1.567 16.039
1.568 15.069
1.569 16.231
1.57 16.952
1.571 15.64
1.572 15.089
1.573 16.824
1.574 19.428
1.575 18.209
1.576 15.63
1.577 17.416
1.578 20.233
1.579 18.415
1.58 16.753
1.581 16.51
1.582 17.352
1.583 19.114
1.584 21.611
1.585 21.608
1.586 19.12
1.587 17.754
1.588 15.898
1.589 16.25
1.59 18.562
1.591 18.421
1.592 17.291
1.593 17.952
1.594 19.426
1.595 19.135
1.596 18.919
1.597 17.541
1.598 17.27
1.599 18.943
1.6 18.054
1.601 15.668
1.602 17.148
1.603 19.991
1.604 18.93
1.605 16.706
1.606 17.683
1.607 20.0
1.608 20.94
1.609 18.248
1.61 16.707
1.611 17.608
1.612 19.816
1.613 22.968
1.614 22.509
1.615 18.85
1.616 17.644
1.617 18.035
1.618 16.509
1.619 16.873
1.62 18.068
1.621 19.366
1.622 21.566
1.623 23.936
1.624 22.683
1.625 20.958
1.626 20.615
1.627 21.018
1.628 21.094
1.629 19.787
1.63 18.377
1.631 18.974
1.632 20.59
1.633 21.809
1.634 23.745
1.635 21.707
1.636 17.21
1.637 14.782
1.638 13.834
1.639 18.27
1.64 20.423
1.641 17.135
1.642 16.138
1.643 18.757
1.644 19.637
1.645 16.064
1.646 14.411
1.647 18.88
1.648 22.706
1.649 22.392
1.65 21.56
1.651 24.181
1.652 22.072
1.653 17.936
1.654 17.381
1.655 22.303
1.656 23.369
1.657 20.373
1.658 20.879
1.659 22.736
1.66 22.525
1.661 19.448
1.662 15.746
1.663 18.092
1.664 19.93
1.665 20.264
1.666 20.326
1.667 19.549
1.668 23.425
1.669 22.928
1.67 20.422
1.671 21.197
1.672 20.949
1.673 16.266
1.674 13.649
1.675 23.384
1.676 26.752
1.677 24.535
1.678 23.926
1.679 24.772
1.68 22.182
1.681 14.84
1.682 18.992
1.683 20.056
1.684 24.214
1.685 31.571
1.686 28.401
1.687 13.028
1.688 -0.697
1.689 13.757
1.69 29.015
1.691 36.786
1.692 25.424
1.693 29.289
1.694 30.453
1.695 20.302
1.696 16.026
1.697 8.75
1.698 14.421
1.699 14.175
1.7 37.243
