0.66 46.125
0.661 45.311
0.662 39.976
0.663 41.566
0.664 36.548
0.665 47.658
0.666 40.376
0.667 41.742
0.668 43.771
0.669 39.933
0.67 45.165
0.671 42.537
0.672 41.332
0.673 43.957
0.674 43.545
0.675 41.082
0.676 44.92
0.677 37.0
0.678 45.374
0.679 43.359
0.68 36.897
0.681 39.139
0.682 39.81
0.683 40.074
0.684 44.575
0.685 43.615
0.686 38.1
0.687 41.86
0.688 41.856
0.689 37.575
0.69 41.476
0.691 42.379
0.692 39.609
0.693 40.165
0.694 42.694
0.695 39.74
0.696 40.658
0.697 42.372
0.698 40.804
0.699 39.816
0.7 40.789
0.701 38.327
0.702 37.818
0.703 39.302
0.704 43.038
0.705 40.952
0.706 37.607
0.707 39.9
0.708 41.097
0.709 41.508
0.71 38.647
0.711 39.893
0.712 41.468
0.713 38.034
0.714 36.705
0.715 40.235
0.716 38.748
0.717 40.29
0.718 43.656
0.719 41.829
0.72 38.576
0.721 38.123
0.722 41.724
0.723 40.798
0.724 38.095
0.725 38.081
0.726 40.714
0.727 42.292
0.728 38.596
0.729 36.155
0.73 39.5
0.731 40.281
0.732 38.156
0.733 36.821
0.734 40.229
0.735 41.444
0.736 38.02
0.737 36.827
0.738 39.876
0.739 42.102
0.74 40.584
0.741 39.553
0.742 39.175
0.743 39.968
0.744 39.372
0.745 37.215
0.746 38.12
0.747 38.938
0.748 38.295
0.749 37.714
0.75 38.426
0.751 40.215
0.752 41.437
0.753 39.542
0.754 37.931
0.755 37.299
0.756 38.358
0.757 38.978
0.758 38.254
0.759 37.788
0.76 39.012
0.761 40.914
0.762 41.004
0.763 40.957
0.764 40.565
0.765 38.968
0.766 38.073
0.767 38.269
0.768 37.872
0.769 37.618
0.77 39.1
0.771 38.682
0.772 36.972
0.773 37.988
0.774 39.101
0.775 38.479
0.776 38.529
0.777 38.472
0.778 37.312
0.779 38.039
0.78 39.838
0.781 40.232
0.782 38.513
0.783 36.578
0.784 37.616
0.785 39.684
0.786 38.616
0.787 36.106
0.788 37.093
0.789 39.546
0.79 40.253
0.791 39.449
0.792 37.931
0.793 37.031
0.794 38.359
0.795 39.582
0.796 39.373
0.797 38.854
0.798 38.905
0.799 39.841
0.8 40.175
0.801 39.299
0.802 38.052
0.803 37.032
0.804 36.901
0.805 37.72
0.806 38.15
0.807 37.207
0.808 37.397
0.809 39.109
0.81 38.83
0.811 37.449
0.812 36.628
0.813 36.262
0.814 36.043
0.815 36.997
0.816 38.653
0.817 38.643
0.818 37.605
0.819 36.701
0.82 36.385
0.821 37.654
0.822 38.413
0.823 37.621
0.824 37.244
0.825 37.607
0.826 38.217
0.827 38.622
0.828 38.524
0.829 37.691
0.83 37.112
0.831 37.775
0.832 38.73
0.833 37.629
0.834 36.115
0.835 36.952
0.836 38.198
0.837 38.5
0.838 38.246
0.839 37.974
0.84 38.07
0.841 37.253
0.842 36.262
0.843 37.271
0.844 38.734
0.845 38.399
0.846 37.417
0.847 36.933
0.848 37.337
0.849 37.908
0.85 37.81
0.851 37.774
0.852 37.668
0.853 37.159
0.854 36.721
0.855 36.859
0.856 37.005
0.857 36.37
0.858 35.803
0.859 36.435
0.86 37.523
0.861 37.239
0.862 36.419
0.863 36.706
0.864 37.446
0.865 37.842
0.866 38.402
0.867 39.012
0.868 38.156
0.869 36.51
0.87 36.596
0.871 38.024
0.872 38.555
0.873 37.898
0.874 37.621
0.875 37.931
0.876 38.309
0.877 37.956
0.878 36.938
0.879 36.456
0.88 36.659
0.881 36.572
0.882 36.244
0.883 36.267
0.884 36.498
0.885 36.351
0.886 35.66
0.887 35.64
0.888 36.127
0.889 36.37
0.89 36.613
0.891 36.924
0.892 36.813
0.893 36.357
0.894 36.566
0.895 37.718
0.896 37.96
0.897 36.698
0.898 35.588
0.899 35.362
0.9 35.645
0.901 36.797
0.902 38.097
0.903 37.534
0.904 35.798
0.905 35.461
0.906 36.563
0.907 38.102
0.908 38.956
0.909 37.983
0.91 36.178
0.911 35.22
0.912 35.749
0.913 36.733
0.914 37.395
0.915 37.259
0.916 36.239
0.917 35.631
0.918 35.791
0.919 35.829
0.92 35.612
0.921 35.576
0.922 35.609
0.923 35.763
0.924 36.276
0.925 36.867
0.926 36.836
0.927 36.13
0.928 35.493
0.929 35.408
0.93 35.934
0.931 36.933
0.932 37.546
0.933 37.366
0.934 36.509
0.935 35.69
0.936 35.299
0.937 35.555
0.938 35.871
0.939 35.486
0.94 34.389
0.941 33.645
0.942 34.017
0.943 34.987
0.944 36.313
0.945 37.003
0.946 36.37
0.947 34.77
0.948 33.567
0.949 33.918
0.95 34.759
0.951 35.177
0.952 35.198
0.953 34.659
0.954 33.906
0.955 33.995
0.956 34.873
0.957 34.879
0.958 33.522
0.959 32.406
0.96 32.707
0.961 33.16
0.962 32.846
0.963 33.195
0.964 33.973
0.965 33.924
0.966 32.15
0.967 31.051
0.968 32.037
0.969 33.158
0.97 32.821
0.971 32.361
0.972 31.846
0.973 32.144
0.974 32.763
0.975 32.928
0.976 33.56
0.977 34.154
0.978 32.407
0.979 30.866
0.98 31.659
0.981 32.406
0.982 31.764
0.983 30.794
0.984 30.498
0.985 31.544
0.986 32.166
0.987 31.832
0.988 31.882
0.989 33.02
0.99 32.426
0.991 31.063
0.992 31.528
0.993 32.547
0.994 32.351
0.995 31.408
0.996 32.121
0.997 32.893
0.998 32.74
0.999 32.0
1.0 31.18
1.001 31.466
1.002 32.275
1.003 32.026
1.004 29.915
1.005 29.133
1.006 30.819
1.007 32.66
1.008 32.407
1.009 31.319
1.01 31.216
1.011 32.383
1.012 32.453
1.013 31.636
1.014 31.015
1.015 31.087
1.016 32.385
1.017 32.719
1.018 30.632
1.019 30.278
1.02 31.366
1.021 31.973
1.022 32.209
1.023 32.087
1.024 31.802
1.025 31.888
1.026 32.796
1.027 32.256
1.028 31.216
1.029 31.217
1.03 31.768
1.031 32.058
1.032 31.422
1.033 30.607
1.034 31.202
1.035 32.253
1.036 32.411
1.037 31.661
1.038 31.389
1.039 32.358
1.04 33.06
1.041 32.401
1.042 31.367
1.043 30.015
1.044 29.309
1.045 30.656
1.046 32.209
1.047 32.383
1.048 32.192
1.049 32.511
1.05 32.45
1.051 31.398
1.052 30.247
1.053 29.863
1.054 31.237
1.055 32.801
1.056 33.419
1.057 33.043
1.058 31.811
1.059 31.411
1.06 32.069
1.061 32.641
1.062 32.846
1.063 32.481
1.064 31.98
1.065 32.056
1.066 32.36
1.067 32.484
1.068 32.504
1.069 31.944
1.07 31.79
1.071 32.296
1.072 32.08
1.073 30.936
1.074 29.779
1.075 30.368
1.076 32.619
1.077 33.848
1.078 33.475
1.079 33.222
1.08 32.841
1.081 31.984
1.082 31.726
1.083 31.407
1.084 30.569
1.085 30.636
1.086 32.263
1.087 33.756
1.088 33.128
1.089 31.952
1.09 31.362
1.091 31.277
1.092 32.259
1.093 33.308
1.094 32.7
1.095 31.132
1.096 30.393
1.097 31.07
1.098 32.223
1.099 32.786
1.1 32.629
1.101 32.591
1.102 32.591
1.103 32.281
1.104 32.315
1.105 31.709
1.106 30.713
1.107 31.33
1.108 32.908
1.109 33.302
1.11 32.534
1.111 30.892
1.112 29.813
1.113 30.863
1.114 32.953
1.115 33.601
1.116 31.847
1.117 29.973
1.118 30.264
1.119 31.734
1.12 32.684
1.121 32.988
1.122 32.411
1.123 31.32
1.124 30.471
1.125 30.336
1.126 30.843
1.127 31.297
1.128 31.286
1.129 31.003
1.13 31.195
1.131 31.566
1.132 31.286
1.133 30.416
1.134 29.449
1.135 29.124
1.136 30.086
1.137 32.122
1.138 33.435
1.139 32.038
1.14 29.157
1.141 27.923
1.142 28.974
1.143 30.26
1.144 29.911
1.145 28.621
1.146 27.405
1.147 26.89
1.148 27.255
1.149 27.822
1.15 28.142
1.151 28.247
1.152 28.126
1.153 28.143
1.154 28.488
1.155 28.997
1.156 29.21
1.157 28.555
1.158 27.518
1.159 27.344
1.16 28.018
1.161 27.844
1.162 27.112
1.163 27.477
1.164 27.917
1.165 27.344
1.166 27.323
1.167 28.163
1.168 27.892
1.169 26.963
1.17 27.311
1.171 28.401
1.172 28.929
1.173 28.682
1.174 27.718
1.175 26.543
1.176 26.107
1.177 26.382
1.178 26.968
1.179 28.065
1.18 28.941
1.181 28.833
1.182 28.051
1.183 27.243
1.184 27.069
1.185 27.514
1.186 27.396
1.187 26.272
1.188 24.96
1.189 25.525
1.19 27.994
1.191 29.485
1.192 28.769
1.193 27.356
1.194 26.993
1.195 27.384
1.196 27.719
1.197 27.237
1.198 25.758
1.199 24.768
1.2 25.741
1.201 27.234
1.202 27.798
1.203 27.377
1.204 26.566
1.205 26.138
1.206 26.18
1.207 26.058
1.208 26.314
1.209 27.74
1.21 29.108
1.211 29.042
1.212 27.789
1.213 26.826
1.214 27.201
1.215 28.13
1.216 28.059
1.217 26.888
1.218 25.741
1.219 25.667
1.22 26.8
1.221 28.113
1.222 28.886
1.223 28.723
1.224 27.771
1.225 27.344
1.226 27.875
1.227 28.239
1.228 27.827
1.229 27.079
1.23 26.376
1.231 26.083
1.232 26.56
1.233 27.259
1.234 27.571
1.235 27.898
1.236 28.938
1.237 30.015
1.238 30.286
1.239 30.583
1.24 30.664
1.241 29.204
1.242 26.563
1.243 25.203
1.244 26.551
1.245 28.581
1.246 29.228
1.247 28.666
1.248 28.112
1.249 27.556
1.25 26.546
1.251 26.047
1.252 27.622
1.253 29.837
1.254 30.819
1.255 30.702
1.256 30.315
1.257 29.757
1.258 29.089
1.259 28.458
1.26 27.449
1.261 26.72
1.262 27.045
1.263 27.826
1.264 28.678
1.265 29.636
1.266 30.107
1.267 29.661
1.268 29.034
1.269 28.949
1.27 29.126
1.271 28.914
1.272 28.417
1.273 28.364
1.274 28.588
1.275 28.681
1.276 29.211
1.277 30.297
1.278 30.315
1.279 28.412
1.28 25.639
1.281 24.51
1.282 26.451
1.283 29.689
1.284 31.399
1.285 30.514
1.286 28.219
1.287 25.886
1.288 25.351
1.289 27.13
1.29 29.367
1.291 29.684
1.292 28.88
1.293 28.022
1.294 27.604
1.295 27.884
1.296 28.641
1.297 28.516
1.298 27.368
1.299 26.608
1.3 27.093
1.301 28.497
1.302 29.592
1.303 29.564
1.304 28.3
1.305 26.855
1.306 26.313
1.307 26.888
1.308 28.056
1.309 28.678
1.31 27.949
1.311 26.764
1.312 26.588
1.313 27.332
1.314 28.832
1.315 29.464
1.316 27.853
1.317 25.533
1.318 25.34
1.319 27.569
1.32 29.615
1.321 29.977
1.322 28.561
1.323 26.647
1.324 24.956
1.325 24.757
1.326 26.22
1.327 27.494
1.328 27.247
1.329 25.84
1.33 24.231
1.331 23.846
1.332 25.432
1.333 27.462
1.334 27.978
1.335 26.37
1.336 24.127
1.337 23.067
1.338 24.069
1.339 25.778
1.34 25.98
1.341 24.942
1.342 23.72
1.343 23.978
1.344 25.981
1.345 28.154
1.346 28.609
1.347 26.681
1.348 24.375
1.349 23.168
1.35 22.494
1.351 22.45
1.352 23.136
1.353 23.639
1.354 23.517
1.355 22.445
1.356 21.584
1.357 22.553
1.358 24.634
1.359 25.704
1.36 25.0
1.361 23.237
1.362 21.516
1.363 21.184
1.364 22.739
1.365 24.248
1.366 23.703
1.367 22.378
1.368 22.343
1.369 23.347
1.37 23.87
1.371 23.34
1.372 22.624
1.373 21.736
1.374 20.256
1.375 19.303
1.376 20.226
1.377 21.615
1.378 21.924
1.379 21.467
1.38 20.587
1.381 19.659
1.382 19.659
1.383 20.18
1.384 19.866
1.385 18.706
1.386 18.256
1.387 18.912
1.388 19.965
1.389 20.806
1.39 21.107
1.391 20.266
1.392 18.307
1.393 17.215
1.394 17.619
1.395 17.86
1.396 17.294
1.397 16.743
1.398 16.191
1.399 15.338
1.4 15.405
1.401 16.202
1.402 16.543
1.403 17.38
1.404 18.117
1.405 17.296
1.406 16.717
1.407 17.279
1.408 16.795
1.409 15.482
1.41 14.935
1.411 15.259
1.412 15.612
1.413 15.147
1.414 14.484
1.415 14.263
1.416 13.09
1.417 12.006
1.418 13.039
1.419 15.506
1.42 16.5
1.421 14.936
1.422 13.147
1.423 13.171
1.424 15.394
1.425 18.393
1.426 18.903
1.427 16.362
1.428 14.079
1.429 13.469
1.43 14.036
1.431 14.665
1.432 14.864
1.433 14.768
1.434 14.793
1.435 15.4
1.436 16.098
1.437 15.971
1.438 15.455
1.439 15.458
1.44 14.747
1.441 13.707
1.442 14.849
1.443 16.661
1.444 16.449
1.445 14.75
1.446 13.814
1.447 14.257
1.448 15.309
1.449 16.453
1.45 17.028
1.451 16.225
1.452 14.181
1.453 12.662
1.454 13.804
1.455 15.461
1.456 14.31
1.457 12.157
1.458 12.085
1.459 14.305
1.46 17.655
1.461 19.295
1.462 17.075
1.463 13.969
1.464 13.267
1.465 14.892
1.466 16.363
1.467 14.721
1.468 11.64
1.469 11.698
1.47 14.989
1.471 17.666
1.472 18.521
1.473 18.093
1.474 16.374
1.475 14.442
1.476 14.235
1.477 16.395
1.478 18.22
1.479 17.672
1.48 16.417
1.481 14.938
1.482 14.071
1.483 15.167
1.484 15.867
1.485 14.009
1.486 12.413
1.487 13.874
1.488 16.458
1.489 18.315
1.49 18.571
1.491 17.586
1.492 16.254
1.493 14.964
1.494 14.928
1.495 16.648
1.496 17.809
1.497 16.595
1.498 15.628
1.499 16.992
1.5 17.932
1.501 17.667
1.502 18.674
1.503 18.586
1.504 15.809
1.505 14.1
1.506 15.543
1.507 17.01
1.508 15.856
1.509 14.773
1.51 15.657
1.511 17.877
1.512 19.321
1.513 16.717
1.514 13.924
1.515 14.881
1.516 17.354
1.517 19.309
1.518 20.388
1.519 19.683
1.52 16.475
1.521 15.619
1.522 19.153
1.523 20.849
1.524 18.578
1.525 16.103
1.526 16.239
1.527 18.004
1.528 17.716
1.529 15.682
1.53 15.107
1.531 16.571
1.532 18.537
1.533 18.733
1.534 17.401
1.535 17.448
1.536 18.081
1.537 18.963
1.538 21.094
1.539 21.617
1.54 18.686
1.541 17.621
1.542 19.252
1.543 19.197
1.544 18.828
1.545 19.484
1.546 19.402
1.547 18.95
1.548 18.06
1.549 17.379
1.55 16.951
1.551 16.746
1.552 16.653
1.553 17.765
1.554 19.679
1.555 19.347
1.556 19.34
1.557 20.788
1.558 20.677
1.559 19.303
1.56 16.809
1.561 14.673
1.562 15.334
1.563 17.688
1.564 20.826
1.565 21.216
1.566 19.817
1.567 19.765
1.568 19.841
1.569 20.32
1.57 19.906
1.571 18.828
1.572 17.077
1.573 16.738
1.574 19.933
1.575 20.725
1.576 18.005
1.577 17.589
1.578 20.839
1.579 22.741
1.58 22.179
1.581 19.56
1.582 19.205
1.583 20.815
1.584 23.504
1.585 24.244
1.586 21.472
1.587 19.751
1.588 18.54
1.589 18.125
1.59 18.562
1.591 19.328
1.592 21.174
1.593 23.59
1.594 23.497
1.595 21.063
1.596 18.644
1.597 16.196
1.598 19.652
1.599 24.649
1.6 21.063
1.601 16.483
1.602 18.304
1.603 21.747
1.604 21.581
1.605 19.302
1.606 18.105
1.607 20.048
1.608 22.831
1.609 22.287
1.61 19.701
1.611 18.804
1.612 20.203
1.613 22.576
1.614 23.649
1.615 22.95
1.616 21.053
1.617 21.008
1.618 20.239
1.619 18.908
1.62 20.37
1.621 23.742
1.622 24.646
1.623 22.86
1.624 20.508
1.625 21.112
1.626 23.992
1.627 22.883
1.628 21.667
1.629 22.08
1.63 23.428
1.631 24.746
1.632 23.802
1.633 19.655
1.634 20.688
1.635 25.6
1.636 23.018
1.637 19.14
1.638 20.969
1.639 24.486
1.64 21.614
1.641 17.466
1.642 18.698
1.643 22.555
1.644 21.923
1.645 19.564
1.646 19.137
1.647 22.156
1.648 26.043
1.649 25.692
1.65 23.109
1.651 24.737
1.652 23.49
1.653 20.025
1.654 17.931
1.655 24.714
1.656 28.465
1.657 22.494
1.658 19.974
1.659 24.653
1.66 24.186
1.661 19.645
1.662 19.768
1.663 25.3
1.664 26.831
1.665 21.366
1.666 19.628
1.667 24.055
1.668 24.885
1.669 21.301
1.67 21.097
1.671 20.342
1.672 21.486
1.673 23.388
1.674 22.18
1.675 26.236
1.676 27.389
1.677 23.605
1.678 25.203
1.679 27.397
1.68 21.818
1.681 19.385
1.682 23.643
1.683 26.087
1.684 21.855
1.685 31.882
1.686 30.442
1.687 21.479
1.688 16.376
1.689 24.162
1.69 33.029
1.691 32.679
1.692 28.06
1.693 34.31
1.694 23.251
1.695 10.367
1.696 14.316
1.697 25.5
1.698 35.934
1.699 14.691
1.7 37.243
