0.660 	41.783569
0.661 	46.080246
0.662 	37.462943
0.663 	40.590037
0.664 	45.864082
0.665 	40.383321
0.666 	40.857978
0.667 	38.681511
0.668 	45.151901
0.669 	43.423223
0.670 	41.647869
0.671 	40.542092
0.672 	42.488767
0.673 	44.306523
0.674 	41.594212
0.675 	37.195294
0.676 	38.655347
0.677 	42.027389
0.678 	41.794152
0.679 	37.141882
0.680 	42.205867
0.681 	41.453936
0.682 	42.070424
0.683 	41.490034
0.684 	42.933530
0.685 	38.339866
0.686 	38.401118
0.687 	41.142509
0.688 	42.811581
0.689 	41.216976
0.690 	40.150720
0.691 	39.460389
0.692 	38.270781
0.693 	37.072284
0.694 	40.898364
0.695 	43.335655
0.696 	39.799044
0.697 	38.156985
0.698 	39.439637
0.699 	40.498314
0.700 	41.036313
0.701 	43.869032
0.702 	42.100183
0.703 	38.013182
0.704 	37.216608
0.705 	39.532192
0.706 	38.466024
0.707 	39.807085
0.708 	37.323395
0.709 	36.324989
0.710 	38.844145
0.711 	41.268808
0.712 	40.580660
0.713 	39.160553
0.714 	39.843710
0.715 	41.197908
0.716 	41.062835
0.717 	38.619014
0.718 	37.565173
0.719 	39.929909
0.720 	40.398780
0.721 	38.652831
0.722 	37.308473
0.723 	37.683854
0.724 	38.385190
0.725 	39.047892
0.726 	37.440918
0.727 	37.626900
0.728 	40.246480
0.729 	40.015098
0.730 	38.535848
0.731 	38.572022
0.732 	37.540343
0.733 	36.838214
0.734 	38.268583
0.735 	39.997774
0.736 	40.626492
0.737 	39.281387
0.738 	37.004454
0.739 	36.543537
0.740 	39.171751
0.741 	39.992680
0.742 	38.834167
0.743 	37.994978
0.744 	38.261734
0.745 	39.448241
0.746 	38.413363
0.747 	36.054056
0.748 	35.797700
0.749 	36.926905
0.750 	38.371131
0.751 	38.714642
0.752 	37.734593
0.753 	36.994391
0.754 	37.666881
0.755 	38.633594
0.756 	37.995146
0.757 	37.192258
0.758 	37.210577
0.759 	38.420136
0.760 	38.666425
0.761 	36.314020
0.762 	35.942790
0.763 	37.600734
0.764 	37.883249
0.765 	36.768239
0.766 	36.158354
0.767 	36.985223
0.768 	37.768300
0.769 	37.187202
0.770 	36.786727
0.771 	37.035709
0.772 	35.807893
0.773 	34.927992
0.774 	36.226323
0.775 	38.238856
0.776 	38.196166
0.777 	36.951275
0.778 	37.270121
0.779 	37.161327
0.780 	36.379461
0.781 	36.897803
0.782 	37.404801
0.783 	37.583011
0.784 	37.167513
0.785 	35.865483
0.786 	35.216710
0.787 	36.053310
0.788 	37.440265
0.789 	38.269989
0.790 	37.973756
0.791 	36.633866
0.792 	36.069997
0.793 	36.492340
0.794 	35.918042
0.795 	35.640304
0.796 	36.726323
0.797 	36.509589
0.798 	35.875209
0.799 	35.778121
0.800 	35.658817
0.801 	36.514990
0.802 	37.489312
0.803 	36.980779
0.804 	36.310347
0.805 	36.037906
0.806 	35.549733
0.807 	35.751715
0.808 	36.604811
0.809 	36.972805
0.810 	36.672182
0.811 	36.190619
0.812 	35.728199
0.813 	35.129121
0.814 	34.663744
0.815 	34.919476
0.816 	35.444696
0.817 	35.292853
0.818 	35.476594
0.819 	36.429072
0.820 	36.727524
0.821 	36.261965
0.822 	35.393572
0.823 	34.902595
0.824 	34.987381
0.825 	35.110297
0.826 	34.594224
0.827 	34.738711
0.828 	35.689776
0.829 	36.035304
0.830 	35.903824
0.831 	35.400780
0.832 	34.969425
0.833 	35.233133
0.834 	35.410246
0.835 	34.974927
0.836 	34.947900
0.837 	35.101193
0.838 	35.122587
0.839 	35.381990
0.840 	36.134666
0.841 	36.508628
0.842 	35.986763
0.843 	35.371145
0.844 	34.514243
0.845 	33.358231
0.846 	33.718156
0.847 	35.306354
0.848 	35.603646
0.849 	34.995681
0.850 	35.393761
0.851 	36.405997
0.852 	36.353675
0.853 	35.317435
0.854 	34.246944
0.855 	33.615185
0.856 	33.877299
0.857 	34.271556
0.858 	34.114850
0.859 	34.071162
0.860 	34.560458
0.861 	35.245790
0.862 	35.458300
0.863 	35.158147
0.864 	34.929396
0.865 	34.656900
0.866 	34.292598
0.867 	34.434949
0.868 	34.795577
0.869 	34.397830
0.870 	33.920380
0.871 	34.149598
0.872 	34.556385
0.873 	34.910963
0.874 	34.879497
0.875 	34.400224
0.876 	34.074340
0.877 	34.248000
0.878 	34.860634
0.879 	35.297061
0.880 	35.400335
0.881 	35.208766
0.882 	34.667033
0.883 	34.093224
0.884 	33.561593
0.885 	33.251660
0.886 	33.310683
0.887 	33.745568
0.888 	34.491687
0.889 	35.192714
0.890 	35.276364
0.891 	34.586012
0.892 	33.090909
0.893 	32.110708
0.894 	32.673961
0.895 	34.136216
0.896 	35.004261
0.897 	34.300445
0.898 	33.137727
0.899 	32.781213
0.900 	33.290446
0.901 	34.085714
0.902 	34.661398
0.903 	34.481261
0.904 	33.680968
0.905 	32.926833
0.906 	32.474351
0.907 	32.787059
0.908 	33.593729
0.909 	34.311441
0.910 	34.896564
0.911 	35.155620
0.912 	34.433755
0.913 	33.232887
0.914 	32.275952
0.915 	32.207177
0.916 	32.934356
0.917 	33.506868
0.918 	33.255494
0.919 	32.801029
0.920 	32.591122
0.921 	32.649403
0.922 	32.746215
0.923 	32.625704
0.924 	32.537122
0.925 	32.926800
0.926 	33.243667
0.927 	32.929969
0.928 	32.679729
0.929 	33.006252
0.930 	33.468340
0.931 	33.759330
0.932 	33.780354
0.933 	33.383252
0.934 	32.623927
0.935 	32.297215
0.936 	31.908752
0.937 	31.388326
0.938 	31.487870
0.939 	32.084925
0.940 	32.729150
0.941 	33.028390
0.942 	32.763503
0.943 	32.794962
0.944 	33.139442
0.945 	33.163742
0.946 	32.149894
0.947 	31.208155
0.948 	31.229318
0.949 	31.539628
0.950 	31.786999
0.951 	30.799291
0.952 	29.988004
0.953 	30.793028
0.954 	30.840965
0.955 	30.352228
0.956 	30.361971
0.957 	30.209570
0.958 	30.346362
0.959 	30.972028
0.960 	31.837549
0.961 	32.644831
0.962 	32.386054
0.963 	30.906277
0.964 	29.722631
0.965 	29.660069
0.966 	29.743221
0.967 	29.772565
0.968 	29.775160
0.969 	29.974777
0.970 	30.741622
0.971 	30.988509
0.972 	30.087854
0.973 	29.553484
0.974 	29.694936
0.975 	29.978077
0.976 	30.163028
0.977 	30.065270
0.978 	30.124201
0.979 	30.236658
0.980 	30.275768
0.981 	29.888117
0.982 	29.724284
0.983 	29.390244
0.984 	29.362021
0.985 	29.468920
0.986 	29.029984
0.987 	28.988518
0.988 	29.684973
0.989 	29.220842
0.990 	28.626906
0.991 	29.169215
0.992 	29.648602
0.993 	29.420102
0.994 	29.121281
0.995 	28.753819
0.996 	29.052776
0.997 	29.075159
0.998 	28.713388
0.999 	28.891318
1.000 	29.231827
1.001 	29.985835
1.002 	30.071889
1.003 	29.019992
1.004 	28.224637
1.005 	28.353038
1.006 	28.910377
1.007 	29.347875
1.008 	29.373094
1.009 	29.019430
1.010 	28.789794
1.011 	29.026943
1.012 	29.250860
1.013 	29.236450
1.014 	28.611545
1.015 	28.637800
1.016 	29.207404
1.017 	29.670706
1.018 	29.854711
1.019 	29.856926
1.020 	29.416380
1.021 	28.267207
1.022 	27.762867
1.023 	28.284405
1.024 	28.672127
1.025 	28.750389
1.026 	29.574313
1.027 	29.837034
1.028 	28.966167
1.029 	29.031425
1.030 	29.462896
1.031 	29.470187
1.032 	29.164409
1.033 	28.868991
1.034 	28.357659
1.035 	27.925323
1.036 	28.410370
1.037 	29.361005
1.038 	30.058518
1.039 	30.343213
1.040 	30.126793
1.041 	29.108406
1.042 	28.730609
1.043 	28.950951
1.044 	28.894424
1.045 	28.979193
1.046 	28.838571
1.047 	28.709636
1.048 	28.857810
1.049 	28.885457
1.050 	28.726563
1.051 	29.059182
1.052 	29.754835
1.053 	30.090636
1.054 	29.756614
1.055 	29.180309
1.056 	29.390435
1.057 	29.354324
1.058 	28.392825
1.059 	28.129820
1.060 	28.867735
1.061 	29.500685
1.062 	30.043698
1.063 	30.260893
1.064 	29.880151
1.065 	29.471331
1.066 	29.112590
1.067 	28.386912
1.068 	28.519657
1.069 	29.455422
1.070 	29.742060
1.071 	29.125095
1.072 	28.433336
1.073 	28.422805
1.074 	28.814707
1.075 	29.569535
1.076 	30.043298
1.077 	29.860830
1.078 	29.855859
1.079 	29.894536
1.080 	29.307478
1.081 	28.542355
1.082 	28.305086
1.083 	28.504607
1.084 	28.857499
1.085 	29.409681
1.086 	30.105105
1.087 	30.584445
1.088 	30.615298
1.089 	29.939863
1.090 	28.731360
1.091 	27.997952
1.092 	28.355525
1.093 	28.932236
1.094 	28.826864
1.095 	28.431639
1.096 	28.665703
1.097 	29.547322
1.098 	29.903772
1.099 	29.568253
1.100 	28.855642
1.101 	28.018878
1.102 	27.924206
1.103 	28.573324
1.104 	29.068373
1.105 	29.089453
1.106 	29.005709
1.107 	29.188817
1.108 	29.634439
1.109 	29.780590
1.110 	29.237705
1.111 	28.770226
1.112 	28.600773
1.113 	28.611563
1.114 	29.008585
1.115 	29.084230
1.116 	28.725886
1.117 	28.900216
1.118 	29.424461
1.119 	29.770467
1.120 	30.272066
1.121 	30.330991
1.122 	29.194656
1.123 	28.180623
1.124 	28.061049
1.125 	28.255614
1.126 	28.548584
1.127 	28.370306
1.128 	27.493541
1.129 	26.508067
1.130 	26.163390
1.131 	26.554288
1.132 	26.855029
1.133 	27.042201
1.134 	27.594217
1.135 	28.361611
1.136 	28.744908
1.137 	28.717406
1.138 	28.165608
1.139 	27.432657
1.140 	27.192603
1.141 	27.374146
1.142 	27.788346
1.143 	27.688232
1.144 	26.934835
1.145 	26.423933
1.146 	26.233670
1.147 	25.893054
1.148 	25.687822
1.149 	25.829298
1.150 	25.697363
1.151 	25.185400
1.152 	25.242288
1.153 	25.891479
1.154 	26.308915
1.155 	26.467042
1.156 	26.366055
1.157 	26.047198
1.158 	25.456795
1.159 	24.724177
1.160 	24.160272
1.161 	23.820994
1.162 	23.890555
1.163 	24.397539
1.164 	24.887078
1.165 	24.967532
1.166 	25.187687
1.167 	25.922234
1.168 	26.293851
1.169 	25.770565
1.170 	24.997034
1.171 	24.743643
1.172 	25.128252
1.173 	25.596569
1.174 	25.700820
1.175 	25.251040
1.176 	24.680695
1.177 	24.737568
1.178 	25.090378
1.179 	25.144345
1.180 	25.093263
1.181 	24.836262
1.182 	24.113029
1.183 	23.421618
1.184 	23.687855
1.185 	24.791811
1.186 	25.785251
1.187 	26.284849
1.188 	26.287361
1.189 	25.370888
1.190 	24.166663
1.191 	23.727271
1.192 	24.091549
1.193 	24.152325
1.194 	23.686198
1.195 	23.468972
1.196 	23.669564
1.197 	23.993414
1.198 	24.260745
1.199 	24.335385
1.200 	24.201360
1.201 	24.345787
1.202 	24.726912
1.203 	24.579095
1.204 	24.107432
1.205 	24.165626
1.206 	24.323928
1.207 	24.116768
1.208 	24.264047
1.209 	24.914178
1.210 	25.353455
1.211 	25.491765
1.212 	25.462980
1.213 	25.427221
1.214 	25.190834
1.215 	24.682150
1.216 	24.068872
1.217 	23.395369
1.218 	23.117907
1.219 	23.566702
1.220 	24.412317
1.221 	25.107578
1.222 	25.517707
1.223 	25.853688
1.224 	26.086800
1.225 	25.977116
1.226 	25.440830
1.227 	24.717438
1.228 	24.411656
1.229 	24.761533
1.230 	25.124664
1.231 	24.889024
1.232 	24.403382
1.233 	24.093052
1.234 	24.195243
1.235 	24.797641
1.236 	25.217219
1.237 	25.178541
1.238 	25.379762
1.239 	26.165823
1.240 	27.102285
1.241 	27.420083
1.242 	27.036808
1.243 	26.294909
1.244 	25.471046
1.245 	24.941555
1.246 	25.218738
1.247 	25.654694
1.248 	25.714049
1.249 	25.331730
1.250 	24.767352
1.251 	24.456308
1.252 	24.716835
1.253 	25.099865
1.254 	25.242866
1.255 	25.203783
1.256 	25.254445
1.257 	25.835640
1.258 	26.460485
1.259 	26.783578
1.260 	26.930466
1.261 	26.574239
1.262 	25.847882
1.263 	25.667383
1.264 	25.992589
1.265 	26.338319
1.266 	26.347222
1.267 	25.780044
1.268 	25.108595
1.269 	25.185743
1.270 	25.816068
1.271 	25.555598
1.272 	24.418587
1.273 	24.221031
1.274 	25.521406
1.275 	26.943237
1.276 	27.159724
1.277 	26.641411
1.278 	26.115872
1.279 	26.175423
1.280 	26.586775
1.281 	26.471724
1.282 	25.359141
1.283 	24.257380
1.284 	24.170169
1.285 	24.194478
1.286 	23.994251
1.287 	24.350966
1.288 	25.110507
1.289 	25.635024
1.290 	25.581579
1.291 	25.343713
1.292 	25.230882
1.293 	25.297333
1.294 	25.445693
1.295 	25.587964
1.296 	25.536789
1.297 	25.422676
1.298 	25.945429
1.299 	26.643940
1.300 	26.375376
1.301 	25.110505
1.302 	23.852644
1.303 	23.254123
1.304 	23.518417
1.305 	24.166122
1.306 	24.752978
1.307 	25.278737
1.308 	25.425233
1.309 	25.114889
1.310 	24.649592
1.311 	24.058064
1.312 	23.600290
1.313 	23.556695
1.314 	23.706523
1.315 	23.631596
1.316 	23.470709
1.317 	23.551821
1.318 	23.909693
1.319 	24.269153
1.320 	24.110371
1.321 	23.393036
1.322 	22.464339
1.323 	22.137882
1.324 	22.474169
1.325 	22.892694
1.326 	23.431688
1.327 	24.370889
1.328 	24.992737
1.329 	24.610181
1.330 	23.800361
1.331 	23.410552
1.332 	23.242625
1.333 	22.878237
1.334 	22.326504
1.335 	22.125786
1.336 	22.472007
1.337 	22.725796
1.338 	23.131684
1.339 	23.740028
1.340 	23.604171
1.341 	22.888448
1.342 	22.390488
1.343 	21.851991
1.344 	21.368891
1.345 	21.049751
1.346 	20.801331
1.347 	21.150701
1.348 	21.896225
1.349 	22.211001
1.350 	21.698436
1.351 	20.449149
1.352 	19.753267
1.353 	20.854599
1.354 	23.011471
1.355 	23.985805
1.356 	22.978787
1.357 	21.389411
1.358 	21.103226
1.359 	21.470488
1.360 	20.842159
1.361 	19.767115
1.362 	19.831211
1.363 	21.159369
1.364 	22.272717
1.365 	21.845716
1.366 	20.513540
1.367 	20.042091
1.368 	21.057740
1.369 	22.021598
1.370 	21.823301
1.371 	20.592479
1.372 	19.144868
1.373 	18.839300
1.374 	19.554584
1.375 	20.414732
1.376 	20.895813
1.377 	20.534082
1.378 	19.169892
1.379 	18.138659
1.380 	17.903659
1.381 	17.893974
1.382 	18.040030
1.383 	17.894150
1.384 	17.256849
1.385 	16.709880
1.386 	16.466023
1.387 	16.404981
1.388 	16.346753
1.389 	16.338516
1.390 	16.638312
1.391 	17.252234
1.392 	17.991738
1.393 	18.115819
1.394 	17.284938
1.395 	16.443458
1.396 	16.443590
1.397 	16.937992
1.398 	17.114760
1.399 	16.837617
1.400 	16.804492
1.401 	16.890140
1.402 	16.568646
1.403 	15.658295
1.404 	14.531639
1.405 	13.788758
1.406 	13.621490
1.407 	13.816256
1.408 	14.842735
1.409 	16.320509
1.410 	17.285380
1.411 	17.268037
1.412 	16.412093
1.413 	15.703178
1.414 	16.114849
1.415 	16.939578
1.416 	16.536638
1.417 	15.064142
1.418 	14.284712
1.419 	14.898678
1.420 	16.339458
1.421 	17.235138
1.422 	17.045599
1.423 	16.245515
1.424 	15.385203
1.425 	15.041426
1.426 	15.408470
1.427 	15.711165
1.428 	15.594360
1.429 	15.723292
1.430 	16.412858
1.431 	17.031260
1.432 	16.508009
1.433 	15.059179
1.434 	14.087697
1.435 	14.178759
1.436 	14.796059
1.437 	15.597017
1.438 	16.505736
1.439 	16.380822
1.440 	15.106787
1.441 	14.012980
1.442 	14.311570
1.443 	15.826299
1.444 	16.888390
1.445 	16.846027
1.446 	16.038060
1.447 	15.718739
1.448 	16.318518
1.449 	16.616346
1.450 	16.056390
1.451 	15.257970
1.452 	15.431486
1.453 	16.810428
1.454 	17.717444
1.455 	17.050266
1.456 	15.758023
1.457 	15.231290
1.458 	15.666584
1.459 	16.077838
1.460 	15.636706
1.461 	15.435044
1.462 	16.404848
1.463 	17.394842
1.464 	17.405502
1.465 	16.768989
1.466 	16.035666
1.467 	15.743650
1.468 	15.715888
1.469 	15.200094
1.470 	14.699064
1.471 	15.651284
1.472 	17.259003
1.473 	17.423694
1.474 	16.892492
1.475 	16.623936
1.476 	15.888625
1.477 	14.310630
1.478 	12.667307
1.479 	12.694049
1.480 	14.816883
1.481 	17.595320
1.482 	19.451573
1.483 	18.756471
1.484 	16.405782
1.485 	15.525964
1.486 	16.497023
1.487 	17.586559
1.488 	17.541620
1.489 	16.508853
1.490 	16.003765
1.491 	16.201324
1.492 	16.378911
1.493 	17.286923
1.494 	17.814170
1.495 	16.596519
1.496 	15.101446
1.497 	15.135990
1.498 	16.656377
1.499 	17.434548
1.500 	16.804815
1.501 	15.634758
1.502 	14.479950
1.503 	14.319383
1.504 	16.108916
1.505 	18.723536
1.506 	19.505167
1.507 	17.812986
1.508 	16.261712
1.509 	16.701904
1.510 	17.534257
1.511 	17.171307
1.512 	16.775430
1.513 	17.338593
1.514 	17.730566
1.515 	17.162930
1.516 	16.176385
1.517 	15.325442
1.518 	14.052078
1.519 	13.437447
1.520 	15.553260
1.521 	18.389577
1.522 	18.229098
1.523 	17.059009
1.524 	17.898389
1.525 	19.433882
1.526 	19.865502
1.527 	18.906896
1.528 	17.656157
1.529 	16.928366
1.530 	16.624997
1.531 	17.532959
1.532 	18.872544
1.533 	18.536741
1.534 	18.293451
1.535 	18.931410
1.536 	18.525415
1.537 	18.046286
1.538 	18.488233
1.539 	19.286090
1.540 	19.860487
1.541 	19.036432
1.542 	17.362818
1.543 	16.512749
1.544 	17.366398
1.545 	19.034812
1.546 	18.612713
1.547 	17.148614
1.548 	17.794654
1.549 	18.987397
1.550 	18.013832
1.551 	16.544540
1.552 	16.820249
1.553 	17.774696
1.554 	18.415714
1.555 	19.699900
1.556 	20.391089
1.557 	19.018774
1.558 	16.720748
1.559 	16.240803
1.560 	18.076771
1.561 	18.435424
1.562 	17.833673
1.563 	19.079958
1.564 	19.266484
1.565 	18.866066
1.566 	19.745886
1.567 	20.158674
1.568 	20.429288
1.569 	20.678328
1.570 	19.807991
1.571 	17.929714
1.572 	17.849246
1.573 	18.928007
1.574 	19.008828
1.575 	18.947525
1.576 	19.834785
1.577 	21.105543
1.578 	21.262545
1.579 	19.364450
1.580 	16.299712
1.581 	15.179925
1.582 	16.630013
1.583 	18.181609
1.584 	18.546376
1.585 	18.761080
1.586 	19.447103
1.587 	19.105121
1.588 	18.769112
1.589 	19.516338
1.590 	19.612281
1.591 	19.249634
1.592 	20.000746
1.593 	20.583560
1.594 	20.112679
1.595 	20.146838
1.596 	20.636801
1.597 	20.054890
1.598 	17.208360
1.599 	15.529401
1.600 	17.227298
1.601 	20.750512
1.602 	21.284343
1.603 	20.835153
1.604 	21.900750
1.605 	22.024544
1.606 	20.756502
1.607 	18.841298
1.608 	18.344297
1.609 	18.449554
1.610 	20.011288
1.611 	21.360328
1.612 	19.542904
1.613 	18.952442
1.614 	21.089988
1.615 	20.655206
1.616 	19.429306
1.617 	21.082143
1.618 	20.599907
1.619 	20.200829
1.620 	20.005453
1.621 	20.784557
1.622 	21.139418
1.623 	20.296561
1.624 	18.314051
1.625 	19.504464
1.626 	22.380080
1.627 	21.991019
1.628 	20.291116
1.629 	20.572382
1.630 	19.751210
1.631 	18.470016
1.632 	18.984994
1.633 	19.962855
1.634 	20.303231
1.635 	20.263531
1.636 	19.538320
1.637 	20.777484
1.638 	21.102249
1.639 	14.964009
1.640 	12.293026
1.641 	18.655498
1.642 	22.651587
1.643 	23.441616
1.644 	20.205448
1.645 	17.526332
1.646 	21.331607
1.647 	24.229299
1.648 	24.339011
1.649 	23.584455
1.650 	20.520479
1.651 	19.168005
1.652 	19.812378
1.653 	17.791602
1.654 	15.808645
1.655 	17.856830
1.656 	22.966082
1.657 	23.508013
1.658 	20.190473
1.659 	21.063213
1.660 	21.745120
1.661 	21.934800
1.662 	26.771360
1.663 	26.295737
1.664 	19.073154
1.665 	16.246207
1.666 	18.091008
1.667 	21.894194
1.668 	20.136447
1.669 	18.086495
1.670 	20.371896
1.671 	20.642846
1.672 	16.942081
1.673 	16.233374
1.674 	18.444666
1.675 	21.509940
1.676 	21.180661
1.677 	21.508478
1.678 	26.281407
1.679 	25.600958
1.680 	26.755960
1.681 	18.594535
1.682 	9.913790
1.683 	14.697385
1.684 	14.139485
1.685 	13.987621
1.686 	19.266221
1.687 	27.305548
1.688 	19.410245
1.689 	13.260173
1.690 	24.057072
1.691 	18.708951
1.692 	22.804773
1.693 	27.266025
1.694 	26.300195
1.695 	28.003082
1.696 	16.223565
1.697 	22.247481
1.698 	27.515503
1.699 	13.837183
1.700 	21.435559
