0.660 	32.358443
0.661 	28.765556
0.662 	35.995063
0.663 	31.451338
0.664 	34.404778
0.665 	23.568001
0.666 	35.251451
0.667 	30.555419
0.668 	33.151706
0.669 	31.622372
0.670 	29.785059
0.671 	32.048899
0.672 	31.928512
0.673 	26.459383
0.674 	33.066077
0.675 	29.604015
0.676 	32.147039
0.677 	36.338046
0.678 	32.382592
0.679 	30.509699
0.680 	27.805452
0.681 	29.950217
0.682 	33.930755
0.683 	29.107720
0.684 	27.151612
0.685 	32.357703
0.686 	34.309394
0.687 	30.285622
0.688 	34.250354
0.689 	33.276178
0.690 	28.100746
0.691 	29.402846
0.692 	28.984271
0.693 	33.216238
0.694 	34.751632
0.695 	29.690754
0.696 	31.133755
0.697 	33.721715
0.698 	33.320140
0.699 	29.296572
0.700 	31.483725
0.701 	32.881251
0.702 	34.456921
0.703 	30.068660
0.704 	29.889461
0.705 	31.681292
0.706 	31.623794
0.707 	31.395649
0.708 	32.366744
0.709 	30.631706
0.710 	34.291760
0.711 	34.853434
0.712 	30.457368
0.713 	32.820511
0.714 	35.450462
0.715 	33.696310
0.716 	34.825518
0.717 	30.891192
0.718 	30.276793
0.719 	29.432224
0.720 	30.050262
0.721 	32.373111
0.722 	32.885375
0.723 	32.342709
0.724 	31.554638
0.725 	30.075833
0.726 	31.121970
0.727 	33.127808
0.728 	33.691310
0.729 	31.893593
0.730 	31.119210
0.731 	31.263303
0.732 	32.519819
0.733 	31.980379
0.734 	29.856426
0.735 	31.249694
0.736 	33.276627
0.737 	33.611574
0.738 	32.777323
0.739 	32.063486
0.740 	31.255997
0.741 	31.158591
0.742 	31.778589
0.743 	32.240308
0.744 	32.102147
0.745 	33.009307
0.746 	32.406249
0.747 	31.569483
0.748 	31.332925
0.749 	31.204802
0.750 	32.792413
0.751 	32.680782
0.752 	32.608834
0.753 	31.659222
0.754 	29.619277
0.755 	30.741143
0.756 	30.705749
0.757 	29.843016
0.758 	30.913903
0.759 	31.524662
0.760 	30.791318
0.761 	31.015236
0.762 	32.408756
0.763 	32.471923
0.764 	32.218621
0.765 	32.356460
0.766 	33.272516
0.767 	31.867500
0.768 	31.119035
0.769 	33.021729
0.770 	33.107211
0.771 	32.061432
0.772 	30.686202
0.773 	31.075382
0.774 	30.926682
0.775 	30.338601
0.776 	29.993885
0.777 	29.151082
0.778 	30.248958
0.779 	31.997061
0.780 	31.839486
0.781 	31.554504
0.782 	32.039499
0.783 	32.453219
0.784 	31.710302
0.785 	30.640422
0.786 	30.735466
0.787 	31.837981
0.788 	33.154895
0.789 	32.577635
0.790 	30.447672
0.791 	30.446619
0.792 	31.606191
0.793 	31.399097
0.794 	30.960064
0.795 	31.348011
0.796 	31.661692
0.797 	31.897106
0.798 	32.193917
0.799 	30.661492
0.800 	30.159924
0.801 	31.171311
0.802 	31.008138
0.803 	30.206149
0.804 	30.981208
0.805 	32.961163
0.806 	33.166389
0.807 	31.458909
0.808 	30.511143
0.809 	30.070860
0.810 	30.826929
0.811 	30.756838
0.812 	30.010872
0.813 	30.281260
0.814 	30.860111
0.815 	31.055234
0.816 	31.075184
0.817 	30.169798
0.818 	29.467310
0.819 	30.170094
0.820 	31.130711
0.821 	31.748497
0.822 	30.963527
0.823 	29.725880
0.824 	28.883452
0.825 	28.947880
0.826 	30.116116
0.827 	30.714785
0.828 	31.045386
0.829 	32.067343
0.830 	32.010699
0.831 	31.536579
0.832 	31.592815
0.833 	30.989514
0.834 	30.202834
0.835 	30.763279
0.836 	31.405852
0.837 	30.903734
0.838 	29.840918
0.839 	29.266478
0.840 	29.815564
0.841 	30.247948
0.842 	30.205286
0.843 	30.521411
0.844 	30.659103
0.845 	30.478230
0.846 	30.538883
0.847 	30.679219
0.848 	30.644898
0.849 	30.475724
0.850 	30.454432
0.851 	29.852099
0.852 	28.958486
0.853 	28.691695
0.854 	29.271759
0.855 	30.304752
0.856 	30.765712
0.857 	30.133792
0.858 	29.499478
0.859 	29.931953
0.860 	30.604381
0.861 	30.467386
0.862 	30.453146
0.863 	31.048829
0.864 	31.075059
0.865 	30.142150
0.866 	29.180779
0.867 	28.896037
0.868 	29.224292
0.869 	29.757991
0.870 	30.683673
0.871 	31.426287
0.872 	30.615769
0.873 	29.282942
0.874 	29.108673
0.875 	29.507107
0.876 	29.892504
0.877 	29.992536
0.878 	29.791037
0.879 	29.861242
0.880 	29.821575
0.881 	29.584944
0.882 	29.549562
0.883 	29.817241
0.884 	30.356289
0.885 	30.589979
0.886 	30.412483
0.887 	29.806039
0.888 	28.957046
0.889 	28.780331
0.890 	28.838835
0.891 	28.677132
0.892 	28.542829
0.893 	28.503088
0.894 	28.720117
0.895 	29.319100
0.896 	30.415539
0.897 	31.153293
0.898 	31.102579
0.899 	30.796897
0.900 	30.302517
0.901 	29.603865
0.902 	28.885618
0.903 	28.358720
0.904 	28.165830
0.905 	28.062310
0.906 	28.303492
0.907 	29.059028
0.908 	29.419564
0.909 	28.952909
0.910 	28.394000
0.911 	28.427325
0.912 	29.287314
0.913 	30.219371
0.914 	29.899218
0.915 	28.749184
0.916 	28.350210
0.917 	28.425973
0.918 	28.015817
0.919 	27.865678
0.920 	28.500374
0.921 	29.042588
0.922 	29.382095
0.923 	29.663376
0.924 	29.696170
0.925 	29.499445
0.926 	28.853767
0.927 	28.154686
0.928 	27.893779
0.929 	28.130901
0.930 	28.391465
0.931 	28.278171
0.932 	27.953139
0.933 	27.876065
0.934 	27.990482
0.935 	27.952599
0.936 	28.146307
0.937 	28.092593
0.938 	28.165847
0.939 	28.630367
0.940 	28.714633
0.941 	28.169692
0.942 	27.661184
0.943 	27.829166
0.944 	28.135902
0.945 	27.558702
0.946 	27.905999
0.947 	28.766399
0.948 	28.691481
0.949 	28.058933
0.950 	27.582671
0.951 	27.787165
0.952 	27.699219
0.953 	27.844199
0.954 	27.683542
0.955 	27.248859
0.956 	27.378592
0.957 	27.082955
0.958 	27.697671
0.959 	27.947399
0.960 	27.475886
0.961 	27.375569
0.962 	27.497963
0.963 	27.353379
0.964 	26.728715
0.965 	26.589388
0.966 	27.209206
0.967 	27.147779
0.968 	26.861218
0.969 	26.820164
0.970 	26.416611
0.971 	26.311061
0.972 	26.726056
0.973 	26.696020
0.974 	26.824952
0.975 	27.670007
0.976 	27.743142
0.977 	26.394326
0.978 	26.088320
0.979 	26.344397
0.980 	26.097438
0.981 	26.089858
0.982 	26.506270
0.983 	26.706504
0.984 	25.826195
0.985 	25.609432
0.986 	26.480307
0.987 	26.917554
0.988 	26.660282
0.989 	26.714279
0.990 	27.268994
0.991 	27.566427
0.992 	27.572666
0.993 	27.443563
0.994 	27.189731
0.995 	26.296594
0.996 	26.249192
0.997 	26.883389
0.998 	26.200779
0.999 	25.836396
1.000 	26.697530
1.001 	26.885502
1.002 	26.287453
1.003 	26.491733
1.004 	27.669555
1.005 	27.239900
1.006 	25.868535
1.007 	26.258870
1.008 	27.148266
1.009 	27.318781
1.010 	27.428008
1.011 	26.721721
1.012 	26.174746
1.013 	26.136694
1.014 	26.231528
1.015 	27.097452
1.016 	27.628873
1.017 	27.576099
1.018 	26.811224
1.019 	26.481306
1.020 	27.271395
1.021 	28.288521
1.022 	28.170747
1.023 	26.939362
1.024 	25.721950
1.025 	25.614312
1.026 	27.127305
1.027 	28.552310
1.028 	28.377522
1.029 	27.196119
1.030 	26.470249
1.031 	26.569699
1.032 	26.891368
1.033 	26.764908
1.034 	26.562721
1.035 	26.731264
1.036 	27.410203
1.037 	27.733068
1.038 	27.652106
1.039 	27.302002
1.040 	26.682170
1.041 	26.480596
1.042 	27.051809
1.043 	27.901702
1.044 	28.309717
1.045 	27.799798
1.046 	27.304704
1.047 	27.631419
1.048 	27.706425
1.049 	27.397047
1.050 	27.448824
1.051 	27.769900
1.052 	28.560380
1.053 	29.111111
1.054 	28.851869
1.055 	27.758900
1.056 	26.673752
1.057 	26.932629
1.058 	27.780821
1.059 	27.790454
1.060 	27.563611
1.061 	28.103079
1.062 	28.734198
1.063 	28.682024
1.064 	27.848102
1.065 	27.077385
1.066 	27.154974
1.067 	27.074834
1.068 	27.346309
1.069 	28.005780
1.070 	28.074064
1.071 	27.684423
1.072 	27.154915
1.073 	27.235581
1.074 	27.538965
1.075 	27.343902
1.076 	27.208065
1.077 	27.820449
1.078 	28.758170
1.079 	28.751997
1.080 	27.433335
1.081 	26.410156
1.082 	27.127008
1.083 	27.980194
1.084 	27.784863
1.085 	27.430536
1.086 	27.456436
1.087 	27.578977
1.088 	27.636037
1.089 	27.765803
1.090 	27.690436
1.091 	27.567946
1.092 	28.342520
1.093 	29.220459
1.094 	29.107514
1.095 	28.546518
1.096 	28.014365
1.097 	27.607460
1.098 	27.178624
1.099 	26.556837
1.100 	26.392585
1.101 	26.925105
1.102 	27.562608
1.103 	28.144029
1.104 	28.347371
1.105 	27.937950
1.106 	27.373809
1.107 	27.555674
1.108 	28.507428
1.109 	28.406912
1.110 	26.903099
1.111 	25.643770
1.112 	25.510811
1.113 	26.695481
1.114 	27.840158
1.115 	27.740650
1.116 	27.213463
1.117 	27.259572
1.118 	27.435263
1.119 	27.056282
1.120 	26.928197
1.121 	27.559722
1.122 	28.174212
1.123 	28.182491
1.124 	27.907609
1.125 	27.609237
1.126 	27.171593
1.127 	26.940903
1.128 	26.525238
1.129 	26.363859
1.130 	26.669023
1.131 	26.553237
1.132 	26.301543
1.133 	26.421627
1.134 	26.330030
1.135 	26.115691
1.136 	26.510471
1.137 	27.024170
1.138 	26.765092
1.139 	26.291332
1.140 	26.205937
1.141 	25.924786
1.142 	25.040549
1.143 	24.733645
1.144 	25.605347
1.145 	25.703137
1.146 	24.918764
1.147 	24.776009
1.148 	24.469715
1.149 	23.597789
1.150 	23.605284
1.151 	24.584751
1.152 	25.080871
1.153 	24.459303
1.154 	23.753539
1.155 	23.682115
1.156 	23.701283
1.157 	23.656320
1.158 	23.370833
1.159 	22.797428
1.160 	22.964862
1.161 	23.899125
1.162 	24.596835
1.163 	24.613814
1.164 	24.046684
1.165 	23.132969
1.166 	22.482074
1.167 	22.803118
1.168 	23.461264
1.169 	23.622933
1.170 	23.465337
1.171 	22.999127
1.172 	22.346309
1.173 	22.005258
1.174 	22.046513
1.175 	22.103651
1.176 	21.870343
1.177 	21.638532
1.178 	21.962513
1.179 	22.400780
1.180 	22.417780
1.181 	22.448631
1.182 	22.490466
1.183 	22.322280
1.184 	21.908042
1.185 	21.557553
1.186 	21.716129
1.187 	22.525328
1.188 	23.084769
1.189 	22.470552
1.190 	21.614896
1.191 	21.818554
1.192 	22.636958
1.193 	23.009500
1.194 	23.052714
1.195 	23.114530
1.196 	22.710238
1.197 	21.815147
1.198 	21.116424
1.199 	20.706564
1.200 	20.692770
1.201 	21.381770
1.202 	22.128529
1.203 	22.413828
1.204 	22.050112
1.205 	21.237424
1.206 	20.613633
1.207 	20.750199
1.208 	21.469546
1.209 	21.831242
1.210 	21.779887
1.211 	21.762721
1.212 	21.565908
1.213 	21.183115
1.214 	20.975619
1.215 	20.976894
1.216 	21.410029
1.217 	22.254112
1.218 	22.593564
1.219 	22.397873
1.220 	22.535319
1.221 	22.936578
1.222 	22.690021
1.223 	21.879737
1.224 	21.635322
1.225 	22.303130
1.226 	22.926970
1.227 	22.846037
1.228 	22.675705
1.229 	22.954195
1.230 	23.260514
1.231 	23.156873
1.232 	22.928102
1.233 	22.592045
1.234 	22.104973
1.235 	21.787701
1.236 	21.890356
1.237 	22.262486
1.238 	22.623288
1.239 	22.923279
1.240 	23.005280
1.241 	22.721190
1.242 	22.579197
1.243 	22.622461
1.244 	22.429093
1.245 	22.378762
1.246 	22.881624
1.247 	23.248621
1.248 	23.003081
1.249 	23.074078
1.250 	24.016929
1.251 	25.035573
1.252 	25.155003
1.253 	24.219086
1.254 	22.757299
1.255 	21.859228
1.256 	21.948995
1.257 	22.737832
1.258 	23.222238
1.259 	23.478925
1.260 	24.093008
1.261 	24.469434
1.262 	24.228883
1.263 	23.889610
1.264 	23.963270
1.265 	23.943185
1.266 	23.036427
1.267 	21.892728
1.268 	21.722148
1.269 	22.424066
1.270 	22.975704
1.271 	23.231143
1.272 	23.516714
1.273 	23.724641
1.274 	23.819191
1.275 	23.560702
1.276 	23.010437
1.277 	23.130115
1.278 	24.092056
1.279 	24.476944
1.280 	23.831030
1.281 	23.173056
1.282 	22.919181
1.283 	22.671993
1.284 	22.207895
1.285 	21.874223
1.286 	22.319951
1.287 	23.154408
1.288 	23.303172
1.289 	22.914804
1.290 	22.460209
1.291 	22.257843
1.292 	22.792995
1.293 	23.243012
1.294 	22.922740
1.295 	22.773088
1.296 	23.114286
1.297 	23.398500
1.298 	23.266912
1.299 	22.955860
1.300 	22.779011
1.301 	22.499366
1.302 	22.727587
1.303 	23.487744
1.304 	23.137316
1.305 	21.168300
1.306 	19.329263
1.307 	19.838626
1.308 	21.818781
1.309 	23.140547
1.310 	23.126073
1.311 	22.440120
1.312 	21.475060
1.313 	20.967554
1.314 	21.749494
1.315 	22.653584
1.316 	22.189876
1.317 	21.108106
1.318 	20.737599
1.319 	20.853360
1.320 	20.963825
1.321 	20.861754
1.322 	20.317870
1.323 	19.651925
1.324 	19.915574
1.325 	21.157587
1.326 	22.117864
1.327 	21.686547
1.328 	20.221003
1.329 	19.246938
1.330 	19.499544
1.331 	20.393133
1.332 	20.970536
1.333 	21.097794
1.334 	21.422961
1.335 	21.765291
1.336 	21.306407
1.337 	20.460232
1.338 	20.020023
1.339 	20.067921
1.340 	19.968035
1.341 	19.382853
1.342 	18.545186
1.343 	18.286185
1.344 	19.098235
1.345 	19.952676
1.346 	19.946906
1.347 	19.622454
1.348 	19.591833
1.349 	19.413525
1.350 	18.695199
1.351 	18.245394
1.352 	18.727626
1.353 	19.361235
1.354 	19.263366
1.355 	18.785239
1.356 	18.492551
1.357 	18.319076
1.358 	18.156745
1.359 	17.809501
1.360 	17.352023
1.361 	17.299788
1.362 	17.799816
1.363 	18.451061
1.364 	18.962375
1.365 	19.459237
1.366 	19.710408
1.367 	19.283649
1.368 	18.376117
1.369 	17.368826
1.370 	16.650313
1.371 	15.911130
1.372 	15.408672
1.373 	15.877525
1.374 	16.740141
1.375 	17.216091
1.376 	17.134907
1.377 	16.820944
1.378 	16.550560
1.379 	15.800602
1.380 	14.817719
1.381 	14.405079
1.382 	14.181362
1.383 	14.448601
1.384 	15.360248
1.385 	15.866410
1.386 	15.394441
1.387 	14.279849
1.388 	13.868747
1.389 	14.110010
1.390 	13.841078
1.391 	13.521905
1.392 	13.696881
1.393 	13.622969
1.394 	13.465424
1.395 	13.209998
1.396 	12.530051
1.397 	11.872488
1.398 	11.749343
1.399 	12.381863
1.400 	12.443884
1.401 	11.453022
1.402 	10.649247
1.403 	10.850091
1.404 	11.968800
1.405 	13.216982
1.406 	13.857207
1.407 	13.427787
1.408 	12.137104
1.409 	11.159202
1.410 	11.560666
1.411 	12.748895
1.412 	13.202350
1.413 	12.509379
1.414 	11.803303
1.415 	11.598200
1.416 	11.501799
1.417 	11.548294
1.418 	12.034301
1.419 	12.074434
1.420 	11.187473
1.421 	11.153163
1.422 	11.962045
1.423 	12.097998
1.424 	11.677357
1.425 	11.443185
1.426 	11.622179
1.427 	11.807343
1.428 	12.099949
1.429 	12.832821
1.430 	13.064353
1.431 	11.980805
1.432 	10.270609
1.433 	9.609950
1.434 	10.804025
1.435 	12.635646
1.436 	13.589054
1.437 	12.834584
1.438 	12.006880
1.439 	12.322954
1.440 	12.119080
1.441 	10.701935
1.442 	9.855721
1.443 	10.249264
1.444 	10.801359
1.445 	11.045036
1.446 	11.098297
1.447 	11.601981
1.448 	12.393053
1.449 	12.011373
1.450 	10.199830
1.451 	9.333391
1.452 	10.895021
1.453 	12.419502
1.454 	12.191974
1.455 	11.431791
1.456 	11.327675
1.457 	12.005090
1.458 	12.547150
1.459 	12.216299
1.460 	12.247684
1.461 	12.836854
1.462 	12.478425
1.463 	11.594666
1.464 	11.373300
1.465 	11.392607
1.466 	11.749855
1.467 	12.337728
1.468 	12.257772
1.469 	11.512927
1.470 	10.825758
1.471 	11.063444
1.472 	11.932339
1.473 	12.239447
1.474 	11.674546
1.475 	11.184470
1.476 	11.163466
1.477 	10.959468
1.478 	10.591367
1.479 	10.711498
1.480 	11.201987
1.481 	11.707677
1.482 	12.374816
1.483 	13.374205
1.484 	13.786393
1.485 	12.716716
1.486 	11.740432
1.487 	11.762069
1.488 	11.315620
1.489 	9.924308
1.490 	10.226659
1.491 	12.135845
1.492 	13.404343
1.493 	14.227485
1.494 	14.096611
1.495 	12.345744
1.496 	11.543670
1.497 	13.224307
1.498 	15.031182
1.499 	15.311473
1.500 	14.646002
1.501 	13.345328
1.502 	11.826859
1.503 	10.803401
1.504 	10.650716
1.505 	11.645036
1.506 	12.507766
1.507 	12.289470
1.508 	12.994832
1.509 	14.489609
1.510 	14.553615
1.511 	13.755412
1.512 	13.466539
1.513 	13.780724
1.514 	14.126384
1.515 	13.859527
1.516 	13.269004
1.517 	12.084842
1.518 	11.446027
1.519 	12.185146
1.520 	12.408207
1.521 	12.534340
1.522 	12.518217
1.523 	11.887151
1.524 	11.698370
1.525 	12.520000
1.526 	12.620472
1.527 	12.498088
1.528 	13.735499
1.529 	15.170383
1.530 	14.850670
1.531 	13.477718
1.532 	12.958674
1.533 	13.598823
1.534 	13.878005
1.535 	13.529459
1.536 	12.214056
1.537 	11.537514
1.538 	12.851951
1.539 	14.080001
1.540 	14.310852
1.541 	13.580963
1.542 	13.172644
1.543 	13.703125
1.544 	13.306168
1.545 	11.700763
1.546 	11.957794
1.547 	13.699407
1.548 	14.288027
1.549 	14.734419
1.550 	15.694171
1.551 	16.593866
1.552 	15.925478
1.553 	15.031356
1.554 	13.797574
1.555 	11.074169
1.556 	12.463360
1.557 	16.637242
1.558 	17.233348
1.559 	14.971947
1.560 	13.663912
1.561 	13.614901
1.562 	14.985635
1.563 	16.728567
1.564 	16.744420
1.565 	14.643329
1.566 	12.474057
1.567 	13.373612
1.568 	15.082061
1.569 	15.696715
1.570 	15.254929
1.571 	14.874609
1.572 	14.629087
1.573 	15.046221
1.574 	15.187356
1.575 	14.808930
1.576 	13.829296
1.577 	13.539762
1.578 	13.202626
1.579 	13.094058
1.580 	13.771461
1.581 	14.406634
1.582 	15.255469
1.583 	15.952204
1.584 	15.830951
1.585 	16.563742
1.586 	16.954028
1.587 	16.058531
1.588 	15.231375
1.589 	14.833694
1.590 	14.782903
1.591 	14.738196
1.592 	14.889548
1.593 	14.751711
1.594 	13.903586
1.595 	14.704205
1.596 	16.464619
1.597 	16.511049
1.598 	15.482933
1.599 	16.532353
1.600 	18.897554
1.601 	18.341413
1.602 	16.635207
1.603 	15.942303
1.604 	14.604871
1.605 	13.159203
1.606 	14.488868
1.607 	16.443432
1.608 	18.447361
1.609 	17.712306
1.610 	14.390522
1.611 	12.497489
1.612 	14.550049
1.613 	16.722860
1.614 	17.065944
1.615 	17.289649
1.616 	17.406433
1.617 	16.579099
1.618 	16.518928
1.619 	17.862504
1.620 	17.033506
1.621 	14.279774
1.622 	14.070072
1.623 	15.739737
1.624 	17.495451
1.625 	17.775015
1.626 	17.599156
1.627 	18.288443
1.628 	17.263237
1.629 	16.621320
1.630 	16.680764
1.631 	17.290211
1.632 	17.283782
1.633 	15.950241
1.634 	15.143849
1.635 	16.521490
1.636 	16.938973
1.637 	14.975220
1.638 	14.204918
1.639 	18.942930
1.640 	19.066278
1.641 	17.447757
1.642 	18.999788
1.643 	18.546330
1.644 	16.662162
1.645 	13.152347
1.646 	12.559247
1.647 	14.925358
1.648 	18.169612
1.649 	20.312465
1.650 	17.266764
1.651 	13.724905
1.652 	16.557293
1.653 	18.279452
1.654 	19.298735
1.655 	19.585926
1.656 	15.876521
1.657 	16.734991
1.658 	16.402210
1.659 	13.442845
1.660 	16.250017
1.661 	16.667287
1.662 	16.848131
1.663 	15.938840
1.664 	15.168788
1.665 	14.831790
1.666 	17.782120
1.667 	17.244943
1.668 	17.506534
1.669 	17.913842
1.670 	15.575188
1.671 	14.840410
1.672 	15.968287
1.673 	24.155661
1.674 	18.557291
1.675 	11.075821
1.676 	14.641826
1.677 	22.535557
1.678 	20.373756
1.679 	17.578685
1.680 	23.844231
1.681 	22.426160
1.682 	17.464765
1.683 	19.435437
1.684 	20.743517
1.685 	9.332146
1.686 	13.695975
1.687 	21.763773
1.688 	13.238807
1.689 	15.913788
1.690 	21.000379
1.691 	15.429874
1.692 	3.894646
1.693 	9.158609
1.694 	14.295415
1.695 	30.128316
1.696 	28.596626
1.697 	23.618779
1.698 	19.614134
1.699 	9.529756
1.700 	6.726145
