0.660 	38.055708
0.661 	22.629440
0.662 	35.198985
0.663 	31.825359
0.664 	39.462213
0.665 	21.504705
0.666 	38.895286
0.667 	33.546646
0.668 	30.812348
0.669 	30.152267
0.670 	29.027570
0.671 	39.759310
0.672 	34.505925
0.673 	31.289749
0.674 	31.271275
0.675 	27.435747
0.676 	35.200385
0.677 	30.755848
0.678 	27.767421
0.679 	32.872914
0.680 	33.217420
0.681 	30.096986
0.682 	30.365250
0.683 	35.872321
0.684 	31.082545
0.685 	32.584590
0.686 	32.561822
0.687 	27.690086
0.688 	35.320756
0.689 	32.444918
0.690 	29.651483
0.691 	33.678791
0.692 	28.909297
0.693 	32.785150
0.694 	31.529067
0.695 	30.496185
0.696 	33.849979
0.697 	34.681531
0.698 	30.187607
0.699 	33.446431
0.700 	29.637262
0.701 	31.294135
0.702 	34.904396
0.703 	32.430729
0.704 	32.052163
0.705 	32.560383
0.706 	32.573726
0.707 	30.330816
0.708 	33.463747
0.709 	31.336272
0.710 	30.044307
0.711 	32.682830
0.712 	34.619092
0.713 	33.081987
0.714 	33.901164
0.715 	33.979085
0.716 	31.360652
0.717 	31.639207
0.718 	32.568854
0.719 	28.111678
0.720 	28.631483
0.721 	31.760791
0.722 	33.813400
0.723 	33.360137
0.724 	32.878212
0.725 	32.772231
0.726 	30.432446
0.727 	32.047184
0.728 	34.375572
0.729 	31.119215
0.730 	28.707516
0.731 	32.518772
0.732 	33.784870
0.733 	30.952059
0.734 	29.682448
0.735 	32.076856
0.736 	30.842678
0.737 	30.220483
0.738 	33.466028
0.739 	34.621998
0.740 	31.266082
0.741 	28.887247
0.742 	31.356254
0.743 	30.776586
0.744 	29.803194
0.745 	30.801559
0.746 	32.930105
0.747 	31.101987
0.748 	29.184267
0.749 	30.085472
0.750 	32.951231
0.751 	31.356068
0.752 	29.555481
0.753 	31.379054
0.754 	32.564282
0.755 	31.626078
0.756 	30.561874
0.757 	30.307270
0.758 	31.977632
0.759 	31.800385
0.760 	29.485319
0.761 	29.402965
0.762 	30.977060
0.763 	31.141407
0.764 	30.302460
0.765 	30.569133
0.766 	31.455944
0.767 	30.357498
0.768 	29.024407
0.769 	30.545493
0.770 	32.304020
0.771 	32.334342
0.772 	30.825113
0.773 	30.446824
0.774 	29.734909
0.775 	28.455106
0.776 	28.260417
0.777 	28.174880
0.778 	29.688998
0.779 	31.569238
0.780 	30.102005
0.781 	28.984269
0.782 	30.247443
0.783 	31.416929
0.784 	31.237833
0.785 	29.865833
0.786 	29.621612
0.787 	30.806286
0.788 	30.964750
0.789 	30.180821
0.790 	29.084224
0.791 	29.508326
0.792 	30.960100
0.793 	31.553186
0.794 	30.354653
0.795 	29.178444
0.796 	29.977169
0.797 	29.519955
0.798 	28.354267
0.799 	26.954462
0.800 	28.145308
0.801 	31.045838
0.802 	31.164392
0.803 	28.756395
0.804 	28.321010
0.805 	30.791028
0.806 	31.837908
0.807 	30.504476
0.808 	29.433407
0.809 	29.157955
0.810 	29.784292
0.811 	29.605190
0.812 	28.821232
0.813 	28.491245
0.814 	28.588660
0.815 	29.691019
0.816 	30.650998
0.817 	29.313877
0.818 	28.003383
0.819 	27.845766
0.820 	29.302109
0.821 	30.950523
0.822 	30.599857
0.823 	29.393067
0.824 	28.340015
0.825 	28.916785
0.826 	30.016393
0.827 	28.736663
0.828 	28.007241
0.829 	29.987606
0.830 	31.040967
0.831 	29.957893
0.832 	28.311910
0.833 	28.484601
0.834 	29.928693
0.835 	30.674488
0.836 	29.903554
0.837 	28.351009
0.838 	27.431400
0.839 	28.051766
0.840 	29.541290
0.841 	30.117544
0.842 	29.058522
0.843 	28.186227
0.844 	28.606587
0.845 	29.305976
0.846 	28.935599
0.847 	28.249775
0.848 	28.591869
0.849 	29.362955
0.850 	29.376999
0.851 	28.755714
0.852 	28.029055
0.853 	27.460712
0.854 	27.717107
0.855 	28.891459
0.856 	29.698843
0.857 	28.867759
0.858 	27.477295
0.859 	27.875763
0.860 	28.818022
0.861 	28.714277
0.862 	28.902066
0.863 	29.468165
0.864 	29.560232
0.865 	29.165380
0.866 	28.402408
0.867 	27.161055
0.868 	26.369182
0.869 	26.723547
0.870 	28.006783
0.871 	28.937588
0.872 	27.562786
0.873 	25.926550
0.874 	27.293093
0.875 	29.209386
0.876 	29.206974
0.877 	28.456710
0.878 	27.858888
0.879 	27.532494
0.880 	27.617322
0.881 	28.142362
0.882 	27.989637
0.883 	27.097501
0.884 	27.037017
0.885 	28.337362
0.886 	29.579605
0.887 	29.377940
0.888 	27.957820
0.889 	26.662755
0.890 	26.812119
0.891 	27.726170
0.892 	27.894847
0.893 	27.036120
0.894 	26.459395
0.895 	26.942558
0.896 	27.886320
0.897 	28.523426
0.898 	28.014180
0.899 	27.136533
0.900 	27.426067
0.901 	28.268818
0.902 	28.366428
0.903 	27.800585
0.904 	26.798444
0.905 	25.787005
0.906 	25.831704
0.907 	27.021952
0.908 	27.823394
0.909 	27.037099
0.910 	25.629991
0.911 	25.209269
0.912 	26.295888
0.913 	27.925227
0.914 	28.478088
0.915 	27.646789
0.916 	26.678311
0.917 	26.509688
0.918 	26.954216
0.919 	27.394826
0.920 	27.408023
0.921 	27.147151
0.922 	27.072689
0.923 	27.410492
0.924 	27.776998
0.925 	27.769581
0.926 	27.558874
0.927 	27.283824
0.928 	27.132645
0.929 	27.421010
0.930 	27.566416
0.931 	26.993775
0.932 	25.974216
0.933 	24.984116
0.934 	25.042273
0.935 	26.081964
0.936 	27.460972
0.937 	27.926768
0.938 	26.948844
0.939 	25.857076
0.940 	25.884105
0.941 	26.007979
0.942 	25.803580
0.943 	26.003531
0.944 	25.923493
0.945 	25.815147
0.946 	26.364888
0.947 	26.808075
0.948 	26.773220
0.949 	26.052322
0.950 	25.442447
0.951 	25.579406
0.952 	26.020977
0.953 	25.925256
0.954 	25.640199
0.955 	25.247182
0.956 	25.243431
0.957 	25.635576
0.958 	26.193774
0.959 	25.967105
0.960 	24.810479
0.961 	24.514478
0.962 	24.958307
0.963 	25.442716
0.964 	25.510310
0.965 	25.610237
0.966 	25.273548
0.967 	24.060299
0.968 	24.196403
0.969 	25.085998
0.970 	25.305765
0.971 	25.076245
0.972 	24.684672
0.973 	24.307199
0.974 	23.999531
0.975 	23.726008
0.976 	24.694238
0.977 	25.133622
0.978 	24.616339
0.979 	23.827379
0.980 	22.751136
0.981 	23.182161
0.982 	24.447080
0.983 	24.744518
0.984 	24.519313
0.985 	24.098254
0.986 	23.627361
0.987 	24.950052
0.988 	25.432195
0.989 	24.389343
0.990 	24.131517
0.991 	24.005732
0.992 	24.259745
0.993 	24.768989
0.994 	24.581199
0.995 	24.041785
0.996 	24.063195
0.997 	24.013726
0.998 	23.392109
0.999 	23.374003
1.000 	24.171851
1.001 	24.602915
1.002 	23.714345
1.003 	23.096867
1.004 	23.892552
1.005 	24.407020
1.006 	24.117318
1.007 	24.537429
1.008 	25.163407
1.009 	24.609057
1.010 	23.761509
1.011 	24.489914
1.012 	25.021396
1.013 	24.256817
1.014 	23.605919
1.015 	23.861093
1.016 	24.249148
1.017 	24.081286
1.018 	23.428023
1.019 	23.747721
1.020 	24.514257
1.021 	25.246948
1.022 	24.634649
1.023 	23.551775
1.024 	23.258471
1.025 	23.479641
1.026 	24.432360
1.027 	25.140462
1.028 	24.909049
1.029 	24.117965
1.030 	23.944020
1.031 	23.916129
1.032 	23.973627
1.033 	24.814671
1.034 	25.303690
1.035 	24.643932
1.036 	24.677860
1.037 	25.501607
1.038 	25.349593
1.039 	24.375583
1.040 	23.285566
1.041 	23.682111
1.042 	25.103947
1.043 	25.791594
1.044 	25.698237
1.045 	24.919109
1.046 	24.377878
1.047 	24.237460
1.048 	23.926802
1.049 	24.498785
1.050 	25.363926
1.051 	24.852838
1.052 	24.350471
1.053 	24.192214
1.054 	24.422379
1.055 	25.058126
1.056 	25.664032
1.057 	25.373670
1.058 	24.294033
1.059 	24.076693
1.060 	24.542141
1.061 	24.571365
1.062 	24.756328
1.063 	25.127382
1.064 	24.792492
1.065 	23.863166
1.066 	23.577829
1.067 	24.068787
1.068 	25.093813
1.069 	25.900818
1.070 	25.290465
1.071 	24.338109
1.072 	24.106525
1.073 	24.757442
1.074 	25.291181
1.075 	24.694594
1.076 	23.923505
1.077 	24.172802
1.078 	25.180797
1.079 	25.761875
1.080 	25.283572
1.081 	24.553393
1.082 	24.488134
1.083 	24.565709
1.084 	24.184963
1.085 	24.092302
1.086 	24.509850
1.087 	24.700906
1.088 	24.264952
1.089 	24.136584
1.090 	24.913992
1.091 	25.575908
1.092 	25.772584
1.093 	25.699401
1.094 	25.744607
1.095 	25.497603
1.096 	24.900219
1.097 	24.602225
1.098 	24.545003
1.099 	24.537657
1.100 	24.832488
1.101 	25.172795
1.102 	24.806079
1.103 	23.812272
1.104 	23.782477
1.105 	24.816345
1.106 	25.139849
1.107 	24.836105
1.108 	24.621823
1.109 	24.436983
1.110 	24.301142
1.111 	24.059144
1.112 	23.731856
1.113 	24.006410
1.114 	24.492130
1.115 	24.698513
1.116 	24.580767
1.117 	24.333770
1.118 	24.069937
1.119 	24.072238
1.120 	24.577863
1.121 	24.865808
1.122 	24.327095
1.123 	23.302952
1.124 	22.811655
1.125 	23.647606
1.126 	24.734563
1.127 	25.077613
1.128 	24.762842
1.129 	24.032924
1.130 	23.323216
1.131 	22.993966
1.132 	23.194196
1.133 	23.585782
1.134 	23.940863
1.135 	24.240596
1.136 	24.572201
1.137 	24.811640
1.138 	24.287679
1.139 	23.654424
1.140 	23.548495
1.141 	23.126300
1.142 	22.296627
1.143 	22.178450
1.144 	22.823406
1.145 	22.849766
1.146 	22.536575
1.147 	22.638239
1.148 	22.391184
1.149 	21.758842
1.150 	21.498747
1.151 	21.331680
1.152 	20.997195
1.153 	20.749548
1.154 	20.905526
1.155 	21.804093
1.156 	22.589595
1.157 	22.323462
1.158 	21.513907
1.159 	21.044292
1.160 	21.575356
1.161 	22.273269
1.162 	21.902000
1.163 	21.212007
1.164 	21.240179
1.165 	21.413020
1.166 	21.226179
1.167 	21.209926
1.168 	20.845830
1.169 	19.661351
1.170 	19.020512
1.171 	19.734490
1.172 	20.557985
1.173 	20.475974
1.174 	20.087041
1.175 	20.238370
1.176 	20.551611
1.177 	20.226051
1.178 	19.429351
1.179 	18.825039
1.180 	19.081781
1.181 	20.051761
1.182 	20.836255
1.183 	20.944328
1.184 	20.731694
1.185 	20.644041
1.186 	20.479580
1.187 	20.243880
1.188 	20.149978
1.189 	20.080647
1.190 	19.964369
1.191 	20.084113
1.192 	20.419094
1.193 	20.412023
1.194 	20.180599
1.195 	20.232853
1.196 	20.323718
1.197 	20.129600
1.198 	19.521215
1.199 	18.737191
1.200 	18.644029
1.201 	19.376624
1.202 	19.972638
1.203 	20.166958
1.204 	20.144120
1.205 	19.772630
1.206 	19.451245
1.207 	19.706348
1.208 	20.053285
1.209 	20.057171
1.210 	19.753828
1.211 	19.175905
1.212 	18.886847
1.213 	19.441313
1.214 	19.964659
1.215 	20.021928
1.216 	20.408798
1.217 	20.890541
1.218 	20.902738
1.219 	20.830302
1.220 	21.097264
1.221 	21.312418
1.222 	20.631489
1.223 	19.265840
1.224 	18.672813
1.225 	19.119412
1.226 	20.128241
1.227 	21.218360
1.228 	21.780210
1.229 	21.506715
1.230 	20.683188
1.231 	19.899963
1.232 	20.027400
1.233 	20.922369
1.234 	21.383210
1.235 	21.286701
1.236 	21.127203
1.237 	20.982264
1.238 	20.721113
1.239 	20.616756
1.240 	20.524840
1.241 	20.326879
1.242 	20.689348
1.243 	21.243500
1.244 	21.040850
1.245 	20.373739
1.246 	20.013047
1.247 	20.042829
1.248 	20.023292
1.249 	20.160171
1.250 	20.953777
1.251 	21.797288
1.252 	21.928812
1.253 	21.506011
1.254 	20.833246
1.255 	20.208029
1.256 	19.807429
1.257 	20.016360
1.258 	20.438157
1.259 	20.806076
1.260 	21.278599
1.261 	21.586325
1.262 	21.187941
1.263 	20.572246
1.264 	20.740599
1.265 	21.099103
1.266 	20.916610
1.267 	20.428618
1.268 	20.124795
1.269 	20.620908
1.270 	21.562405
1.271 	21.968665
1.272 	21.754995
1.273 	21.196554
1.274 	20.749202
1.275 	20.468314
1.276 	20.465940
1.277 	21.337119
1.278 	22.657381
1.279 	22.629547
1.280 	21.173897
1.281 	20.206015
1.282 	20.084064
1.283 	20.247473
1.284 	20.422511
1.285 	20.288031
1.286 	20.351275
1.287 	20.912704
1.288 	21.164530
1.289 	20.810374
1.290 	20.185251
1.291 	20.201344
1.292 	21.363212
1.293 	21.982538
1.294 	21.012934
1.295 	19.965708
1.296 	20.063323
1.297 	20.634693
1.298 	20.952487
1.299 	20.940618
1.300 	20.387799
1.301 	19.822943
1.302 	20.479114
1.303 	21.960931
1.304 	22.370483
1.305 	20.716803
1.306 	18.617011
1.307 	18.659527
1.308 	19.873803
1.309 	20.092756
1.310 	19.641647
1.311 	19.398177
1.312 	19.245731
1.313 	19.224391
1.314 	19.348990
1.315 	19.136835
1.316 	18.482791
1.317 	18.392153
1.318 	19.146614
1.319 	19.931814
1.320 	20.474083
1.321 	20.540238
1.322 	19.624237
1.323 	18.413780
1.324 	18.248899
1.325 	18.913719
1.326 	19.684353
1.327 	20.055469
1.328 	19.654660
1.329 	18.741073
1.330 	18.375235
1.331 	18.616529
1.332 	19.024693
1.333 	19.618927
1.334 	20.016909
1.335 	19.619682
1.336 	18.354008
1.337 	17.286817
1.338 	17.117363
1.339 	17.334659
1.340 	17.647852
1.341 	17.656368
1.342 	17.014786
1.343 	16.713492
1.344 	17.518911
1.345 	18.628474
1.346 	18.905048
1.347 	18.377312
1.348 	17.766061
1.349 	17.193053
1.350 	16.631743
1.351 	16.487290
1.352 	16.920298
1.353 	17.636653
1.354 	17.788805
1.355 	16.958223
1.356 	16.218606
1.357 	16.123766
1.358 	16.679981
1.359 	17.650858
1.360 	17.984194
1.361 	17.650875
1.362 	17.217229
1.363 	16.339642
1.364 	15.075138
1.365 	15.255365
1.366 	17.286967
1.367 	18.924841
1.368 	18.825863
1.369 	17.426246
1.370 	16.181070
1.371 	15.483702
1.372 	14.748500
1.373 	14.378176
1.374 	15.141583
1.375 	16.219450
1.376 	16.088779
1.377 	14.948133
1.378 	14.189230
1.379 	14.310112
1.380 	14.940342
1.381 	15.052560
1.382 	14.438914
1.383 	14.403003
1.384 	15.124322
1.385 	15.410413
1.386 	14.864305
1.387 	13.609076
1.388 	12.370587
1.389 	11.889517
1.390 	12.361173
1.391 	13.501460
1.392 	14.246522
1.393 	13.681957
1.394 	12.453370
1.395 	11.915560
1.396 	12.112326
1.397 	12.297121
1.398 	12.215084
1.399 	12.020624
1.400 	11.987069
1.401 	12.308917
1.402 	12.522931
1.403 	12.400964
1.404 	12.429197
1.405 	12.183126
1.406 	11.613326
1.407 	11.676414
1.408 	11.959079
1.409 	11.625003
1.410 	11.498329
1.411 	12.570368
1.412 	13.300018
1.413 	12.401389
1.414 	11.665887
1.415 	11.616372
1.416 	10.996893
1.417 	10.294198
1.418 	10.646606
1.419 	11.417869
1.420 	11.537119
1.421 	11.861314
1.422 	12.344601
1.423 	11.743607
1.424 	11.066596
1.425 	11.720500
1.426 	12.822323
1.427 	12.841719
1.428 	12.264273
1.429 	12.286132
1.430 	12.456072
1.431 	11.904785
1.432 	11.034658
1.433 	10.544687
1.434 	11.047195
1.435 	12.326709
1.436 	12.583318
1.437 	11.133033
1.438 	10.519238
1.439 	11.765788
1.440 	12.202976
1.441 	11.467073
1.442 	11.350775
1.443 	12.032836
1.444 	12.475532
1.445 	12.027148
1.446 	11.167943
1.447 	11.074711
1.448 	12.067906
1.449 	12.554054
1.450 	11.543632
1.451 	10.265985
1.452 	10.136587
1.453 	10.500546
1.454 	10.976469
1.455 	11.728207
1.456 	12.337086
1.457 	12.632737
1.458 	12.873301
1.459 	13.234449
1.460 	13.492358
1.461 	13.186967
1.462 	12.371665
1.463 	11.270182
1.464 	10.489308
1.465 	9.869560
1.466 	9.858998
1.467 	11.215002
1.468 	11.449250
1.469 	9.983646
1.470 	9.434916
1.471 	10.405285
1.472 	11.479781
1.473 	11.627817
1.474 	11.092547
1.475 	10.763749
1.476 	11.665369
1.477 	13.132983
1.478 	13.352803
1.479 	12.501239
1.480 	11.828571
1.481 	11.605195
1.482 	12.299300
1.483 	13.167456
1.484 	13.088260
1.485 	12.827309
1.486 	12.392042
1.487 	11.567576
1.488 	11.287209
1.489 	11.105692
1.490 	12.002544
1.491 	13.850708
1.492 	14.518211
1.493 	13.700768
1.494 	12.382017
1.495 	11.770488
1.496 	12.240777
1.497 	12.957391
1.498 	13.542285
1.499 	13.675222
1.500 	13.608252
1.501 	13.167757
1.502 	12.345381
1.503 	11.942616
1.504 	11.834162
1.505 	12.075908
1.506 	12.277562
1.507 	11.425276
1.508 	10.830019
1.509 	12.017782
1.510 	13.156989
1.511 	13.443476
1.512 	13.762618
1.513 	13.972082
1.514 	13.789285
1.515 	13.192782
1.516 	12.470474
1.517 	11.485150
1.518 	10.404066
1.519 	11.275102
1.520 	13.184800
1.521 	14.002847
1.522 	12.561629
1.523 	11.289981
1.524 	11.405867
1.525 	12.195206
1.526 	12.722164
1.527 	12.378415
1.528 	11.977382
1.529 	12.337910
1.530 	12.706771
1.531 	12.676955
1.532 	12.817942
1.533 	13.984438
1.534 	14.504942
1.535 	13.947014
1.536 	13.310165
1.537 	12.986466
1.538 	13.156883
1.539 	12.951922
1.540 	12.641697
1.541 	11.995452
1.542 	12.203722
1.543 	13.942079
1.544 	14.543848
1.545 	13.900210
1.546 	13.651492
1.547 	13.786188
1.548 	13.655895
1.549 	14.150067
1.550 	14.747532
1.551 	14.528618
1.552 	13.859211
1.553 	14.286291
1.554 	14.489583
1.555 	12.131294
1.556 	11.096392
1.557 	12.976053
1.558 	13.888213
1.559 	13.776444
1.560 	13.534102
1.561 	13.383396
1.562 	13.340776
1.563 	13.249880
1.564 	14.000922
1.565 	14.529849
1.566 	14.769662
1.567 	15.093605
1.568 	14.502941
1.569 	13.649760
1.570 	12.353574
1.571 	12.898997
1.572 	14.920110
1.573 	14.358188
1.574 	11.878535
1.575 	11.778905
1.576 	13.270392
1.577 	15.097776
1.578 	15.423717
1.579 	14.323312
1.580 	14.034089
1.581 	14.253276
1.582 	14.839538
1.583 	15.720262
1.584 	15.074465
1.585 	12.784490
1.586 	11.113994
1.587 	12.508088
1.588 	14.374808
1.589 	15.403423
1.590 	15.210191
1.591 	13.424150
1.592 	12.910062
1.593 	14.345095
1.594 	15.759020
1.595 	16.682240
1.596 	16.180915
1.597 	14.304766
1.598 	12.633801
1.599 	13.524386
1.600 	14.278615
1.601 	14.971347
1.602 	15.554988
1.603 	15.017402
1.604 	15.719779
1.605 	16.599158
1.606 	14.860001
1.607 	13.371658
1.608 	15.571849
1.609 	17.387815
1.610 	14.927665
1.611 	14.020415
1.612 	16.404168
1.613 	16.345674
1.614 	13.400967
1.615 	13.828660
1.616 	16.939014
1.617 	16.880750
1.618 	15.601655
1.619 	14.117659
1.620 	14.572117
1.621 	17.186143
1.622 	16.292352
1.623 	13.426176
1.624 	14.214095
1.625 	15.664939
1.626 	14.420243
1.627 	15.520487
1.628 	16.526037
1.629 	16.552865
1.630 	15.108316
1.631 	14.429676
1.632 	15.512490
1.633 	14.889391
1.634 	14.068305
1.635 	15.853263
1.636 	14.339058
1.637 	10.499389
1.638 	11.828354
1.639 	16.084144
1.640 	17.774424
1.641 	17.023436
1.642 	18.628310
1.643 	19.097778
1.644 	16.400540
1.645 	13.894928
1.646 	13.765720
1.647 	14.213885
1.648 	17.420535
1.649 	19.309728
1.650 	17.423322
1.651 	13.626999
1.652 	14.689243
1.653 	16.215313
1.654 	17.408298
1.655 	15.591403
1.656 	12.355677
1.657 	15.196073
1.658 	16.930170
1.659 	16.561441
1.660 	16.401714
1.661 	12.209074
1.662 	12.385949
1.663 	15.591666
1.664 	15.021972
1.665 	14.360454
1.666 	19.270634
1.667 	19.840851
1.668 	18.058872
1.669 	17.692674
1.670 	12.161008
1.671 	10.032954
1.672 	13.543992
1.673 	18.478981
1.674 	24.023476
1.675 	22.357258
1.676 	17.849473
1.677 	13.985271
1.678 	7.803401
1.679 	10.486645
1.680 	19.959703
1.681 	26.623230
1.682 	18.207503
1.683 	20.458135
1.684 	23.056627
1.685 	12.119768
1.686 	14.338087
1.687 	25.572361
1.688 	18.065891
1.689 	13.258291
1.690 	1.879173
1.691 	1.552091
1.692 	4.565179
1.693 	9.168308
1.694 	8.914617
1.695 	20.953491
1.696 	27.664816
1.697 	29.052800
1.698 	15.569073
1.699 	-11.156657
1.700 	2.045855
