0.660 	25.252234
0.661 	31.615264
0.662 	30.146701
0.663 	29.994818
0.664 	32.714570
0.665 	25.104174
0.666 	30.334262
0.667 	31.779929
0.668 	30.199693
0.669 	30.770699
0.670 	29.095202
0.671 	32.821003
0.672 	32.684211
0.673 	25.536046
0.674 	30.155245
0.675 	30.593783
0.676 	33.014621
0.677 	30.549692
0.678 	27.094189
0.679 	33.300456
0.680 	32.245119
0.681 	31.127673
0.682 	32.855044
0.683 	28.605313
0.684 	32.239763
0.685 	30.705086
0.686 	30.839974
0.687 	29.955420
0.688 	29.504648
0.689 	29.309941
0.690 	32.573071
0.691 	28.027846
0.692 	31.611325
0.693 	29.532854
0.694 	30.845158
0.695 	30.547800
0.696 	29.292830
0.697 	30.907851
0.698 	26.542083
0.699 	27.633042
0.700 	29.758626
0.701 	31.060387
0.702 	32.667180
0.703 	29.627709
0.704 	31.134173
0.705 	28.786906
0.706 	26.370149
0.707 	31.230443
0.708 	32.228733
0.709 	30.717311
0.710 	28.912264
0.711 	29.188272
0.712 	30.276484
0.713 	29.254991
0.714 	28.515012
0.715 	29.531093
0.716 	32.178826
0.717 	28.849370
0.718 	27.604294
0.719 	28.629829
0.720 	30.112172
0.721 	29.026101
0.722 	29.753973
0.723 	30.590297
0.724 	29.738245
0.725 	28.924270
0.726 	28.748730
0.727 	28.771794
0.728 	26.945981
0.729 	27.552543
0.730 	30.442740
0.731 	30.758026
0.732 	30.142111
0.733 	29.277355
0.734 	29.478311
0.735 	29.824045
0.736 	29.181138
0.737 	28.614255
0.738 	28.930707
0.739 	28.483425
0.740 	28.845571
0.741 	28.797358
0.742 	27.877446
0.743 	26.540066
0.744 	27.102772
0.745 	27.641257
0.746 	28.854313
0.747 	28.716903
0.748 	30.182152
0.749 	30.215747
0.750 	27.444311
0.751 	27.190912
0.752 	28.154611
0.753 	29.515259
0.754 	30.586760
0.755 	30.578778
0.756 	29.439810
0.757 	29.944701
0.758 	29.298444
0.759 	28.320221
0.760 	28.479831
0.761 	27.280111
0.762 	26.696131
0.763 	26.881684
0.764 	28.859402
0.765 	29.799674
0.766 	28.030992
0.767 	27.094191
0.768 	27.384659
0.769 	27.140528
0.770 	27.337092
0.771 	27.573138
0.772 	28.129787
0.773 	29.406714
0.774 	29.229211
0.775 	27.262956
0.776 	26.301209
0.777 	27.401101
0.778 	27.265293
0.779 	26.524767
0.780 	26.798571
0.781 	27.877759
0.782 	28.614944
0.783 	28.597683
0.784 	28.301195
0.785 	27.538928
0.786 	27.241653
0.787 	27.743500
0.788 	27.888848
0.789 	27.344036
0.790 	26.340583
0.791 	26.118152
0.792 	27.276313
0.793 	27.996331
0.794 	26.883769
0.795 	27.081278
0.796 	28.495583
0.797 	28.176467
0.798 	27.068245
0.799 	27.405504
0.800 	28.200133
0.801 	27.878958
0.802 	27.781532
0.803 	28.506580
0.804 	27.754712
0.805 	26.121198
0.806 	26.809491
0.807 	28.586881
0.808 	29.307091
0.809 	27.629085
0.810 	26.193823
0.811 	27.020492
0.812 	27.899434
0.813 	27.401213
0.814 	27.705575
0.815 	28.144148
0.816 	26.962359
0.817 	26.187225
0.818 	26.593487
0.819 	26.892768
0.820 	26.903792
0.821 	26.861448
0.822 	26.724855
0.823 	26.733806
0.824 	26.969253
0.825 	26.580755
0.826 	26.205195
0.827 	26.598363
0.828 	27.053725
0.829 	27.406484
0.830 	27.127192
0.831 	26.217672
0.832 	26.313620
0.833 	27.581866
0.834 	28.246249
0.835 	27.890624
0.836 	27.310990
0.837 	26.619160
0.838 	26.159302
0.839 	26.673365
0.840 	27.394268
0.841 	27.184551
0.842 	26.726233
0.843 	26.787775
0.844 	26.498780
0.845 	25.667874
0.846 	25.506487
0.847 	26.218969
0.848 	26.432719
0.849 	25.936793
0.850 	26.155746
0.851 	26.815449
0.852 	26.832259
0.853 	26.702746
0.854 	27.194494
0.855 	27.528686
0.856 	26.820810
0.857 	26.424477
0.858 	26.475285
0.859 	26.248982
0.860 	26.233866
0.861 	26.641441
0.862 	27.055759
0.863 	26.900883
0.864 	26.354287
0.865 	25.939959
0.866 	25.606533
0.867 	25.140284
0.868 	25.406880
0.869 	26.276328
0.870 	26.518619
0.871 	26.538222
0.872 	26.655723
0.873 	26.657596
0.874 	26.382504
0.875 	25.867516
0.876 	25.272919
0.877 	24.967558
0.878 	25.202098
0.879 	25.598165
0.880 	25.941560
0.881 	26.255559
0.882 	26.589223
0.883 	26.802418
0.884 	26.777427
0.885 	26.193542
0.886 	25.472730
0.887 	25.783343
0.888 	26.210507
0.889 	25.476089
0.890 	24.985895
0.891 	25.480304
0.892 	25.907841
0.893 	26.088543
0.894 	26.184597
0.895 	26.022752
0.896 	25.524515
0.897 	25.158092
0.898 	25.231916
0.899 	25.427739
0.900 	25.787636
0.901 	26.307256
0.902 	26.274384
0.903 	25.337658
0.904 	24.524602
0.905 	24.795855
0.906 	25.663699
0.907 	26.253380
0.908 	25.804231
0.909 	24.761084
0.910 	24.482532
0.911 	25.207603
0.912 	26.201683
0.913 	26.329393
0.914 	25.286600
0.915 	24.440678
0.916 	24.467148
0.917 	24.852431
0.918 	25.271356
0.919 	25.572451
0.920 	25.476445
0.921 	25.216674
0.922 	25.333745
0.923 	25.726577
0.924 	25.641011
0.925 	25.263760
0.926 	25.206341
0.927 	25.081242
0.928 	24.536176
0.929 	24.272314
0.930 	24.521678
0.931 	25.011835
0.932 	25.268503
0.933 	25.125847
0.934 	25.209749
0.935 	25.115987
0.936 	25.025495
0.937 	25.209759
0.938 	25.138366
0.939 	25.016688
0.940 	25.145117
0.941 	25.279971
0.942 	24.386755
0.943 	23.156750
0.944 	22.863974
0.945 	23.536374
0.946 	24.238070
0.947 	25.172762
0.948 	25.658736
0.949 	25.272594
0.950 	24.343366
0.951 	24.421362
0.952 	24.851729
0.953 	24.582895
0.954 	24.032718
0.955 	23.689762
0.956 	23.498699
0.957 	23.534919
0.958 	24.669669
0.959 	25.109516
0.960 	23.916441
0.961 	23.397752
0.962 	23.578282
0.963 	23.423056
0.964 	23.236364
0.965 	22.961080
0.966 	23.259243
0.967 	24.069507
0.968 	24.660047
0.969 	24.422259
0.970 	24.378052
0.971 	24.399858
0.972 	24.206831
0.973 	24.511059
0.974 	24.030886
0.975 	22.909615
0.976 	22.354011
0.977 	22.902152
0.978 	23.178392
0.979 	23.206302
0.980 	22.962674
0.981 	23.288755
0.982 	23.107546
0.983 	22.580250
0.984 	22.364376
0.985 	22.281433
0.986 	22.324741
0.987 	23.366457
0.988 	23.935678
0.989 	23.656653
0.990 	23.617702
0.991 	23.481274
0.992 	22.082192
0.993 	21.701520
0.994 	22.053617
0.995 	22.869889
0.996 	23.217981
0.997 	22.825239
0.998 	23.143900
0.999 	23.213182
1.000 	22.439727
1.001 	22.903349
1.002 	23.691484
1.003 	22.764355
1.004 	22.729195
1.005 	22.933027
1.006 	21.803084
1.007 	20.924734
1.008 	22.538204
1.009 	24.020946
1.010 	23.660283
1.011 	22.451993
1.012 	22.654156
1.013 	23.168528
1.014 	23.205867
1.015 	23.485865
1.016 	23.688847
1.017 	23.896042
1.018 	22.866808
1.019 	21.326778
1.020 	21.700659
1.021 	23.262974
1.022 	23.791486
1.023 	23.722351
1.024 	24.119733
1.025 	23.586965
1.026 	22.529040
1.027 	22.276900
1.028 	22.460056
1.029 	22.541944
1.030 	23.119247
1.031 	23.659050
1.032 	23.209360
1.033 	22.671745
1.034 	22.628753
1.035 	23.003159
1.036 	23.892417
1.037 	23.838783
1.038 	22.544866
1.039 	21.964429
1.040 	22.347273
1.041 	22.979758
1.042 	22.934347
1.043 	22.915069
1.044 	22.453494
1.045 	22.184798
1.046 	22.686011
1.047 	23.077211
1.048 	22.824726
1.049 	22.774435
1.050 	22.515954
1.051 	21.851719
1.052 	22.076853
1.053 	23.575098
1.054 	24.979864
1.055 	24.518601
1.056 	23.444871
1.057 	23.190322
1.058 	23.440964
1.059 	23.650591
1.060 	23.395236
1.061 	23.596154
1.062 	24.306465
1.063 	24.276019
1.064 	23.334794
1.065 	22.834550
1.066 	23.320076
1.067 	23.727851
1.068 	22.864228
1.069 	21.844023
1.070 	22.557121
1.071 	23.645194
1.072 	23.500737
1.073 	22.882392
1.074 	22.745480
1.075 	23.555098
1.076 	23.831871
1.077 	23.412693
1.078 	22.439818
1.079 	21.855851
1.080 	22.175143
1.081 	22.829563
1.082 	23.876847
1.083 	24.418545
1.084 	24.281920
1.085 	23.950390
1.086 	23.089913
1.087 	23.124519
1.088 	23.525187
1.089 	22.538878
1.090 	21.885296
1.091 	22.351544
1.092 	22.750769
1.093 	23.056646
1.094 	23.646971
1.095 	23.690231
1.096 	23.212866
1.097 	23.252314
1.098 	23.319534
1.099 	22.766020
1.100 	22.089285
1.101 	22.351285
1.102 	23.789683
1.103 	24.488438
1.104 	23.880077
1.105 	22.957147
1.106 	22.531474
1.107 	23.089204
1.108 	24.038317
1.109 	24.282624
1.110 	23.790300
1.111 	23.209515
1.112 	23.056543
1.113 	22.912934
1.114 	22.701082
1.115 	22.543457
1.116 	22.095624
1.117 	21.766719
1.118 	21.673169
1.119 	21.953638
1.120 	22.405458
1.121 	22.528884
1.122 	22.796387
1.123 	23.050853
1.124 	22.997034
1.125 	22.955111
1.126 	22.974468
1.127 	22.800937
1.128 	22.733011
1.129 	22.829233
1.130 	22.614429
1.131 	22.207003
1.132 	22.237866
1.133 	22.307448
1.134 	22.588513
1.135 	23.278094
1.136 	23.017655
1.137 	22.188537
1.138 	21.961082
1.139 	21.884765
1.140 	22.112578
1.141 	22.563593
1.142 	22.669892
1.143 	22.510583
1.144 	22.010148
1.145 	21.125034
1.146 	20.323027
1.147 	20.530230
1.148 	21.722564
1.149 	22.371986
1.150 	22.026240
1.151 	21.478382
1.152 	21.218371
1.153 	21.154471
1.154 	21.009694
1.155 	20.508793
1.156 	20.399131
1.157 	20.740001
1.158 	20.507712
1.159 	19.513860
1.160 	18.832703
1.161 	19.148804
1.162 	19.965921
1.163 	20.715493
1.164 	20.844229
1.165 	20.394379
1.166 	19.627282
1.167 	19.148674
1.168 	19.266502
1.169 	19.374224
1.170 	19.340348
1.171 	19.549690
1.172 	19.811404
1.173 	19.718487
1.174 	19.774099
1.175 	20.229150
1.176 	20.191564
1.177 	19.647648
1.178 	19.372913
1.179 	19.305692
1.180 	19.448543
1.181 	20.238607
1.182 	21.038249
1.183 	21.235082
1.184 	20.867554
1.185 	20.014246
1.186 	19.450185
1.187 	19.171717
1.188 	18.729512
1.189 	18.732240
1.190 	19.322484
1.191 	19.373327
1.192 	18.505540
1.193 	17.913784
1.194 	18.191808
1.195 	18.581936
1.196 	18.837251
1.197 	18.925642
1.198 	18.867555
1.199 	19.205720
1.200 	19.897249
1.201 	19.962119
1.202 	19.266702
1.203 	18.998233
1.204 	19.463672
1.205 	19.467964
1.206 	18.918911
1.207 	18.741521
1.208 	18.523803
1.209 	17.932382
1.210 	18.130856
1.211 	19.276713
1.212 	19.787629
1.213 	19.342548
1.214 	19.099676
1.215 	19.148856
1.216 	18.652347
1.217 	17.815454
1.218 	17.628297
1.219 	18.301429
1.220 	18.667690
1.221 	18.498366
1.222 	18.783112
1.223 	19.758095
1.224 	20.551715
1.225 	20.220005
1.226 	18.704511
1.227 	17.550374
1.228 	17.762889
1.229 	18.592668
1.230 	18.958948
1.231 	18.862426
1.232 	19.136114
1.233 	20.006588
1.234 	20.812064
1.235 	20.756087
1.236 	19.935584
1.237 	19.562743
1.238 	19.876889
1.239 	19.957930
1.240 	19.528297
1.241 	19.472502
1.242 	19.989431
1.243 	20.055114
1.244 	19.886159
1.245 	20.308514
1.246 	20.785275
1.247 	20.461224
1.248 	19.730371
1.249 	19.622078
1.250 	20.327571
1.251 	20.940651
1.252 	20.534012
1.253 	19.837527
1.254 	20.102435
1.255 	21.032574
1.256 	21.492671
1.257 	20.957914
1.258 	19.900886
1.259 	19.319592
1.260 	19.688095
1.261 	20.222987
1.262 	20.451737
1.263 	20.874202
1.264 	21.442228
1.265 	21.536106
1.266 	20.968922
1.267 	19.898252
1.268 	19.032574
1.269 	18.525615
1.270 	18.546300
1.271 	19.351057
1.272 	20.095674
1.273 	20.171133
1.274 	20.250226
1.275 	20.306079
1.276 	19.847100
1.277 	19.330356
1.278 	19.137353
1.279 	19.188057
1.280 	19.950864
1.281 	21.213796
1.282 	21.599110
1.283 	21.335491
1.284 	21.074599
1.285 	20.687686
1.286 	19.991907
1.287 	19.337736
1.288 	19.194295
1.289 	19.694323
1.290 	20.076641
1.291 	19.660479
1.292 	19.044208
1.293 	18.978239
1.294 	19.495110
1.295 	20.617014
1.296 	21.745244
1.297 	21.889089
1.298 	21.076266
1.299 	20.020160
1.300 	20.077993
1.301 	20.663007
1.302 	20.189065
1.303 	19.426656
1.304 	19.276666
1.305 	19.443854
1.306 	19.557710
1.307 	19.434736
1.308 	19.552457
1.309 	20.053617
1.310 	20.100788
1.311 	19.467793
1.312 	18.781177
1.313 	18.587576
1.314 	19.075232
1.315 	19.945177
1.316 	20.825549
1.317 	21.293739
1.318 	20.673735
1.319 	18.829618
1.320 	17.552045
1.321 	17.501631
1.322 	18.023276
1.323 	18.516684
1.324 	19.170160
1.325 	19.738891
1.326 	19.533270
1.327 	19.023403
1.328 	18.746315
1.329 	18.208546
1.330 	17.670961
1.331 	17.893400
1.332 	18.375936
1.333 	18.205110
1.334 	17.681160
1.335 	17.434000
1.336 	17.828512
1.337 	18.869139
1.338 	19.999567
1.339 	20.230471
1.340 	19.033001
1.341 	17.636593
1.342 	17.692919
1.343 	18.312564
1.344 	18.211033
1.345 	17.730738
1.346 	17.103434
1.347 	16.782651
1.348 	16.999136
1.349 	16.948435
1.350 	16.565383
1.351 	16.583374
1.352 	16.762906
1.353 	16.649193
1.354 	16.759513
1.355 	17.047498
1.356 	16.486727
1.357 	15.698873
1.358 	15.861033
1.359 	16.661649
1.360 	17.244252
1.361 	17.475134
1.362 	17.452387
1.363 	17.063081
1.364 	16.246637
1.365 	15.671287
1.366 	15.799586
1.367 	16.123066
1.368 	16.392805
1.369 	16.285974
1.370 	16.050356
1.371 	16.098358
1.372 	16.070893
1.373 	15.561212
1.374 	15.311433
1.375 	15.751276
1.376 	15.988283
1.377 	15.993553
1.378 	16.293259
1.379 	16.540923
1.380 	16.581710
1.381 	16.401280
1.382 	15.809466
1.383 	14.899322
1.384 	14.259328
1.385 	14.692789
1.386 	15.173715
1.387 	14.400336
1.388 	12.823728
1.389 	11.785361
1.390 	12.510565
1.391 	13.632907
1.392 	12.700062
1.393 	10.899802
1.394 	10.281522
1.395 	10.979485
1.396 	12.504346
1.397 	13.555612
1.398 	13.098016
1.399 	11.934904
1.400 	11.225687
1.401 	10.638564
1.402 	10.362528
1.403 	10.610391
1.404 	10.694801
1.405 	10.442797
1.406 	10.558620
1.407 	10.705784
1.408 	9.393508
1.409 	7.577311
1.410 	7.160602
1.411 	7.519466
1.412 	7.640109
1.413 	8.284902
1.414 	10.152463
1.415 	11.513445
1.416 	10.984280
1.417 	9.853239
1.418 	9.109511
1.419 	8.477016
1.420 	8.719607
1.421 	10.208941
1.422 	11.268155
1.423 	10.376274
1.424 	8.081494
1.425 	6.549758
1.426 	7.041935
1.427 	7.950569
1.428 	7.954307
1.429 	7.693199
1.430 	7.710159
1.431 	8.035581
1.432 	8.896928
1.433 	10.161350
1.434 	10.797819
1.435 	10.317316
1.436 	9.246874
1.437 	8.341021
1.438 	8.227131
1.439 	8.066001
1.440 	7.802763
1.441 	8.087983
1.442 	8.352297
1.443 	8.529282
1.444 	8.454438
1.445 	8.198620
1.446 	8.955442
1.447 	10.020727
1.448 	9.498084
1.449 	8.310075
1.450 	8.399273
1.451 	8.714618
1.452 	8.609505
1.453 	8.367230
1.454 	7.628866
1.455 	7.245952
1.456 	8.323379
1.457 	8.972388
1.458 	7.512174
1.459 	5.937006
1.460 	6.389616
1.461 	7.515513
1.462 	7.987014
1.463 	8.389222
1.464 	8.625972
1.465 	8.482362
1.466 	8.665599
1.467 	9.610960
1.468 	10.308075
1.469 	9.528959
1.470 	8.767207
1.471 	9.438790
1.472 	9.906634
1.473 	8.785755
1.474 	7.276583
1.475 	6.743423
1.476 	7.961199
1.477 	8.885048
1.478 	7.273050
1.479 	5.213066
1.480 	4.689811
1.481 	5.694783
1.482 	7.333674
1.483 	8.926495
1.484 	9.420203
1.485 	8.632442
1.486 	8.787281
1.487 	9.520322
1.488 	8.918938
1.489 	8.185398
1.490 	8.941439
1.491 	9.955966
1.492 	9.924142
1.493 	9.552119
1.494 	9.378437
1.495 	8.952950
1.496 	9.111268
1.497 	10.153428
1.498 	10.466143
1.499 	9.735051
1.500 	8.828406
1.501 	8.178110
1.502 	8.100205
1.503 	8.922208
1.504 	9.914624
1.505 	10.560449
1.506 	10.548419
1.507 	9.869976
1.508 	9.585970
1.509 	10.300961
1.510 	10.804637
1.511 	10.564907
1.512 	11.387356
1.513 	12.859445
1.514 	12.230105
1.515 	8.891820
1.516 	6.773666
1.517 	7.584704
1.518 	9.020301
1.519 	9.742499
1.520 	9.625564
1.521 	10.137418
1.522 	10.919998
1.523 	10.358319
1.524 	10.165520
1.525 	11.573231
1.526 	12.164218
1.527 	10.638119
1.528 	9.355048
1.529 	9.825347
1.530 	11.383567
1.531 	11.244088
1.532 	9.762767
1.533 	10.665455
1.534 	11.611651
1.535 	11.176182
1.536 	11.321055
1.537 	11.264115
1.538 	10.652976
1.539 	9.659826
1.540 	9.141852
1.541 	10.055176
1.542 	11.505376
1.543 	12.422965
1.544 	11.397964
1.545 	10.983470
1.546 	12.584222
1.547 	12.718188
1.548 	11.697525
1.549 	11.909483
1.550 	11.735624
1.551 	11.230732
1.552 	11.048600
1.553 	11.042339
1.554 	10.812713
1.555 	10.467370
1.556 	10.102587
1.557 	10.507938
1.558 	11.967184
1.559 	13.157374
1.560 	12.889557
1.561 	11.884975
1.562 	11.364187
1.563 	11.363012
1.564 	12.002364
1.565 	13.186716
1.566 	14.168200
1.567 	13.071017
1.568 	12.070825
1.569 	12.440664
1.570 	12.951082
1.571 	12.540534
1.572 	11.601878
1.573 	11.084062
1.574 	11.267478
1.575 	12.616364
1.576 	14.307648
1.577 	14.856542
1.578 	13.084194
1.579 	11.674722
1.580 	12.041754
1.581 	12.247363
1.582 	13.123431
1.583 	15.126806
1.584 	15.666960
1.585 	13.984088
1.586 	11.494468
1.587 	11.353152
1.588 	12.741625
1.589 	12.572108
1.590 	12.105840
1.591 	12.804157
1.592 	13.389385
1.593 	13.460091
1.594 	13.082394
1.595 	12.700137
1.596 	12.890464
1.597 	12.604096
1.598 	13.689172
1.599 	16.812420
1.600 	17.612265
1.601 	15.375854
1.602 	12.238422
1.603 	10.321394
1.604 	11.702647
1.605 	12.196018
1.606 	12.970375
1.607 	15.493007
1.608 	16.215267
1.609 	13.942923
1.610 	11.567260
1.611 	11.367708
1.612 	12.423046
1.613 	14.040449
1.614 	14.588228
1.615 	14.654905
1.616 	15.515497
1.617 	16.206047
1.618 	16.299332
1.619 	15.316325
1.620 	13.699650
1.621 	13.795470
1.622 	13.503305
1.623 	13.687229
1.624 	14.257006
1.625 	13.316246
1.626 	12.743113
1.627 	15.018335
1.628 	14.132180
1.629 	11.459491
1.630 	12.269222
1.631 	11.039283
1.632 	10.648752
1.633 	13.868493
1.634 	17.139827
1.635 	17.958812
1.636 	13.889260
1.637 	12.331944
1.638 	17.129938
1.639 	19.895409
1.640 	15.281878
1.641 	13.756413
1.642 	13.259907
1.643 	14.092396
1.644 	13.173295
1.645 	12.868137
1.646 	15.470746
1.647 	13.119197
1.648 	10.276735
1.649 	11.017100
1.650 	14.572637
1.651 	16.927666
1.652 	16.200836
1.653 	12.333730
1.654 	11.067611
1.655 	13.384362
1.656 	13.467674
1.657 	13.901276
1.658 	16.544249
1.659 	16.135729
1.660 	15.277564
1.661 	15.471357
1.662 	17.552238
1.663 	14.585163
1.664 	12.987803
1.665 	11.399483
1.666 	17.750131
1.667 	21.391066
1.668 	14.575123
1.669 	10.740068
1.670 	9.258827
1.671 	13.204263
1.672 	15.798420
1.673 	8.621609
1.674 	7.031344
1.675 	12.035171
1.676 	7.846579
1.677 	11.285272
1.678 	17.621596
1.679 	16.859244
1.680 	16.352807
1.681 	18.400033
1.682 	24.788749
1.683 	21.990941
1.684 	6.253068
1.685 	5.127349
1.686 	14.305099
1.687 	10.689321
1.688 	20.248466
1.689 	13.893465
1.690 	14.586835
1.691 	11.350388
1.692 	14.264768
1.693 	19.914176
1.694 	12.623743
1.695 	11.683855
1.696 	10.379318
1.697 	24.750694
1.698 	26.725047
1.699 	20.292867
1.700 	4.022273
