0.660 	32.567992
0.661 	27.313528
0.662 	33.685849
0.663 	30.031117
0.664 	29.790446
0.665 	32.589477
0.666 	26.978680
0.667 	32.252701
0.668 	34.541650
0.669 	27.920706
0.670 	30.955036
0.671 	32.416526
0.672 	32.423480
0.673 	36.003376
0.674 	31.582556
0.675 	28.534102
0.676 	30.254041
0.677 	29.675682
0.678 	30.691927
0.679 	31.016799
0.680 	32.451141
0.681 	28.320700
0.682 	35.271952
0.683 	33.147615
0.684 	30.640096
0.685 	30.979096
0.686 	32.112669
0.687 	27.750769
0.688 	27.889988
0.689 	33.037424
0.690 	30.572735
0.691 	28.834627
0.692 	32.355574
0.693 	32.401449
0.694 	29.447546
0.695 	28.913241
0.696 	30.826583
0.697 	29.670100
0.698 	31.332765
0.699 	32.628785
0.700 	32.222950
0.701 	32.606562
0.702 	33.220183
0.703 	32.910616
0.704 	29.668642
0.705 	29.367691
0.706 	31.275426
0.707 	31.108466
0.708 	32.266908
0.709 	33.623033
0.710 	31.849636
0.711 	29.680070
0.712 	30.488188
0.713 	32.016157
0.714 	30.629517
0.715 	29.548950
0.716 	32.680026
0.717 	34.709999
0.718 	34.590397
0.719 	31.537254
0.720 	30.284960
0.721 	32.287255
0.722 	31.369414
0.723 	28.206133
0.724 	28.628376
0.725 	31.997473
0.726 	32.498292
0.727 	31.078003
0.728 	31.450261
0.729 	32.718964
0.730 	31.893188
0.731 	29.029175
0.732 	28.778608
0.733 	31.291792
0.734 	32.179194
0.735 	30.073033
0.736 	29.230857
0.737 	30.290699
0.738 	31.373309
0.739 	29.596761
0.740 	28.454168
0.741 	29.996353
0.742 	30.849579
0.743 	30.196875
0.744 	30.180566
0.745 	31.141186
0.746 	31.089947
0.747 	30.594462
0.748 	30.535410
0.749 	31.519826
0.750 	32.074930
0.751 	30.544633
0.752 	28.086842
0.753 	28.594494
0.754 	30.520252
0.755 	30.692751
0.756 	30.481714
0.757 	30.319384
0.758 	30.545932
0.759 	31.045862
0.760 	30.860096
0.761 	30.326393
0.762 	30.628202
0.763 	30.385412
0.764 	30.028877
0.765 	29.663415
0.766 	29.228057
0.767 	30.315065
0.768 	31.938795
0.769 	31.649393
0.770 	29.645298
0.771 	29.344602
0.772 	30.459142
0.773 	30.771415
0.774 	29.920191
0.775 	29.234980
0.776 	30.160612
0.777 	30.316636
0.778 	29.598021
0.779 	29.324386
0.780 	28.833740
0.781 	29.416282
0.782 	31.145057
0.783 	31.240717
0.784 	29.739838
0.785 	28.652836
0.786 	28.489083
0.787 	29.215541
0.788 	29.159070
0.789 	28.641203
0.790 	29.399083
0.791 	31.340954
0.792 	32.478587
0.793 	31.091631
0.794 	28.287594
0.795 	28.072669
0.796 	29.552191
0.797 	30.080034
0.798 	30.201113
0.799 	30.021119
0.800 	29.715956
0.801 	30.149565
0.802 	30.577202
0.803 	30.028546
0.804 	29.040503
0.805 	29.403244
0.806 	30.464071
0.807 	30.765034
0.808 	29.625051
0.809 	28.000819
0.810 	28.457179
0.811 	30.046082
0.812 	30.922778
0.813 	30.462642
0.814 	29.400365
0.815 	29.258475
0.816 	29.758389
0.817 	29.982924
0.818 	29.716119
0.819 	29.156152
0.820 	29.216242
0.821 	30.032749
0.822 	30.501750
0.823 	30.177555
0.824 	29.017508
0.825 	28.458510
0.826 	28.773381
0.827 	29.336819
0.828 	29.529650
0.829 	28.592144
0.830 	28.138073
0.831 	29.193710
0.832 	30.543464
0.833 	30.554849
0.834 	28.680686
0.835 	27.134421
0.836 	28.272960
0.837 	29.995129
0.838 	29.878528
0.839 	29.074282
0.840 	28.548360
0.841 	28.675125
0.842 	29.296753
0.843 	29.344305
0.844 	28.502857
0.845 	27.424974
0.846 	27.317014
0.847 	28.684151
0.848 	29.818354
0.849 	29.729087
0.850 	28.911876
0.851 	27.931640
0.852 	27.786018
0.853 	28.677374
0.854 	29.307417
0.855 	29.100966
0.856 	28.511698
0.857 	28.232988
0.858 	28.294077
0.859 	28.238379
0.860 	28.302648
0.861 	28.501764
0.862 	28.458984
0.863 	28.396891
0.864 	28.790361
0.865 	29.329845
0.866 	29.055835
0.867 	27.964300
0.868 	27.647986
0.869 	28.688055
0.870 	29.672457
0.871 	29.610929
0.872 	28.797418
0.873 	27.987687
0.874 	28.094835
0.875 	28.640310
0.876 	28.741756
0.877 	28.650445
0.878 	28.414938
0.879 	28.149403
0.880 	27.913167
0.881 	27.782532
0.882 	28.131157
0.883 	28.239345
0.884 	27.470882
0.885 	27.157703
0.886 	27.848272
0.887 	28.565691
0.888 	28.690571
0.889 	28.058020
0.890 	27.172271
0.891 	27.001453
0.892 	27.604505
0.893 	28.185267
0.894 	28.006388
0.895 	27.425237
0.896 	27.361654
0.897 	27.617280
0.898 	27.792022
0.899 	27.900165
0.900 	27.955349
0.901 	27.713494
0.902 	27.389896
0.903 	27.472030
0.904 	27.869142
0.905 	28.130013
0.906 	27.851888
0.907 	26.833109
0.908 	26.116767
0.909 	26.773361
0.910 	27.390409
0.911 	27.174607
0.912 	26.606483
0.913 	26.595111
0.914 	27.209173
0.915 	27.618267
0.916 	27.472679
0.917 	26.760972
0.918 	26.380164
0.919 	26.849013
0.920 	27.605997
0.921 	28.018575
0.922 	27.998204
0.923 	27.633714
0.924 	26.989017
0.925 	26.299337
0.926 	26.134085
0.927 	26.538023
0.928 	27.116370
0.929 	27.031681
0.930 	26.382201
0.931 	25.972144
0.932 	26.299491
0.933 	27.162903
0.934 	27.876759
0.935 	27.885022
0.936 	27.160287
0.937 	26.299854
0.938 	26.556946
0.939 	27.394356
0.940 	27.221752
0.941 	26.092072
0.942 	24.744986
0.943 	24.567575
0.944 	25.565282
0.945 	26.716543
0.946 	26.936205
0.947 	26.512043
0.948 	26.310981
0.949 	26.405877
0.950 	26.189072
0.951 	25.601175
0.952 	25.521305
0.953 	25.729921
0.954 	25.540276
0.955 	24.759054
0.956 	24.429261
0.957 	25.247109
0.958 	25.958346
0.959 	26.162737
0.960 	25.568763
0.961 	24.570029
0.962 	24.709041
0.963 	25.538404
0.964 	25.599803
0.965 	25.530467
0.966 	25.068379
0.967 	24.522932
0.968 	24.440624
0.969 	24.804115
0.970 	25.372977
0.971 	25.837309
0.972 	26.235095
0.973 	26.180887
0.974 	25.501386
0.975 	25.473794
0.976 	25.718757
0.977 	25.195065
0.978 	24.505192
0.979 	24.062621
0.980 	24.381552
0.981 	24.983775
0.982 	25.389921
0.983 	25.125169
0.984 	24.523551
0.985 	24.182268
0.986 	24.840031
0.987 	25.642154
0.988 	25.491573
0.989 	25.400745
0.990 	25.515763
0.991 	25.130463
0.992 	24.397251
0.993 	24.006773
0.994 	24.465505
0.995 	25.094019
0.996 	25.328935
0.997 	24.962898
0.998 	24.771811
0.999 	25.097762
1.000 	25.384756
1.001 	25.472172
1.002 	25.110386
1.003 	24.735693
1.004 	24.866583
1.005 	24.689751
1.006 	24.648561
1.007 	25.253242
1.008 	25.701500
1.009 	25.796000
1.010 	25.461833
1.011 	24.769504
1.012 	24.233016
1.013 	24.842787
1.014 	25.525544
1.015 	25.113316
1.016 	24.926972
1.017 	25.542283
1.018 	25.814984
1.019 	25.377077
1.020 	24.821546
1.021 	24.271446
1.022 	24.282004
1.023 	25.256343
1.024 	25.992728
1.025 	26.066129
1.026 	25.942124
1.027 	25.611311
1.028 	25.411801
1.029 	25.138500
1.030 	24.850720
1.031 	25.114795
1.032 	25.366508
1.033 	25.536340
1.034 	25.551354
1.035 	25.277871
1.036 	24.545438
1.037 	24.551082
1.038 	25.680546
1.039 	25.904122
1.040 	25.374709
1.041 	25.261251
1.042 	25.072356
1.043 	24.632744
1.044 	24.548142
1.045 	25.228640
1.046 	25.905720
1.047 	25.876980
1.048 	25.617219
1.049 	25.747337
1.050 	25.935030
1.051 	26.303434
1.052 	26.541121
1.053 	25.790483
1.054 	25.147244
1.055 	25.232039
1.056 	25.385426
1.057 	25.191595
1.058 	24.758939
1.059 	24.406614
1.060 	24.628996
1.061 	25.596028
1.062 	26.064097
1.063 	25.480211
1.064 	25.145877
1.065 	25.242514
1.066 	25.131276
1.067 	25.239535
1.068 	25.754095
1.069 	26.154246
1.070 	26.060247
1.071 	25.604959
1.072 	25.363784
1.073 	25.553810
1.074 	25.822257
1.075 	25.707266
1.076 	25.080994
1.077 	24.772896
1.078 	25.375237
1.079 	26.010790
1.080 	26.233892
1.081 	26.281814
1.082 	26.116316
1.083 	25.803392
1.084 	25.615299
1.085 	25.599310
1.086 	25.373136
1.087 	24.857793
1.088 	24.451280
1.089 	24.650105
1.090 	24.946565
1.091 	24.929628
1.092 	25.097858
1.093 	25.240506
1.094 	24.493001
1.095 	23.726123
1.096 	24.165333
1.097 	25.340917
1.098 	26.096736
1.099 	25.848665
1.100 	25.142414
1.101 	24.879605
1.102 	25.019696
1.103 	24.930640
1.104 	24.531325
1.105 	24.214610
1.106 	24.234448
1.107 	24.522092
1.108 	24.688104
1.109 	24.688142
1.110 	24.619217
1.111 	24.549649
1.112 	24.444975
1.113 	24.564813
1.114 	25.220739
1.115 	25.658917
1.116 	25.289500
1.117 	24.657290
1.118 	24.548469
1.119 	25.065350
1.120 	25.692398
1.121 	25.843532
1.122 	25.138931
1.123 	24.118605
1.124 	23.628311
1.125 	23.897487
1.126 	24.495139
1.127 	24.666636
1.128 	24.180522
1.129 	24.271707
1.130 	24.893748
1.131 	24.767398
1.132 	24.140502
1.133 	23.877404
1.134 	23.814327
1.135 	23.542758
1.136 	23.272139
1.137 	23.415012
1.138 	23.688066
1.139 	23.322728
1.140 	22.508428
1.141 	22.127019
1.142 	22.178349
1.143 	22.146633
1.144 	21.847111
1.145 	21.754915
1.146 	22.311291
1.147 	22.575173
1.148 	21.848082
1.149 	21.292826
1.150 	21.848406
1.151 	22.753999
1.152 	22.844051
1.153 	22.228154
1.154 	21.598459
1.155 	21.279694
1.156 	21.016433
1.157 	20.464028
1.158 	19.923886
1.159 	20.157627
1.160 	20.976080
1.161 	21.174423
1.162 	20.781534
1.163 	20.844986
1.164 	21.093570
1.165 	20.746390
1.166 	20.142998
1.167 	20.131584
1.168 	20.763286
1.169 	21.117356
1.170 	20.883283
1.171 	20.670304
1.172 	20.916778
1.173 	21.142024
1.174 	21.165534
1.175 	21.286187
1.176 	21.336861
1.177 	21.178833
1.178 	20.801573
1.179 	20.259251
1.180 	19.762151
1.181 	19.336597
1.182 	18.939479
1.183 	19.090106
1.184 	19.605122
1.185 	19.786825
1.186 	19.688802
1.187 	19.942387
1.188 	20.667110
1.189 	21.346117
1.190 	21.685965
1.191 	21.739301
1.192 	21.476580
1.193 	20.729882
1.194 	19.914105
1.195 	19.291777
1.196 	19.090427
1.197 	19.615681
1.198 	20.593675
1.199 	21.018067
1.200 	20.590196
1.201 	19.961289
1.202 	19.880401
1.203 	20.266526
1.204 	20.413541
1.205 	20.373864
1.206 	20.466246
1.207 	20.316906
1.208 	20.100779
1.209 	20.256262
1.210 	20.284775
1.211 	19.665039
1.212 	18.985041
1.213 	18.985105
1.214 	19.619257
1.215 	20.123606
1.216 	20.168638
1.217 	19.953589
1.218 	19.801313
1.219 	19.981586
1.220 	20.411423
1.221 	20.769688
1.222 	20.907843
1.223 	20.682223
1.224 	20.184516
1.225 	20.064481
1.226 	20.621803
1.227 	20.972065
1.228 	20.575785
1.229 	20.307631
1.230 	20.667847
1.231 	21.205010
1.232 	21.323101
1.233 	20.862234
1.234 	20.545381
1.235 	20.483589
1.236 	20.467208
1.237 	20.778194
1.238 	21.403618
1.239 	21.598983
1.240 	21.439554
1.241 	21.541592
1.242 	21.458062
1.243 	20.919684
1.244 	20.554773
1.245 	20.485727
1.246 	20.480018
1.247 	20.612037
1.248 	20.772807
1.249 	20.678145
1.250 	20.809592
1.251 	21.614454
1.252 	22.264283
1.253 	22.297006
1.254 	22.351264
1.255 	22.369332
1.256 	21.986675
1.257 	21.650927
1.258 	21.497739
1.259 	21.207111
1.260 	21.088682
1.261 	21.182793
1.262 	20.986916
1.263 	20.733327
1.264 	20.877383
1.265 	20.884650
1.266 	20.699911
1.267 	20.974659
1.268 	21.292064
1.269 	21.164561
1.270 	21.073213
1.271 	21.069544
1.272 	21.014544
1.273 	20.967044
1.274 	20.897410
1.275 	20.501204
1.276 	19.836287
1.277 	19.384003
1.278 	19.146052
1.279 	19.033594
1.280 	19.515611
1.281 	20.646754
1.282 	21.958804
1.283 	22.501500
1.284 	22.258910
1.285 	21.935727
1.286 	21.590707
1.287 	20.896315
1.288 	20.428450
1.289 	20.828665
1.290 	21.263056
1.291 	21.022177
1.292 	20.724506
1.293 	20.867722
1.294 	21.052286
1.295 	21.227537
1.296 	21.362395
1.297 	21.152468
1.298 	20.755726
1.299 	20.189462
1.300 	19.466818
1.301 	19.402423
1.302 	20.293121
1.303 	21.367502
1.304 	21.728594
1.305 	21.327442
1.306 	20.757957
1.307 	20.346015
1.308 	19.787046
1.309 	19.338224
1.310 	19.951671
1.311 	21.195339
1.312 	21.213183
1.313 	19.845926
1.314 	18.366847
1.315 	17.995234
1.316 	18.842319
1.317 	19.611356
1.318 	19.003236
1.319 	17.953089
1.320 	18.354138
1.321 	19.517657
1.322 	19.924371
1.323 	19.381577
1.324 	19.131579
1.325 	19.393773
1.326 	19.448169
1.327 	19.245157
1.328 	19.278949
1.329 	19.543244
1.330 	19.583665
1.331 	19.204235
1.332 	18.772990
1.333 	18.441895
1.334 	18.043806
1.335 	17.870293
1.336 	18.476926
1.337 	19.231156
1.338 	19.005233
1.339 	17.987542
1.340 	16.992667
1.341 	16.845956
1.342 	17.787997
1.343 	18.200883
1.344 	17.479358
1.345 	16.669912
1.346 	16.661433
1.347 	17.195926
1.348 	17.845850
1.349 	18.108203
1.350 	17.394902
1.351 	16.559766
1.352 	16.793321
1.353 	17.659445
1.354 	17.879640
1.355 	17.283429
1.356 	16.854792
1.357 	17.127844
1.358 	17.116441
1.359 	16.422257
1.360 	16.018635
1.361 	15.594073
1.362 	14.615448
1.363 	13.955012
1.364 	14.448320
1.365 	15.393696
1.366 	16.275733
1.367 	17.101180
1.368 	17.203769
1.369 	16.198033
1.370 	15.012552
1.371 	14.598602
1.372 	14.730325
1.373 	14.877068
1.374 	15.047947
1.375 	15.531528
1.376 	15.827254
1.377 	15.363987
1.378 	14.681335
1.379 	14.488075
1.380 	14.528566
1.381 	14.252685
1.382 	13.813040
1.383 	13.180017
1.384 	12.586619
1.385 	12.035565
1.386 	11.091551
1.387 	10.543758
1.388 	11.314904
1.389 	12.147874
1.390 	12.058074
1.391 	11.545001
1.392 	11.327222
1.393 	11.259179
1.394 	10.942776
1.395 	10.319722
1.396 	9.767818
1.397 	9.570448
1.398 	9.909586
1.399 	10.533570
1.400 	10.445324
1.401 	9.803772
1.402 	9.841426
1.403 	10.324140
1.404 	10.289343
1.405 	9.905788
1.406 	9.411172
1.407 	8.919214
1.408 	8.676654
1.409 	8.554562
1.410 	8.339647
1.411 	8.195907
1.412 	7.726732
1.413 	6.237857
1.414 	4.985692
1.415 	5.843321
1.416 	7.576940
1.417 	8.358109
1.418 	8.838785
1.419 	9.253639
1.420 	9.032533
1.421 	8.207765
1.422 	7.072519
1.423 	6.289271
1.424 	6.447488
1.425 	6.670644
1.426 	6.857688
1.427 	7.598031
1.428 	8.695350
1.429 	9.451130
1.430 	9.189953
1.431 	7.652530
1.432 	5.883309
1.433 	4.967711
1.434 	5.213601
1.435 	5.758689
1.436 	6.345535
1.437 	7.618909
1.438 	9.193837
1.439 	9.646778
1.440 	8.625090
1.441 	7.303995
1.442 	6.688869
1.443 	7.147951
1.444 	7.761803
1.445 	7.501624
1.446 	6.983097
1.447 	6.817555
1.448 	6.949887
1.449 	7.398162
1.450 	7.814679
1.451 	7.711378
1.452 	7.606671
1.453 	7.507865
1.454 	6.547949
1.455 	5.709070
1.456 	6.306215
1.457 	7.533305
1.458 	8.070075
1.459 	8.065176
1.460 	8.373532
1.461 	9.177561
1.462 	9.531932
1.463 	8.251392
1.464 	6.391322
1.465 	6.056789
1.466 	6.713252
1.467 	6.842629
1.468 	6.628003
1.469 	6.674057
1.470 	6.896227
1.471 	6.917664
1.472 	7.104982
1.473 	7.364933
1.474 	6.984953
1.475 	6.607571
1.476 	7.012228
1.477 	7.518244
1.478 	8.349275
1.479 	9.451600
1.480 	9.291534
1.481 	7.763153
1.482 	6.331901
1.483 	6.412399
1.484 	8.080100
1.485 	9.286694
1.486 	9.106050
1.487 	8.708392
1.488 	8.952465
1.489 	9.311259
1.490 	8.606029
1.491 	6.941611
1.492 	6.089738
1.493 	6.701766
1.494 	8.027768
1.495 	8.972588
1.496 	8.360860
1.497 	6.470761
1.498 	5.817418
1.499 	7.603626
1.500 	9.494427
1.501 	9.646243
1.502 	8.939064
1.503 	8.552314
1.504 	9.039492
1.505 	9.808053
1.506 	10.447780
1.507 	10.538815
1.508 	9.287805
1.509 	7.976877
1.510 	8.093590
1.511 	8.307641
1.512 	7.979527
1.513 	8.352382
1.514 	9.295993
1.515 	10.275779
1.516 	10.776274
1.517 	10.418045
1.518 	9.512531
1.519 	8.460964
1.520 	8.214061
1.521 	9.072847
1.522 	10.229484
1.523 	9.747188
1.524 	7.784061
1.525 	8.040341
1.526 	10.295482
1.527 	11.357449
1.528 	10.561055
1.529 	10.010994
1.530 	10.513476
1.531 	10.360091
1.532 	9.928693
1.533 	10.190282
1.534 	10.869289
1.535 	11.293823
1.536 	11.240782
1.537 	11.183284
1.538 	12.170612
1.539 	12.666826
1.540 	11.592078
1.541 	10.515010
1.542 	11.195915
1.543 	12.215805
1.544 	11.844225
1.545 	10.404733
1.546 	9.130036
1.547 	10.050395
1.548 	11.510454
1.549 	11.161171
1.550 	10.134243
1.551 	9.429915
1.552 	9.291137
1.553 	9.606989
1.554 	10.973145
1.555 	13.652777
1.556 	15.021507
1.557 	13.532662
1.558 	11.781108
1.559 	10.643441
1.560 	10.409924
1.561 	10.404451
1.562 	10.830528
1.563 	11.268655
1.564 	10.660180
1.565 	10.960197
1.566 	13.080998
1.567 	14.925728
1.568 	13.754604
1.569 	11.581048
1.570 	10.377146
1.571 	9.988983
1.572 	10.824194
1.573 	12.265600
1.574 	11.774229
1.575 	11.013588
1.576 	12.045345
1.577 	13.166985
1.578 	12.139912
1.579 	10.543957
1.580 	10.058591
1.581 	11.571283
1.582 	13.297706
1.583 	14.673788
1.584 	15.286225
1.585 	14.198418
1.586 	11.642240
1.587 	9.245495
1.588 	10.106539
1.589 	11.658961
1.590 	13.100542
1.591 	14.658151
1.592 	15.107217
1.593 	14.500864
1.594 	14.719992
1.595 	13.102581
1.596 	9.920773
1.597 	9.236341
1.598 	11.263581
1.599 	14.143346
1.600 	14.332420
1.601 	13.443422
1.602 	12.765073
1.603 	12.732722
1.604 	13.428894
1.605 	13.319371
1.606 	12.434990
1.607 	12.186746
1.608 	12.446365
1.609 	12.723320
1.610 	12.909503
1.611 	12.067373
1.612 	13.533886
1.613 	15.120161
1.614 	13.488169
1.615 	11.430270
1.616 	11.497454
1.617 	12.982468
1.618 	14.154339
1.619 	14.333202
1.620 	12.964564
1.621 	12.239104
1.622 	12.665982
1.623 	12.019556
1.624 	11.892788
1.625 	14.196846
1.626 	15.889476
1.627 	15.616777
1.628 	14.953962
1.629 	13.941765
1.630 	13.563284
1.631 	13.846665
1.632 	14.186820
1.633 	15.452811
1.634 	14.915752
1.635 	13.719055
1.636 	14.380971
1.637 	13.998289
1.638 	14.867351
1.639 	15.477908
1.640 	14.001875
1.641 	11.712731
1.642 	11.277663
1.643 	12.902704
1.644 	12.181626
1.645 	12.597101
1.646 	14.710137
1.647 	16.151823
1.648 	16.852085
1.649 	15.678251
1.650 	14.500713
1.651 	13.354247
1.652 	14.503575
1.653 	16.935581
1.654 	17.472523
1.655 	16.493250
1.656 	13.154511
1.657 	14.197850
1.658 	17.828067
1.659 	12.964836
1.660 	10.108149
1.661 	12.518235
1.662 	14.279609
1.663 	14.459753
1.664 	12.130311
1.665 	13.056676
1.666 	14.039094
1.667 	12.691428
1.668 	14.829329
1.669 	17.718024
1.670 	20.856635
1.671 	17.267442
1.672 	14.032811
1.673 	15.398222
1.674 	15.655195
1.675 	15.467789
1.676 	12.003636
1.677 	8.272881
1.678 	12.017494
1.679 	16.813741
1.680 	13.516843
1.681 	9.633109
1.682 	12.368012
1.683 	13.456819
1.684 	10.325768
1.685 	14.276037
1.686 	18.382983
1.687 	17.197230
1.688 	18.800926
1.689 	18.010799
1.690 	11.435878
1.691 	10.023862
1.692 	9.141841
1.693 	19.217890
1.694 	25.657591
1.695 	13.596133
1.696 	11.617704
1.697 	22.593052
1.698 	12.488960
1.699 	15.370186
1.700 	13.933977
