0.660 	30.148561
0.661 	18.675074
0.662 	30.053914
0.663 	33.014847
0.664 	28.795205
0.665 	32.898576
0.666 	24.047316
0.667 	27.575345
0.668 	30.263133
0.669 	23.747943
0.670 	28.729048
0.671 	31.902825
0.672 	30.949863
0.673 	28.258789
0.674 	28.514994
0.675 	25.896979
0.676 	28.107643
0.677 	30.778758
0.678 	28.754937
0.679 	26.760036
0.680 	28.983504
0.681 	26.039397
0.682 	31.191044
0.683 	31.474601
0.684 	26.019309
0.685 	26.572182
0.686 	28.432346
0.687 	26.276675
0.688 	28.440097
0.689 	30.822570
0.690 	28.561880
0.691 	27.034751
0.692 	30.018779
0.693 	30.054418
0.694 	27.847722
0.695 	26.898104
0.696 	29.005677
0.697 	28.815613
0.698 	30.516273
0.699 	29.362670
0.700 	28.543133
0.701 	29.584763
0.702 	31.290741
0.703 	28.790075
0.704 	26.747824
0.705 	26.867564
0.706 	27.495803
0.707 	27.835186
0.708 	26.299392
0.709 	27.336960
0.710 	28.513570
0.711 	27.856889
0.712 	28.050834
0.713 	29.275358
0.714 	28.488842
0.715 	25.075580
0.716 	26.470379
0.717 	29.471725
0.718 	28.625233
0.719 	28.785625
0.720 	28.885750
0.721 	28.289219
0.722 	27.186629
0.723 	25.174248
0.724 	27.038254
0.725 	29.694947
0.726 	28.627418
0.727 	26.229919
0.728 	26.814465
0.729 	29.258557
0.730 	28.262136
0.731 	24.435761
0.732 	25.754018
0.733 	29.389002
0.734 	29.514080
0.735 	27.018524
0.736 	26.475424
0.737 	27.187857
0.738 	26.617993
0.739 	25.915365
0.740 	27.097220
0.741 	29.429784
0.742 	29.632497
0.743 	27.760384
0.744 	27.150584
0.745 	27.952057
0.746 	26.448332
0.747 	23.944143
0.748 	24.769984
0.749 	28.130641
0.750 	28.926639
0.751 	27.580373
0.752 	26.179932
0.753 	25.438318
0.754 	26.627616
0.755 	26.522501
0.756 	25.468609
0.757 	24.920169
0.758 	26.408595
0.759 	27.904629
0.760 	26.647784
0.761 	25.072012
0.762 	26.097747
0.763 	27.261837
0.764 	27.326522
0.765 	26.802558
0.766 	25.479439
0.767 	25.834877
0.768 	26.882052
0.769 	26.669061
0.770 	25.778664
0.771 	26.617949
0.772 	27.860892
0.773 	26.524170
0.774 	24.203968
0.775 	24.314546
0.776 	26.441451
0.777 	27.473427
0.778 	26.895327
0.779 	26.063371
0.780 	25.882140
0.781 	26.541078
0.782 	27.188991
0.783 	26.748329
0.784 	25.770435
0.785 	25.458340
0.786 	25.884748
0.787 	26.477156
0.788 	25.366861
0.789 	23.651250
0.790 	24.385458
0.791 	26.743137
0.792 	27.958536
0.793 	27.417359
0.794 	25.674143
0.795 	25.402054
0.796 	26.502522
0.797 	26.690942
0.798 	25.974522
0.799 	25.558811
0.800 	25.498631
0.801 	25.978433
0.802 	25.955472
0.803 	25.129020
0.804 	24.424281
0.805 	25.173602
0.806 	26.039944
0.807 	26.196848
0.808 	26.214140
0.809 	25.503364
0.810 	25.431591
0.811 	26.033398
0.812 	26.196926
0.813 	25.815395
0.814 	25.675145
0.815 	26.346171
0.816 	26.628523
0.817 	26.062065
0.818 	25.313177
0.819 	24.181912
0.820 	23.842995
0.821 	25.113002
0.822 	26.192631
0.823 	25.911734
0.824 	24.676154
0.825 	24.544037
0.826 	25.583457
0.827 	25.897239
0.828 	25.188045
0.829 	23.772125
0.830 	23.003547
0.831 	23.854751
0.832 	24.962292
0.833 	25.155955
0.834 	24.724995
0.835 	24.110633
0.836 	24.493439
0.837 	25.818670
0.838 	26.108883
0.839 	25.379921
0.840 	25.142778
0.841 	25.679802
0.842 	25.712566
0.843 	25.417682
0.844 	24.749346
0.845 	23.089148
0.846 	22.525111
0.847 	23.904367
0.848 	25.239455
0.849 	25.596832
0.850 	25.069222
0.851 	23.913842
0.852 	23.314456
0.853 	24.234448
0.854 	25.665053
0.855 	25.721876
0.856 	24.314018
0.857 	23.302015
0.858 	23.626092
0.859 	24.229867
0.860 	24.329502
0.861 	24.588946
0.862 	24.604717
0.863 	24.340573
0.864 	24.837775
0.865 	25.182498
0.866 	24.482982
0.867 	23.504705
0.868 	23.519631
0.869 	24.509119
0.870 	25.057997
0.871 	24.578236
0.872 	23.637568
0.873 	22.810310
0.874 	22.798287
0.875 	23.548491
0.876 	24.172730
0.877 	24.406499
0.878 	24.371623
0.879 	24.103301
0.880 	23.821279
0.881 	23.551964
0.882 	23.610863
0.883 	23.876536
0.884 	23.822660
0.885 	24.046146
0.886 	24.527402
0.887 	24.593061
0.888 	24.434200
0.889 	24.053117
0.890 	23.218795
0.891 	22.572066
0.892 	23.078466
0.893 	24.425844
0.894 	24.860411
0.895 	24.090174
0.896 	23.429574
0.897 	23.365277
0.898 	23.169606
0.899 	22.469779
0.900 	22.032332
0.901 	22.145338
0.902 	22.306637
0.903 	22.860099
0.904 	23.653437
0.905 	23.666848
0.906 	22.754501
0.907 	21.794109
0.908 	21.731869
0.909 	22.948800
0.910 	24.050743
0.911 	24.151973
0.912 	23.388526
0.913 	22.568649
0.914 	22.353323
0.915 	22.611905
0.916 	22.932107
0.917 	22.887577
0.918 	22.368556
0.919 	21.831289
0.920 	22.104057
0.921 	22.857357
0.922 	23.214961
0.923 	22.829361
0.924 	22.174887
0.925 	21.651494
0.926 	21.487897
0.927 	21.852307
0.928 	22.628612
0.929 	22.878957
0.930 	22.255276
0.931 	21.594826
0.932 	22.143889
0.933 	23.331008
0.934 	23.603334
0.935 	22.806293
0.936 	21.718428
0.937 	20.995377
0.938 	21.212058
0.939 	22.116919
0.940 	22.704485
0.941 	22.206390
0.942 	20.981245
0.943 	20.074591
0.944 	20.286410
0.945 	21.467651
0.946 	22.488005
0.947 	22.357739
0.948 	21.056316
0.949 	20.268706
0.950 	20.612318
0.951 	20.951553
0.952 	20.809803
0.953 	20.373553
0.954 	19.469366
0.955 	18.668754
0.956 	19.385206
0.957 	20.736872
0.958 	21.314330
0.959 	20.950768
0.960 	19.885690
0.961 	19.331033
0.962 	19.913740
0.963 	20.785085
0.964 	20.815923
0.965 	20.031507
0.966 	19.374078
0.967 	19.227293
0.968 	19.590142
0.969 	19.886893
0.970 	20.299054
0.971 	20.937587
0.972 	20.795367
0.973 	19.888441
0.974 	19.394804
0.975 	19.941657
0.976 	20.369491
0.977 	19.792182
0.978 	19.193893
0.979 	19.130672
0.980 	19.412756
0.981 	20.334241
0.982 	20.631968
0.983 	19.917424
0.984 	19.184781
0.985 	18.849566
0.986 	19.013869
0.987 	19.446737
0.988 	20.042412
0.989 	19.954699
0.990 	19.460574
0.991 	19.865423
0.992 	20.144748
0.993 	19.553897
0.994 	19.159908
0.995 	19.356189
0.996 	19.695600
0.997 	18.894336
0.998 	18.580049
0.999 	19.566299
1.000 	19.856007
1.001 	19.424104
1.002 	19.482234
1.003 	20.027282
1.004 	20.481168
1.005 	20.181392
1.006 	19.796396
1.007 	19.604235
1.008 	19.150754
1.009 	19.826474
1.010 	20.931367
1.011 	20.892647
1.012 	20.262553
1.013 	19.967837
1.014 	19.713495
1.015 	19.182012
1.016 	19.112830
1.017 	20.027304
1.018 	20.852789
1.019 	20.744547
1.020 	19.706842
1.021 	18.803916
1.022 	19.334518
1.023 	20.446997
1.024 	20.821809
1.025 	20.597899
1.026 	20.556839
1.027 	20.705402
1.028 	20.642766
1.029 	20.012535
1.030 	19.836921
1.031 	19.851982
1.032 	19.357058
1.033 	19.467282
1.034 	20.077351
1.035 	20.554561
1.036 	20.694549
1.037 	20.591950
1.038 	20.560252
1.039 	20.628011
1.040 	20.675940
1.041 	20.717652
1.042 	20.317047
1.043 	20.147075
1.044 	20.584371
1.045 	20.606319
1.046 	19.907667
1.047 	19.339620
1.048 	19.821511
1.049 	20.703784
1.050 	21.031898
1.051 	21.197066
1.052 	21.364103
1.053 	20.658121
1.054 	19.501016
1.055 	19.167808
1.056 	19.899683
1.057 	20.358332
1.058 	20.682858
1.059 	20.934032
1.060 	20.492408
1.061 	20.259622
1.062 	20.798267
1.063 	21.021103
1.064 	20.299065
1.065 	19.901443
1.066 	20.612499
1.067 	21.364132
1.068 	21.462621
1.069 	21.332158
1.070 	21.045345
1.071 	20.164541
1.072 	19.527147
1.073 	20.033362
1.074 	21.099287
1.075 	21.359697
1.076 	20.560550
1.077 	20.036090
1.078 	20.486952
1.079 	20.877598
1.080 	20.808509
1.081 	20.919320
1.082 	21.158834
1.083 	20.895716
1.084 	20.250549
1.085 	20.089373
1.086 	20.300452
1.087 	20.328934
1.088 	20.367326
1.089 	20.539528
1.090 	20.403860
1.091 	19.890072
1.092 	19.411794
1.093 	19.404444
1.094 	19.586731
1.095 	19.858851
1.096 	20.377264
1.097 	20.873516
1.098 	21.120359
1.099 	20.886073
1.100 	20.572358
1.101 	20.863943
1.102 	21.061464
1.103 	20.140008
1.104 	18.884567
1.105 	18.717022
1.106 	19.363349
1.107 	19.825894
1.108 	20.035093
1.109 	19.891661
1.110 	19.227766
1.111 	18.667263
1.112 	18.716537
1.113 	19.094608
1.114 	19.481294
1.115 	19.844590
1.116 	20.213631
1.117 	20.296127
1.118 	19.765842
1.119 	19.291485
1.120 	19.650983
1.121 	20.234819
1.122 	19.796842
1.123 	18.810284
1.124 	18.624835
1.125 	19.321846
1.126 	19.925711
1.127 	19.594899
1.128 	18.780091
1.129 	18.665829
1.130 	19.051681
1.131 	19.066725
1.132 	18.840701
1.133 	18.645676
1.134 	18.553843
1.135 	18.717659
1.136 	19.052774
1.137 	18.814655
1.138 	17.649799
1.139 	16.651009
1.140 	16.302999
1.141 	16.314429
1.142 	16.645415
1.143 	16.875062
1.144 	16.705319
1.145 	16.332144
1.146 	15.827044
1.147 	14.966749
1.148 	14.306886
1.149 	14.586637
1.150 	15.524292
1.151 	16.558638
1.152 	16.986025
1.153 	16.509970
1.154 	15.608263
1.155 	15.105583
1.156 	15.196236
1.157 	15.233707
1.158 	14.855860
1.159 	14.626790
1.160 	14.849303
1.161 	14.938638
1.162 	14.685350
1.163 	14.670553
1.164 	14.922788
1.165 	14.879888
1.166 	14.429327
1.167 	14.163572
1.168 	14.123665
1.169 	13.852901
1.170 	13.606156
1.171 	13.745710
1.172 	14.142022
1.173 	14.566808
1.174 	14.759456
1.175 	14.486987
1.176 	14.034778
1.177 	13.876759
1.178 	14.143210
1.179 	14.347113
1.180 	13.916170
1.181 	13.160949
1.182 	13.068820
1.183 	13.921463
1.184 	14.459525
1.185 	13.851022
1.186 	12.917198
1.187 	12.785828
1.188 	13.285946
1.189 	14.021353
1.190 	14.801117
1.191 	15.095257
1.192 	15.007093
1.193 	14.593381
1.194 	13.980496
1.195 	13.544885
1.196 	13.310852
1.197 	13.143114
1.198 	13.219390
1.199 	13.425756
1.200 	13.329177
1.201 	12.986916
1.202 	13.159540
1.203 	13.796212
1.204 	14.062731
1.205 	14.055089
1.206 	14.193648
1.207 	14.065626
1.208 	13.792287
1.209 	13.871927
1.210 	13.991749
1.211 	13.672227
1.212 	12.953290
1.213 	12.473022
1.214 	12.793142
1.215 	13.401967
1.216 	13.992764
1.217 	14.566587
1.218 	14.658749
1.219 	14.009759
1.220 	13.616199
1.221 	13.831429
1.222 	13.967094
1.223 	13.799541
1.224 	13.757413
1.225 	14.161131
1.226 	14.628632
1.227 	14.531225
1.228 	13.851552
1.229 	13.418196
1.230 	13.785133
1.231 	14.465261
1.232 	14.828901
1.233 	14.513785
1.234 	13.993292
1.235 	13.873526
1.236 	14.584431
1.237 	15.581139
1.238 	15.822254
1.239 	15.315891
1.240 	15.040153
1.241 	15.184529
1.242 	14.909330
1.243 	14.195838
1.244 	14.022903
1.245 	14.605019
1.246 	15.208661
1.247 	15.252761
1.248 	15.117539
1.249 	15.195486
1.250 	15.502155
1.251 	15.926264
1.252 	16.155138
1.253 	15.947957
1.254 	15.465618
1.255 	15.063797
1.256 	14.790524
1.257 	14.388026
1.258 	13.884995
1.259 	14.094053
1.260 	15.124429
1.261 	15.646367
1.262 	15.020257
1.263 	13.927687
1.264 	13.751897
1.265 	14.666748
1.266 	15.624027
1.267 	15.807715
1.268 	15.273516
1.269 	14.854452
1.270 	15.101052
1.271 	15.312785
1.272 	14.824421
1.273 	14.333988
1.274 	14.467613
1.275 	14.765013
1.276 	14.673380
1.277 	14.539749
1.278 	14.713484
1.279 	15.061370
1.280 	15.387326
1.281 	15.434381
1.282 	15.373495
1.283 	15.646113
1.284 	15.964010
1.285 	15.830114
1.286 	15.326479
1.287 	14.835604
1.288 	14.438374
1.289 	14.226322
1.290 	13.911508
1.291 	13.411112
1.292 	13.463662
1.293 	14.234009
1.294 	14.938441
1.295 	15.116020
1.296 	14.981330
1.297 	14.643429
1.298 	14.415051
1.299 	14.561495
1.300 	14.897304
1.301 	14.938358
1.302 	14.615781
1.303 	14.405312
1.304 	14.571833
1.305 	14.531517
1.306 	13.683239
1.307 	12.848327
1.308 	12.943275
1.309 	13.886385
1.310 	15.002731
1.311 	15.371139
1.312 	14.524318
1.313 	13.201250
1.314 	12.445579
1.315 	12.317841
1.316 	12.267617
1.317 	12.208223
1.318 	12.386688
1.319 	12.945637
1.320 	13.839800
1.321 	14.434268
1.322 	13.967047
1.323 	12.684977
1.324 	11.677568
1.325 	11.091611
1.326 	10.841979
1.327 	11.153925
1.328 	11.987763
1.329 	13.015577
1.330 	13.799599
1.331 	13.434591
1.332 	12.268568
1.333 	11.689069
1.334 	11.881487
1.335 	11.888567
1.336 	11.765342
1.337 	11.824989
1.338 	12.125159
1.339 	12.435543
1.340 	12.388797
1.341 	12.199720
1.342 	12.154427
1.343 	11.797964
1.344 	10.868728
1.345 	9.870958
1.346 	9.298690
1.347 	9.185322
1.348 	9.808556
1.349 	10.792938
1.350 	11.318354
1.351 	11.427677
1.352 	11.675880
1.353 	11.836340
1.354 	11.546807
1.355 	10.995229
1.356 	10.432161
1.357 	10.150164
1.358 	10.097312
1.359 	9.746870
1.360 	9.065703
1.361 	8.366582
1.362 	7.835227
1.363 	7.607031
1.364 	8.071483
1.365 	9.066345
1.366 	10.117117
1.367 	10.709356
1.368 	10.234889
1.369 	8.828461
1.370 	7.937473
1.371 	8.047962
1.372 	8.469187
1.373 	8.422636
1.374 	8.126936
1.375 	8.407121
1.376 	8.982655
1.377 	9.287900
1.378 	9.076635
1.379 	8.829904
1.380 	9.081487
1.381 	9.175248
1.382 	8.537296
1.383 	7.409007
1.384 	6.539251
1.385 	5.921294
1.386 	5.109834
1.387 	4.574471
1.388 	5.261083
1.389 	6.583399
1.390 	7.574929
1.391 	7.798434
1.392 	7.510849
1.393 	6.806265
1.394 	5.814106
1.395 	5.096820
1.396 	5.060515
1.397 	5.148340
1.398 	5.478092
1.399 	5.985355
1.400 	5.843830
1.401 	5.175822
1.402 	5.105936
1.403 	5.635455
1.404 	5.899471
1.405 	5.729994
1.406 	5.009720
1.407 	3.964425
1.408 	3.487522
1.409 	3.687316
1.410 	3.732230
1.411 	4.096143
1.412 	4.949054
1.413 	5.104013
1.414 	4.123974
1.415 	3.677868
1.416 	3.973722
1.417 	3.994157
1.418 	4.251208
1.419 	4.807556
1.420 	4.761620
1.421 	4.319050
1.422 	3.747995
1.423 	3.563352
1.424 	4.400607
1.425 	5.023540
1.426 	4.673220
1.427 	4.560166
1.428 	4.981740
1.429 	4.983134
1.430 	4.021013
1.431 	2.358700
1.432 	1.536361
1.433 	2.497379
1.434 	3.949938
1.435 	4.747877
1.436 	5.229595
1.437 	5.545831
1.438 	5.822544
1.439 	6.250043
1.440 	5.744498
1.441 	3.709764
1.442 	1.917591
1.443 	2.123626
1.444 	3.395902
1.445 	4.563674
1.446 	4.922696
1.447 	5.337074
1.448 	6.185692
1.449 	6.554473
1.450 	5.855052
1.451 	4.161743
1.452 	2.766885
1.453 	3.014396
1.454 	4.248216
1.455 	4.493558
1.456 	3.731839
1.457 	3.296511
1.458 	3.411550
1.459 	3.628134
1.460 	3.942329
1.461 	4.594773
1.462 	5.044632
1.463 	5.153321
1.464 	4.984287
1.465 	4.299465
1.466 	3.660355
1.467 	3.861284
1.468 	4.419715
1.469 	3.881910
1.470 	2.986107
1.471 	3.587126
1.472 	5.174362
1.473 	5.190328
1.474 	3.946983
1.475 	3.748837
1.476 	4.205943
1.477 	4.355117
1.478 	5.087194
1.479 	6.808158
1.480 	7.967167
1.481 	6.322875
1.482 	2.772378
1.483 	1.738455
1.484 	4.068725
1.485 	6.279561
1.486 	6.727404
1.487 	6.096592
1.488 	4.994862
1.489 	4.228983
1.490 	3.833998
1.491 	3.353329
1.492 	3.529116
1.493 	4.468755
1.494 	4.786081
1.495 	4.127820
1.496 	3.647362
1.497 	3.491151
1.498 	3.693016
1.499 	4.225056
1.500 	4.517216
1.501 	4.639478
1.502 	4.229010
1.503 	3.545620
1.504 	4.116836
1.505 	5.621920
1.506 	6.321616
1.507 	5.550866
1.508 	4.692000
1.509 	4.769122
1.510 	5.245359
1.511 	4.984512
1.512 	4.021869
1.513 	3.869160
1.514 	4.493301
1.515 	4.750406
1.516 	4.876969
1.517 	5.313905
1.518 	5.327080
1.519 	4.667810
1.520 	4.484749
1.521 	5.341922
1.522 	5.888272
1.523 	5.215981
1.524 	4.294199
1.525 	4.870428
1.526 	6.312515
1.527 	6.468418
1.528 	5.256547
1.529 	5.074549
1.530 	5.607912
1.531 	5.499816
1.532 	5.600919
1.533 	5.572653
1.534 	4.978693
1.535 	4.616806
1.536 	4.587952
1.537 	5.238942
1.538 	6.657363
1.539 	7.664055
1.540 	7.612346
1.541 	6.323746
1.542 	5.324418
1.543 	5.895023
1.544 	6.892443
1.545 	6.379464
1.546 	5.043018
1.547 	4.680376
1.548 	4.842706
1.549 	4.634668
1.550 	3.905296
1.551 	3.490554
1.552 	4.902983
1.553 	6.702796
1.554 	7.379263
1.555 	7.503977
1.556 	6.909029
1.557 	6.549427
1.558 	6.737473
1.559 	6.649390
1.560 	6.352357
1.561 	5.181234
1.562 	3.594532
1.563 	3.262427
1.564 	3.201576
1.565 	4.039552
1.566 	6.862843
1.567 	9.013387
1.568 	8.415739
1.569 	7.363814
1.570 	7.033094
1.571 	6.601942
1.572 	5.876574
1.573 	5.457163
1.574 	5.050566
1.575 	4.237572
1.576 	4.204988
1.577 	5.980991
1.578 	6.848030
1.579 	5.585495
1.580 	4.888170
1.581 	6.059202
1.582 	7.641837
1.583 	9.554667
1.584 	9.860976
1.585 	7.637135
1.586 	4.848826
1.587 	3.573132
1.588 	5.404276
1.589 	5.946210
1.590 	5.289288
1.591 	7.310529
1.592 	9.181485
1.593 	8.408121
1.594 	8.084374
1.595 	6.893318
1.596 	5.547708
1.597 	6.812023
1.598 	7.466951
1.599 	7.202259
1.600 	7.524491
1.601 	6.741587
1.602 	6.350476
1.603 	7.017412
1.604 	7.021469
1.605 	6.390985
1.606 	6.521581
1.607 	7.727779
1.608 	8.741152
1.609 	6.382296
1.610 	6.218471
1.611 	7.242348
1.612 	6.961441
1.613 	7.536792
1.614 	6.662327
1.615 	5.524456
1.616 	5.930872
1.617 	7.534760
1.618 	10.108931
1.619 	11.281008
1.620 	9.135303
1.621 	4.534984
1.622 	3.094290
1.623 	5.313683
1.624 	6.608146
1.625 	6.821912
1.626 	7.164299
1.627 	7.092909
1.628 	7.142812
1.629 	7.195190
1.630 	7.404909
1.631 	8.225145
1.632 	8.309225
1.633 	8.591678
1.634 	8.718696
1.635 	9.277215
1.636 	8.310820
1.637 	6.549800
1.638 	6.428991
1.639 	5.796040
1.640 	7.385230
1.641 	11.008079
1.642 	10.434728
1.643 	6.790119
1.644 	3.802046
1.645 	5.539837
1.646 	7.963115
1.647 	9.826141
1.648 	10.553409
1.649 	9.321667
1.650 	9.130147
1.651 	7.324778
1.652 	6.803997
1.653 	7.798216
1.654 	7.372123
1.655 	8.265428
1.656 	8.377127
1.657 	10.128333
1.658 	11.940626
1.659 	8.281591
1.660 	3.823752
1.661 	4.146804
1.662 	9.909879
1.663 	13.317453
1.664 	7.892013
1.665 	7.516257
1.666 	9.709071
1.667 	7.953595
1.668 	6.979772
1.669 	8.070671
1.670 	11.365481
1.671 	10.394956
1.672 	9.760983
1.673 	11.766238
1.674 	8.168642
1.675 	6.937523
1.676 	7.505967
1.677 	3.797602
1.678 	4.964169
1.679 	9.968330
1.680 	6.835095
1.681 	5.044642
1.682 	15.829027
1.683 	9.880272
1.684 	-0.174083
1.685 	4.270941
1.686 	9.235009
1.687 	9.261068
1.688 	7.677010
1.689 	4.480959
1.690 	6.403607
1.691 	11.800812
1.692 	9.158768
1.693 	10.832437
1.694 	9.385423
1.695 	10.983607
1.696 	8.003393
1.697 	-4.840104
1.698 	0.564082
1.699 	10.727462
1.700 	17.982850
