0.660 	37.207298
0.661 	29.560120
0.662 	32.682164
0.663 	35.142976
0.664 	33.769047
0.665 	35.341437
0.666 	32.232234
0.667 	32.916029
0.668 	31.766782
0.669 	29.297473
0.670 	33.517841
0.671 	35.006928
0.672 	32.526694
0.673 	35.327954
0.674 	33.885728
0.675 	31.354333
0.676 	33.195843
0.677 	32.211665
0.678 	32.301005
0.679 	32.483844
0.680 	31.595189
0.681 	33.395542
0.682 	37.622611
0.683 	34.255268
0.684 	31.055727
0.685 	35.460092
0.686 	34.943079
0.687 	28.741511
0.688 	30.777519
0.689 	36.981761
0.690 	32.242505
0.691 	29.917721
0.692 	32.732288
0.693 	34.155361
0.694 	32.421659
0.695 	34.046661
0.696 	36.575579
0.697 	32.563940
0.698 	31.196626
0.699 	33.916982
0.700 	32.370525
0.701 	31.494006
0.702 	35.350723
0.703 	34.547787
0.704 	31.967788
0.705 	33.014818
0.706 	35.213431
0.707 	33.572293
0.708 	31.340293
0.709 	32.136366
0.710 	32.597127
0.711 	31.240686
0.712 	31.268536
0.713 	32.941611
0.714 	31.766051
0.715 	29.876424
0.716 	32.898462
0.717 	36.839581
0.718 	35.687643
0.719 	32.338446
0.720 	32.535415
0.721 	33.928134
0.722 	33.689432
0.723 	30.545103
0.724 	30.519224
0.725 	34.136776
0.726 	32.660418
0.727 	30.160444
0.728 	32.691696
0.729 	34.285699
0.730 	33.050060
0.731 	30.154586
0.732 	30.374132
0.733 	32.595712
0.734 	33.566422
0.735 	32.697807
0.736 	31.056507
0.737 	31.195357
0.738 	32.917214
0.739 	32.576226
0.740 	31.627596
0.741 	32.919882
0.742 	34.319839
0.743 	33.072249
0.744 	31.589592
0.745 	32.859619
0.746 	32.724929
0.747 	30.013151
0.748 	29.892984
0.749 	32.580825
0.750 	33.585357
0.751 	32.279510
0.752 	30.576826
0.753 	30.775936
0.754 	32.357300
0.755 	33.868608
0.756 	32.458504
0.757 	29.747374
0.758 	30.875526
0.759 	33.064875
0.760 	32.137184
0.761 	30.936704
0.762 	32.142472
0.763 	34.048342
0.764 	34.178654
0.765 	32.815415
0.766 	31.250741
0.767 	31.916427
0.768 	32.534748
0.769 	31.535484
0.770 	30.205579
0.771 	30.821560
0.772 	32.064461
0.773 	31.920963
0.774 	31.122679
0.775 	30.552908
0.776 	31.308095
0.777 	31.661964
0.778 	30.607577
0.779 	29.543741
0.780 	29.797931
0.781 	31.778441
0.782 	33.504271
0.783 	33.249864
0.784 	31.130175
0.785 	30.013297
0.786 	30.967601
0.787 	32.230570
0.788 	31.414586
0.789 	29.969307
0.790 	30.308570
0.791 	32.441152
0.792 	34.016539
0.793 	33.640485
0.794 	31.355219
0.795 	30.387438
0.796 	31.175740
0.797 	31.813160
0.798 	32.065458
0.799 	31.903292
0.800 	31.415259
0.801 	31.379627
0.802 	31.468610
0.803 	30.822359
0.804 	30.056463
0.805 	30.783907
0.806 	31.818716
0.807 	32.144493
0.808 	31.245484
0.809 	30.324412
0.810 	31.211074
0.811 	31.854609
0.812 	31.235582
0.813 	30.429461
0.814 	30.173998
0.815 	31.087733
0.816 	32.052268
0.817 	31.894265
0.818 	31.176279
0.819 	30.266719
0.820 	29.875994
0.821 	30.728584
0.822 	31.996715
0.823 	32.067964
0.824 	30.380939
0.825 	29.619561
0.826 	30.377761
0.827 	30.810424
0.828 	30.501586
0.829 	29.602459
0.830 	29.703908
0.831 	31.292671
0.832 	32.191977
0.833 	31.471787
0.834 	29.929217
0.835 	29.167202
0.836 	30.071124
0.837 	31.343296
0.838 	31.537540
0.839 	31.119483
0.840 	30.721569
0.841 	30.843590
0.842 	31.686275
0.843 	32.228577
0.844 	31.372123
0.845 	29.549256
0.846 	28.384690
0.847 	29.059463
0.848 	30.577927
0.849 	31.103746
0.850 	30.234483
0.851 	29.034146
0.852 	28.856227
0.853 	30.015213
0.854 	31.229758
0.855 	31.022051
0.856 	29.863801
0.857 	29.223661
0.858 	29.717207
0.859 	30.683490
0.860 	31.037304
0.861 	30.401578
0.862 	29.499848
0.863 	29.595204
0.864 	30.248869
0.865 	30.308176
0.866 	29.820975
0.867 	29.462459
0.868 	29.993019
0.869 	30.778138
0.870 	30.783254
0.871 	30.803042
0.872 	31.013686
0.873 	30.329467
0.874 	29.491058
0.875 	30.003221
0.876 	31.022822
0.877 	30.912298
0.878 	30.079208
0.879 	29.416618
0.880 	29.303786
0.881 	29.763762
0.882 	30.003953
0.883 	29.608708
0.884 	28.952030
0.885 	28.857209
0.886 	29.623367
0.887 	30.521616
0.888 	30.850244
0.889 	30.379153
0.890 	29.702990
0.891 	29.402267
0.892 	29.750038
0.893 	30.202268
0.894 	29.676781
0.895 	28.861923
0.896 	28.995174
0.897 	29.789772
0.898 	30.429928
0.899 	30.008852
0.900 	29.106823
0.901 	28.754331
0.902 	28.881406
0.903 	29.217322
0.904 	29.525628
0.905 	29.697069
0.906 	29.582525
0.907 	28.781614
0.908 	27.927676
0.909 	28.660396
0.910 	29.945694
0.911 	30.084722
0.912 	29.233888
0.913 	28.827489
0.914 	29.154469
0.915 	29.254013
0.916 	28.940334
0.917 	28.874202
0.918 	29.043751
0.919 	28.925881
0.920 	28.636341
0.921 	28.374445
0.922 	27.997025
0.923 	27.713588
0.924 	27.666325
0.925 	27.524809
0.926 	27.494429
0.927 	28.404246
0.928 	29.588851
0.929 	29.467123
0.930 	28.375952
0.931 	27.912460
0.932 	28.476078
0.933 	29.278063
0.934 	29.701478
0.935 	29.665864
0.936 	29.201331
0.937 	28.594843
0.938 	28.573348
0.939 	28.733270
0.940 	28.597073
0.941 	28.073455
0.942 	27.467977
0.943 	27.507328
0.944 	28.038280
0.945 	28.958823
0.946 	29.732268
0.947 	30.024551
0.948 	29.598466
0.949 	28.720362
0.950 	28.026669
0.951 	27.450926
0.952 	27.587244
0.953 	27.716478
0.954 	27.375784
0.955 	27.082951
0.956 	27.729805
0.957 	28.015094
0.958 	27.842798
0.959 	27.862794
0.960 	27.670482
0.961 	27.659015
0.962 	27.997499
0.963 	28.185940
0.964 	27.566099
0.965 	27.075075
0.966 	26.840351
0.967 	26.778630
0.968 	26.776946
0.969 	27.531809
0.970 	28.808625
0.971 	29.055572
0.972 	28.016110
0.973 	27.069028
0.974 	26.748482
0.975 	27.292635
0.976 	27.776870
0.977 	27.521268
0.978 	27.318399
0.979 	27.057550
0.980 	26.764121
0.981 	27.286349
0.982 	28.081592
0.983 	27.949930
0.984 	27.385283
0.985 	27.274699
0.986 	27.287635
0.987 	27.025087
0.988 	26.928518
0.989 	27.341397
0.990 	27.862615
0.991 	28.083605
0.992 	27.598431
0.993 	27.543873
0.994 	27.684139
0.995 	27.195216
0.996 	26.925366
0.997 	26.953908
0.998 	26.929767
0.999 	27.347554
1.000 	27.887204
1.001 	27.993733
1.002 	27.793169
1.003 	27.597775
1.004 	27.772567
1.005 	27.894629
1.006 	27.595381
1.007 	27.221922
1.008 	27.388134
1.009 	28.392348
1.010 	28.675176
1.011 	27.797362
1.012 	27.052277
1.013 	26.846376
1.014 	26.831169
1.015 	27.548409
1.016 	28.041134
1.017 	27.966064
1.018 	28.212304
1.019 	28.265344
1.020 	27.793794
1.021 	27.333721
1.022 	27.115148
1.023 	27.214970
1.024 	27.664778
1.025 	28.112572
1.026 	28.340575
1.027 	28.245079
1.028 	28.385376
1.029 	28.214354
1.030 	27.584100
1.031 	27.411475
1.032 	27.778027
1.033 	27.865807
1.034 	27.660116
1.035 	27.554840
1.036 	27.202661
1.037 	27.308051
1.038 	28.258289
1.039 	28.555210
1.040 	28.265855
1.041 	27.946142
1.042 	27.362792
1.043 	26.874848
1.044 	27.166928
1.045 	27.954717
1.046 	28.634385
1.047 	28.709380
1.048 	28.266001
1.049 	28.390566
1.050 	28.699556
1.051 	28.955042
1.052 	29.226930
1.053 	28.388681
1.054 	27.292788
1.055 	27.329716
1.056 	27.832571
1.057 	28.060521
1.058 	28.131787
1.059 	27.799297
1.060 	27.272016
1.061 	27.752213
1.062 	28.678724
1.063 	28.859738
1.064 	28.282003
1.065 	27.782167
1.066 	27.767834
1.067 	27.978507
1.068 	27.930755
1.069 	27.841427
1.070 	27.833009
1.071 	27.702324
1.072 	27.602398
1.073 	27.699871
1.074 	28.150976
1.075 	28.465345
1.076 	28.306916
1.077 	28.200768
1.078 	28.526012
1.079 	28.891431
1.080 	28.781502
1.081 	28.504397
1.082 	28.345748
1.083 	28.229992
1.084 	28.130993
1.085 	28.318285
1.086 	28.755257
1.087 	28.624907
1.088 	27.939468
1.089 	27.530195
1.090 	27.616380
1.091 	27.588311
1.092 	27.385441
1.093 	27.387238
1.094 	27.034200
1.095 	26.440044
1.096 	26.596522
1.097 	27.873656
1.098 	29.149367
1.099 	29.111873
1.100 	27.999221
1.101 	27.243842
1.102 	27.342067
1.103 	27.136780
1.104 	26.523834
1.105 	26.782424
1.106 	27.696155
1.107 	28.054101
1.108 	27.645411
1.109 	27.095208
1.110 	27.234821
1.111 	27.925300
1.112 	27.957227
1.113 	27.450992
1.114 	27.446150
1.115 	27.687573
1.116 	27.580248
1.117 	27.556317
1.118 	27.929236
1.119 	28.077946
1.120 	28.077189
1.121 	28.422762
1.122 	28.612247
1.123 	28.089567
1.124 	27.205398
1.125 	26.769580
1.126 	26.950078
1.127 	26.743684
1.128 	26.003325
1.129 	26.250312
1.130 	27.352021
1.131 	27.744051
1.132 	27.458874
1.133 	27.235166
1.134 	27.024397
1.135 	26.926901
1.136 	27.096414
1.137 	27.087751
1.138 	26.639394
1.139 	25.956059
1.140 	25.360895
1.141 	25.025034
1.142 	24.997858
1.143 	25.424652
1.144 	25.790647
1.145 	25.560906
1.146 	25.021544
1.147 	24.256165
1.148 	23.673840
1.149 	24.058226
1.150 	25.122023
1.151 	25.665903
1.152 	25.355289
1.153 	24.856464
1.154 	24.119687
1.155 	23.234593
1.156 	22.784452
1.157 	22.802739
1.158 	23.200448
1.159 	24.161506
1.160 	25.021373
1.161 	24.790611
1.162 	24.031061
1.163 	23.608465
1.164 	23.642759
1.165 	23.951759
1.166 	24.183537
1.167 	24.003269
1.168 	23.517329
1.169 	22.975011
1.170 	22.852399
1.171 	23.440046
1.172 	24.028942
1.173 	23.877834
1.174 	23.386073
1.175 	23.092664
1.176 	23.050494
1.177 	23.087464
1.178 	23.023935
1.179 	22.874961
1.180 	22.953647
1.181 	23.097815
1.182 	23.009220
1.183 	22.824967
1.184 	22.740313
1.185 	22.692112
1.186 	22.803529
1.187 	23.276032
1.188 	23.802082
1.189 	23.914459
1.190 	23.760321
1.191 	23.780542
1.192 	23.867707
1.193 	23.452061
1.194 	22.634039
1.195 	21.775026
1.196 	21.159305
1.197 	21.166432
1.198 	21.810397
1.199 	22.252386
1.200 	22.065694
1.201 	21.726802
1.202 	21.929230
1.203 	22.613768
1.204 	23.110451
1.205 	23.366764
1.206 	23.418426
1.207 	22.993034
1.208 	22.652004
1.209 	22.945325
1.210 	22.848899
1.211 	21.871612
1.212 	21.056815
1.213 	21.173109
1.214 	21.917428
1.215 	22.351855
1.216 	22.308067
1.217 	22.161176
1.218 	22.182273
1.219 	22.475149
1.220 	22.911167
1.221 	23.147908
1.222 	22.958307
1.223 	22.623905
1.224 	22.593208
1.225 	23.041091
1.226 	23.477980
1.227 	23.528001
1.228 	23.525910
1.229 	23.892531
1.230 	24.308405
1.231 	24.539950
1.232 	24.600183
1.233 	24.076189
1.234 	23.274125
1.235 	23.024890
1.236 	23.643963
1.237 	24.504887
1.238 	24.833141
1.239 	24.395339
1.240 	23.794181
1.241 	23.692766
1.242 	23.747008
1.243 	23.483450
1.244 	23.206669
1.245 	23.611248
1.246 	24.502294
1.247 	24.817304
1.248 	24.496957
1.249 	24.194956
1.250 	24.334211
1.251 	24.828759
1.252 	25.204511
1.253 	25.220371
1.254 	25.111080
1.255 	24.770786
1.256 	24.383013
1.257 	24.549846
1.258 	24.913532
1.259 	24.912088
1.260 	24.926234
1.261 	24.884717
1.262 	24.299649
1.263 	23.728482
1.264 	23.832359
1.265 	24.062120
1.266 	24.030280
1.267 	24.093550
1.268 	24.275045
1.269 	24.485175
1.270 	24.705867
1.271 	24.698233
1.272 	24.241317
1.273 	23.685137
1.274 	23.705513
1.275 	24.048155
1.276 	24.074892
1.277 	24.023264
1.278 	23.943109
1.279 	23.614160
1.280 	23.489365
1.281 	24.023987
1.282 	24.880279
1.283 	25.345539
1.284 	25.136711
1.285 	24.508950
1.286 	24.218204
1.287 	24.383761
1.288 	24.705458
1.289 	25.191123
1.290 	25.556984
1.291 	25.150824
1.292 	24.372330
1.293 	24.145463
1.294 	24.630362
1.295 	25.211943
1.296 	25.103113
1.297 	24.363043
1.298 	23.769379
1.299 	23.430738
1.300 	23.368983
1.301 	23.686804
1.302 	24.153050
1.303 	24.490617
1.304 	24.811835
1.305 	24.889974
1.306 	24.329453
1.307 	23.627762
1.308 	23.329530
1.309 	23.494462
1.310 	23.917287
1.311 	24.063508
1.312 	23.593558
1.313 	23.035180
1.314 	22.900287
1.315 	23.299554
1.316 	24.091505
1.317 	24.302406
1.318 	23.358852
1.319 	22.205169
1.320 	22.283846
1.321 	22.990323
1.322 	23.258158
1.323 	22.743707
1.324 	22.062894
1.325 	21.715061
1.326 	21.771335
1.327 	21.884479
1.328 	21.988901
1.329 	22.386814
1.330 	22.911153
1.331 	22.907211
1.332 	22.578095
1.333 	22.708657
1.334 	22.944750
1.335 	22.356096
1.336 	21.346056
1.337 	20.871805
1.338 	21.030182
1.339 	21.347559
1.340 	21.401569
1.341 	21.659772
1.342 	21.910710
1.343 	21.329664
1.344 	20.323220
1.345 	19.752076
1.346 	19.646025
1.347 	19.814894
1.348 	20.258258
1.349 	20.815037
1.350 	21.143677
1.351 	21.335926
1.352 	21.627909
1.353 	21.536159
1.354 	20.982105
1.355 	20.586952
1.356 	20.857951
1.357 	21.526721
1.358 	21.644285
1.359 	20.401081
1.360 	18.933470
1.361 	18.114999
1.362 	17.828622
1.363 	17.742772
1.364 	17.843205
1.365 	18.259723
1.366 	19.367338
1.367 	20.666063
1.368 	20.615355
1.369 	19.217095
1.370 	18.229682
1.371 	18.323472
1.372 	18.789575
1.373 	18.716726
1.374 	18.048728
1.375 	17.741009
1.376 	18.212132
1.377 	18.452890
1.378 	17.892757
1.379 	17.563237
1.380 	18.046321
1.381 	18.433455
1.382 	17.625151
1.383 	15.947397
1.384 	14.983302
1.385 	14.627315
1.386 	14.216218
1.387 	14.242015
1.388 	15.023814
1.389 	15.585652
1.390 	15.372533
1.391 	14.603406
1.392 	13.711500
1.393 	12.756182
1.394 	11.936105
1.395 	11.615082
1.396 	11.936830
1.397 	12.290800
1.398 	12.509625
1.399 	12.378507
1.400 	11.697722
1.401 	11.178168
1.402 	11.546264
1.403 	11.839500
1.404 	11.354485
1.405 	10.919800
1.406 	10.490471
1.407 	9.894050
1.408 	9.871093
1.409 	10.821315
1.410 	11.526688
1.411 	11.247918
1.412 	10.587696
1.413 	9.627584
1.414 	8.529374
1.415 	8.586028
1.416 	9.361950
1.417 	9.326943
1.418 	9.130098
1.419 	9.371188
1.420 	9.427660
1.421 	9.074760
1.422 	8.478680
1.423 	8.297020
1.424 	8.473598
1.425 	8.289268
1.426 	8.410515
1.427 	8.839649
1.428 	9.016201
1.429 	9.271376
1.430 	9.219497
1.431 	8.072813
1.432 	6.947200
1.433 	7.025908
1.434 	7.994127
1.435 	8.868916
1.436 	9.238467
1.437 	9.661960
1.438 	10.536084
1.439 	10.943260
1.440 	9.952275
1.441 	8.478129
1.442 	7.936256
1.443 	8.502940
1.444 	9.188873
1.445 	9.227557
1.446 	8.388457
1.447 	7.972169
1.448 	9.133599
1.449 	10.435535
1.450 	10.220154
1.451 	9.123131
1.452 	8.031385
1.453 	7.478636
1.454 	7.718020
1.455 	7.941869
1.456 	8.108604
1.457 	8.886699
1.458 	9.708888
1.459 	9.699275
1.460 	9.397515
1.461 	9.865088
1.462 	10.306391
1.463 	9.279798
1.464 	8.109547
1.465 	8.223480
1.466 	8.596939
1.467 	8.647728
1.468 	8.568483
1.469 	8.026070
1.470 	7.322312
1.471 	7.632870
1.472 	9.188202
1.473 	10.040181
1.474 	9.158921
1.475 	8.040231
1.476 	7.876585
1.477 	8.013796
1.478 	8.478384
1.479 	9.650361
1.480 	10.196361
1.481 	9.510447
1.482 	8.635004
1.483 	8.548431
1.484 	9.676038
1.485 	11.183206
1.486 	11.743447
1.487 	10.859771
1.488 	9.731228
1.489 	9.632626
1.490 	9.641855
1.491 	9.121583
1.492 	9.363830
1.493 	10.907175
1.494 	11.898594
1.495 	10.862846
1.496 	9.341334
1.497 	8.648811
1.498 	8.811387
1.499 	9.738995
1.500 	11.164669
1.501 	12.068604
1.502 	10.929700
1.503 	9.477678
1.504 	9.683286
1.505 	10.667305
1.506 	11.523739
1.507 	11.960592
1.508 	11.400916
1.509 	10.883789
1.510 	11.465829
1.511 	12.040332
1.512 	11.526560
1.513 	10.842820
1.514 	10.408365
1.515 	10.389035
1.516 	11.478684
1.517 	12.345884
1.518 	11.985888
1.519 	11.360708
1.520 	11.588125
1.521 	11.780714
1.522 	11.414885
1.523 	10.840462
1.524 	10.691898
1.525 	12.186593
1.526 	13.715149
1.527 	14.100136
1.528 	13.762205
1.529 	13.274262
1.530 	12.793982
1.531 	11.928530
1.532 	11.706466
1.533 	12.317868
1.534 	12.888750
1.535 	12.878703
1.536 	11.939757
1.537 	11.227883
1.538 	12.726770
1.539 	15.558884
1.540 	16.160476
1.541 	14.425506
1.542 	13.093043
1.543 	12.347553
1.544 	12.608052
1.545 	13.286809
1.546 	13.252704
1.547 	13.279076
1.548 	13.836422
1.549 	13.861719
1.550 	13.138715
1.551 	12.061381
1.552 	12.272523
1.553 	13.763288
1.554 	14.530462
1.555 	14.413277
1.556 	14.133961
1.557 	14.573641
1.558 	14.977568
1.559 	15.124748
1.560 	14.663966
1.561 	12.734236
1.562 	12.016739
1.563 	13.329690
1.564 	14.642112
1.565 	14.586120
1.566 	13.752406
1.567 	13.372070
1.568 	14.746816
1.569 	16.451749
1.570 	16.116764
1.571 	14.888244
1.572 	14.734210
1.573 	14.679109
1.574 	13.639850
1.575 	13.183104
1.576 	14.896026
1.577 	17.369026
1.578 	16.978655
1.579 	14.321536
1.580 	12.637918
1.581 	13.946322
1.582 	15.968704
1.583 	17.144967
1.584 	17.210695
1.585 	16.981242
1.586 	16.802206
1.587 	16.776149
1.588 	16.140179
1.589 	14.243124
1.590 	13.175573
1.591 	14.189797
1.592 	15.549008
1.593 	16.653559
1.594 	17.905849
1.595 	17.380134
1.596 	14.500629
1.597 	12.950013
1.598 	13.299373
1.599 	15.056564
1.600 	16.219623
1.601 	15.859664
1.602 	16.044029
1.603 	15.902847
1.604 	15.243433
1.605 	15.771253
1.606 	16.205679
1.607 	16.953410
1.608 	18.183462
1.609 	18.094351
1.610 	17.324520
1.611 	15.444918
1.612 	15.003566
1.613 	16.073697
1.614 	15.910458
1.615 	15.330547
1.616 	16.948763
1.617 	19.181948
1.618 	20.157175
1.619 	19.299771
1.620 	17.970507
1.621 	15.778824
1.622 	15.282718
1.623 	16.498759
1.624 	17.111033
1.625 	17.052384
1.626 	16.573765
1.627 	16.349059
1.628 	17.036891
1.629 	17.663507
1.630 	17.730514
1.631 	18.596135
1.632 	18.770325
1.633 	16.827466
1.634 	15.246230
1.635 	16.012997
1.636 	18.204903
1.637 	17.596576
1.638 	15.953783
1.639 	16.856979
1.640 	18.373304
1.641 	18.696054
1.642 	18.119630
1.643 	17.291870
1.644 	15.541261
1.645 	15.818943
1.646 	18.185544
1.647 	19.565904
1.648 	19.587768
1.649 	17.350177
1.650 	15.371164
1.651 	15.233246
1.652 	19.081393
1.653 	21.945168
1.654 	19.428523
1.655 	17.475120
1.656 	15.652542
1.657 	16.724019
1.658 	19.133695
1.659 	15.677389
1.660 	14.491355
1.661 	16.630115
1.662 	18.925190
1.663 	22.722738
1.664 	20.982239
1.665 	17.090122
1.666 	14.159205
1.667 	12.637345
1.668 	15.083322
1.669 	17.159550
1.670 	20.836047
1.671 	18.949353
1.672 	19.190590
1.673 	21.240673
1.674 	19.804420
1.675 	15.899884
1.676 	13.535282
1.677 	15.658513
1.678 	18.761167
1.679 	20.718578
1.680 	15.844545
1.681 	12.400099
1.682 	17.821369
1.683 	17.043919
1.684 	14.207675
1.685 	18.854365
1.686 	20.192663
1.687 	17.886293
1.688 	20.923414
1.689 	19.105057
1.690 	12.566126
1.691 	10.766117
1.692 	14.201900
1.693 	21.928732
1.694 	19.404739
1.695 	25.320316
1.696 	19.542269
1.697 	13.720051
1.698 	14.176232
1.699 	13.791341
1.700 	20.582696
