0.660 	29.257436
0.661 	23.200043
0.662 	29.947638
0.663 	31.146433
0.664 	33.496625
0.665 	31.179712
0.666 	28.623132
0.667 	29.388355
0.668 	31.196615
0.669 	27.723074
0.670 	30.903945
0.671 	31.873739
0.672 	31.156267
0.673 	31.632786
0.674 	29.984200
0.675 	24.977153
0.676 	28.436029
0.677 	29.495054
0.678 	30.173234
0.679 	30.202734
0.680 	29.338450
0.681 	28.114323
0.682 	32.597166
0.683 	31.673508
0.684 	28.639580
0.685 	28.646679
0.686 	30.188824
0.687 	26.916824
0.688 	27.754450
0.689 	32.292486
0.690 	30.885005
0.691 	28.394571
0.692 	28.660301
0.693 	29.604448
0.694 	27.721803
0.695 	27.742138
0.696 	30.440556
0.697 	27.818517
0.698 	29.108627
0.699 	32.243021
0.700 	29.645755
0.701 	26.612426
0.702 	29.806057
0.703 	30.826465
0.704 	29.594186
0.705 	30.283914
0.706 	32.370536
0.707 	30.845160
0.708 	28.382705
0.709 	29.330816
0.710 	29.228434
0.711 	27.927105
0.712 	28.872765
0.713 	31.044032
0.714 	29.639679
0.715 	26.846418
0.716 	28.447738
0.717 	32.214803
0.718 	31.824108
0.719 	30.009414
0.720 	28.900468
0.721 	29.079042
0.722 	30.179028
0.723 	28.989683
0.724 	27.767008
0.725 	29.726451
0.726 	29.569715
0.727 	27.447915
0.728 	28.746510
0.729 	30.448006
0.730 	29.452647
0.731 	27.545833
0.732 	28.260976
0.733 	29.795134
0.734 	29.647684
0.735 	28.490995
0.736 	28.457268
0.737 	29.196557
0.738 	28.802176
0.739 	27.800031
0.740 	27.306623
0.741 	28.018798
0.742 	28.060991
0.743 	28.030417
0.744 	28.266609
0.745 	28.797063
0.746 	28.883214
0.747 	27.757550
0.748 	27.124039
0.749 	29.344206
0.750 	30.393613
0.751 	28.524651
0.752 	26.592811
0.753 	26.978357
0.754 	27.838752
0.755 	27.810996
0.756 	27.615946
0.757 	27.549643
0.758 	28.945901
0.759 	29.625260
0.760 	28.815516
0.761 	27.698126
0.762 	26.917204
0.763 	27.321610
0.764 	27.894969
0.765 	27.854592
0.766 	27.405057
0.767 	28.382388
0.768 	28.689753
0.769 	27.940403
0.770 	26.932033
0.771 	27.421425
0.772 	28.078826
0.773 	27.854678
0.774 	26.924953
0.775 	26.089090
0.776 	27.220804
0.777 	29.033620
0.778 	29.042308
0.779 	27.664600
0.780 	27.102995
0.781 	27.941429
0.782 	28.574793
0.783 	27.852182
0.784 	26.116319
0.785 	25.674175
0.786 	27.317596
0.787 	28.986141
0.788 	28.318047
0.789 	26.779465
0.790 	26.935971
0.791 	28.207302
0.792 	28.442937
0.793 	27.668205
0.794 	26.197720
0.795 	25.613843
0.796 	25.776294
0.797 	26.197225
0.798 	27.497763
0.799 	28.094865
0.800 	28.259042
0.801 	28.700813
0.802 	28.053896
0.803 	26.486692
0.804 	25.469873
0.805 	26.480092
0.806 	27.959219
0.807 	28.326116
0.808 	27.879658
0.809 	27.063890
0.810 	27.185219
0.811 	27.563436
0.812 	27.308756
0.813 	27.008081
0.814 	26.791042
0.815 	26.614564
0.816 	26.885978
0.817 	26.830037
0.818 	25.667376
0.819 	25.069628
0.820 	25.900072
0.821 	27.207285
0.822 	28.077502
0.823 	27.877507
0.824 	26.562081
0.825 	26.121456
0.826 	27.293594
0.827 	28.222620
0.828 	27.872634
0.829 	26.237709
0.830 	24.745610
0.831 	25.082349
0.832 	26.233596
0.833 	26.371930
0.834 	25.419541
0.835 	25.106959
0.836 	26.315939
0.837 	27.812634
0.838 	28.185383
0.839 	27.490217
0.840 	26.382992
0.841 	26.121474
0.842 	26.397972
0.843 	25.976508
0.844 	25.349102
0.845 	24.927756
0.846 	24.801453
0.847 	25.563284
0.848 	26.553298
0.849 	26.607533
0.850 	25.634348
0.851 	24.690806
0.852 	25.010445
0.853 	26.149918
0.854 	26.634591
0.855 	26.162588
0.856 	25.469390
0.857 	25.451717
0.858 	26.202135
0.859 	26.746952
0.860 	26.361871
0.861 	25.699224
0.862 	25.156727
0.863 	24.985014
0.864 	25.802647
0.865 	26.527865
0.866 	25.950098
0.867 	24.538936
0.868 	24.084575
0.869 	25.292562
0.870 	26.507512
0.871 	26.635319
0.872 	25.934659
0.873 	25.226737
0.874 	25.314008
0.875 	25.829031
0.876 	25.996239
0.877 	25.747271
0.878 	25.162187
0.879 	24.733131
0.880 	24.728241
0.881 	24.857445
0.882 	25.403895
0.883 	25.512464
0.884 	24.433675
0.885 	23.986759
0.886 	24.724650
0.887 	25.546439
0.888 	25.792557
0.889 	25.339520
0.890 	24.766466
0.891 	24.539037
0.892 	24.894540
0.893 	25.546234
0.894 	25.196686
0.895 	24.156228
0.896 	24.015755
0.897 	24.684807
0.898 	24.997591
0.899 	25.069268
0.900 	25.337770
0.901 	25.283203
0.902 	24.872587
0.903 	24.636804
0.904 	24.633159
0.905 	24.811256
0.906 	25.032594
0.907 	24.642039
0.908 	23.896248
0.909 	24.094620
0.910 	24.811197
0.911 	24.994973
0.912 	24.178082
0.913 	23.088148
0.914 	22.910032
0.915 	23.622640
0.916 	24.211903
0.917 	24.279558
0.918 	24.154113
0.919 	24.038037
0.920 	24.099494
0.921 	24.103457
0.922 	23.897925
0.923 	23.693698
0.924 	23.410562
0.925 	23.315720
0.926 	23.784916
0.927 	24.363166
0.928 	24.577754
0.929 	24.173281
0.930 	23.346838
0.931 	23.031016
0.932 	23.674452
0.933 	24.612692
0.934 	24.928515
0.935 	24.875760
0.936 	24.371531
0.937 	23.483620
0.938 	23.331211
0.939 	23.951355
0.940 	24.024426
0.941 	22.987932
0.942 	21.798396
0.943 	21.545468
0.944 	22.256779
0.945 	23.221659
0.946 	23.559891
0.947 	23.518430
0.948 	22.936095
0.949 	22.399725
0.950 	22.365897
0.951 	22.693521
0.952 	22.724221
0.953 	22.390034
0.954 	21.933873
0.955 	21.675918
0.956 	22.117964
0.957 	23.026306
0.958 	23.615919
0.959 	23.614069
0.960 	22.823633
0.961 	21.962010
0.962 	21.947120
0.963 	22.826836
0.964 	23.308890
0.965 	22.739383
0.966 	21.845770
0.967 	21.373343
0.968 	21.662403
0.969 	22.952810
0.970 	23.861753
0.971 	23.236458
0.972 	22.414664
0.973 	22.018602
0.974 	21.860743
0.975 	22.227431
0.976 	22.451038
0.977 	22.225949
0.978 	22.304414
0.979 	22.199255
0.980 	22.096002
0.981 	21.926401
0.982 	22.022231
0.983 	22.532010
0.984 	22.749394
0.985 	22.572167
0.986 	21.985220
0.987 	21.837594
0.988 	22.160343
0.989 	22.157403
0.990 	22.331121
0.991 	22.746288
0.992 	22.648436
0.993 	22.042676
0.994 	21.797628
0.995 	21.869599
0.996 	21.928111
0.997 	21.598689
0.998 	21.305307
0.999 	21.605497
1.000 	22.120310
1.001 	22.335900
1.002 	22.120250
1.003 	22.021919
1.004 	22.264354
1.005 	22.207986
1.006 	22.240449
1.007 	22.459644
1.008 	22.338147
1.009 	23.171615
1.010 	23.613060
1.011 	22.754944
1.012 	21.833554
1.013 	21.686020
1.014 	22.402343
1.015 	22.752814
1.016 	22.133966
1.017 	22.204004
1.018 	23.144698
1.019 	23.139811
1.020 	22.279844
1.021 	21.803860
1.022 	22.333685
1.023 	22.505894
1.024 	22.230041
1.025 	22.309272
1.026 	22.758626
1.027 	22.959820
1.028 	23.037868
1.029 	22.703402
1.030 	22.090058
1.031 	21.929210
1.032 	22.067727
1.033 	21.972575
1.034 	22.168191
1.035 	22.287723
1.036 	22.064308
1.037 	22.388120
1.038 	22.771553
1.039 	23.431358
1.040 	23.749137
1.041 	22.800887
1.042 	21.636740
1.043 	21.760960
1.044 	22.621946
1.045 	22.818205
1.046 	22.557214
1.047 	22.126485
1.048 	22.237049
1.049 	23.171492
1.050 	23.821865
1.051 	23.878295
1.052 	23.557791
1.053 	22.402478
1.054 	21.397623
1.055 	21.468573
1.056 	22.213893
1.057 	22.406887
1.058 	22.126305
1.059 	21.935764
1.060 	21.948978
1.061 	22.393082
1.062 	22.712226
1.063 	22.445628
1.064 	22.238898
1.065 	22.378170
1.066 	22.686031
1.067 	22.960788
1.068 	23.014318
1.069 	22.889583
1.070 	22.550905
1.071 	22.287648
1.072 	22.426522
1.073 	22.942634
1.074 	23.684443
1.075 	23.832660
1.076 	23.022633
1.077 	22.362380
1.078 	22.544893
1.079 	22.918547
1.080 	22.811455
1.081 	22.507145
1.082 	22.546378
1.083 	23.043702
1.084 	23.240477
1.085 	22.890656
1.086 	22.570312
1.087 	22.249240
1.088 	22.002667
1.089 	21.894388
1.090 	21.748205
1.091 	21.677296
1.092 	21.915157
1.093 	22.466367
1.094 	22.380405
1.095 	21.643306
1.096 	21.505946
1.097 	22.188220
1.098 	22.755979
1.099 	22.687177
1.100 	22.461124
1.101 	22.736865
1.102 	22.995471
1.103 	22.374883
1.104 	21.456381
1.105 	21.346168
1.106 	21.920320
1.107 	22.489113
1.108 	22.449328
1.109 	21.887792
1.110 	21.589275
1.111 	21.953097
1.112 	22.119310
1.113 	21.654554
1.114 	21.778439
1.115 	22.401615
1.116 	22.351961
1.117 	21.806358
1.118 	21.804827
1.119 	22.367606
1.120 	22.706497
1.121 	22.658610
1.122 	22.444281
1.123 	22.059475
1.124 	21.340986
1.125 	21.013522
1.126 	21.497850
1.127 	21.670494
1.128 	21.126576
1.129 	21.100478
1.130 	21.587150
1.131 	21.573221
1.132 	21.254092
1.133 	21.070939
1.134 	20.939415
1.135 	21.111038
1.136 	21.354144
1.137 	21.158540
1.138 	20.602781
1.139 	19.798536
1.140 	19.116309
1.141 	19.028577
1.142 	19.309552
1.143 	19.173496
1.144 	18.524692
1.145 	18.312819
1.146 	18.812701
1.147 	19.105794
1.148 	18.929440
1.149 	19.019254
1.150 	19.374453
1.151 	19.512428
1.152 	19.485432
1.153 	19.178286
1.154 	18.361325
1.155 	17.772255
1.156 	18.215514
1.157 	19.076919
1.158 	19.064266
1.159 	18.349783
1.160 	18.181250
1.161 	18.214276
1.162 	17.860997
1.163 	17.880878
1.164 	18.586641
1.165 	19.024948
1.166 	18.291341
1.167 	17.268235
1.168 	17.034449
1.169 	17.355647
1.170 	17.541672
1.171 	17.392739
1.172 	17.462532
1.173 	17.741543
1.174 	17.636767
1.175 	17.392880
1.176 	17.320899
1.177 	17.445358
1.178 	17.695546
1.179 	17.431773
1.180 	16.657394
1.181 	16.200215
1.182 	16.270706
1.183 	16.640342
1.184 	16.984607
1.185 	17.025296
1.186 	16.941401
1.187 	16.905372
1.188 	16.770877
1.189 	16.970563
1.190 	17.792247
1.191 	18.332686
1.192 	17.903295
1.193 	16.987594
1.194 	16.505271
1.195 	16.385653
1.196 	16.190573
1.197 	16.255114
1.198 	16.881089
1.199 	17.380682
1.200 	17.406605
1.201 	16.976369
1.202 	16.387486
1.203 	16.129990
1.204 	16.619461
1.205 	17.574337
1.206 	18.030722
1.207 	17.693333
1.208 	17.283995
1.209 	17.205606
1.210 	16.922640
1.211 	16.213982
1.212 	15.618193
1.213 	15.578719
1.214 	15.871312
1.215 	16.072155
1.216 	16.401079
1.217 	16.604038
1.218 	16.406092
1.219 	16.289349
1.220 	16.565463
1.221 	16.979756
1.222 	17.167915
1.223 	17.071680
1.224 	17.090970
1.225 	17.537496
1.226 	17.944477
1.227 	17.767151
1.228 	17.368428
1.229 	17.363015
1.230 	17.513206
1.231 	17.367876
1.232 	17.064092
1.233 	16.729409
1.234 	16.484766
1.235 	16.715603
1.236 	17.473408
1.237 	18.296812
1.238 	18.481856
1.239 	17.948728
1.240 	17.613800
1.241 	17.909878
1.242 	18.254957
1.243 	18.342998
1.244 	18.028541
1.245 	17.555570
1.246 	17.377339
1.247 	18.000138
1.248 	18.998925
1.249 	19.580050
1.250 	19.698733
1.251 	19.432515
1.252 	18.662504
1.253 	18.123490
1.254 	18.383652
1.255 	18.979737
1.256 	18.971356
1.257 	18.544757
1.258 	18.029432
1.259 	17.529811
1.260 	17.598536
1.261 	18.367135
1.262 	19.020301
1.263 	19.202629
1.264 	18.900818
1.265 	18.035821
1.266 	17.250192
1.267 	17.262526
1.268 	17.523670
1.269 	17.863359
1.270 	18.736471
1.271 	19.455820
1.272 	19.060130
1.273 	18.412021
1.274 	18.174515
1.275 	17.843287
1.276 	17.360731
1.277 	17.248855
1.278 	17.325337
1.279 	17.334896
1.280 	17.595209
1.281 	17.937030
1.282 	18.305882
1.283 	18.880428
1.284 	19.165735
1.285 	18.847274
1.286 	18.057777
1.287 	17.375407
1.288 	17.442060
1.289 	18.265130
1.290 	18.837249
1.291 	18.762399
1.292 	18.402105
1.293 	18.222661
1.294 	18.231916
1.295 	18.138559
1.296 	17.821768
1.297 	17.481731
1.298 	17.292551
1.299 	17.085848
1.300 	17.041032
1.301 	17.365310
1.302 	17.805449
1.303 	18.161221
1.304 	18.408431
1.305 	18.461230
1.306 	18.279263
1.307 	17.664758
1.308 	16.465666
1.309 	15.759104
1.310 	16.662089
1.311 	18.234634
1.312 	18.532954
1.313 	17.600673
1.314 	16.800249
1.315 	17.028941
1.316 	17.834474
1.317 	18.153944
1.318 	17.424110
1.319 	16.139216
1.320 	15.765818
1.321 	16.341891
1.322 	16.868955
1.323 	16.836819
1.324 	16.340707
1.325 	15.467917
1.326 	14.977118
1.327 	15.232862
1.328 	15.812082
1.329 	16.264506
1.330 	16.575193
1.331 	16.631463
1.332 	16.521363
1.333 	16.566381
1.334 	16.560226
1.335 	16.275924
1.336 	16.153343
1.337 	16.022785
1.338 	15.605195
1.339 	15.306033
1.340 	15.155635
1.341 	15.234897
1.342 	15.808819
1.343 	16.116020
1.344 	15.666503
1.345 	14.731772
1.346 	13.853268
1.347 	13.263401
1.348 	13.394420
1.349 	14.094633
1.350 	14.729739
1.351 	15.003305
1.352 	15.205731
1.353 	15.325821
1.354 	15.277189
1.355 	15.061681
1.356 	14.745114
1.357 	14.489050
1.358 	13.785678
1.359 	12.459742
1.360 	11.820334
1.361 	12.205014
1.362 	12.316812
1.363 	11.695699
1.364 	11.400021
1.365 	11.785614
1.366 	12.588870
1.367 	13.820014
1.368 	14.629062
1.369 	14.355463
1.370 	13.251486
1.371 	12.309887
1.372 	11.918676
1.373 	11.642745
1.374 	11.573993
1.375 	12.248819
1.376 	13.201509
1.377 	13.741035
1.378 	13.522566
1.379 	12.829112
1.380 	12.022664
1.381 	11.585262
1.382 	11.431725
1.383 	10.791317
1.384 	9.923523
1.385 	9.134063
1.386 	8.115361
1.387 	7.463548
1.388 	8.182769
1.389 	9.439459
1.390 	10.057732
1.391 	9.594442
1.392 	8.986444
1.393 	8.919315
1.394 	8.981035
1.395 	8.742583
1.396 	8.322765
1.397 	8.190364
1.398 	8.658756
1.399 	9.082859
1.400 	8.517591
1.401 	7.043019
1.402 	6.129825
1.403 	6.203287
1.404 	6.310029
1.405 	6.196215
1.406 	6.250616
1.407 	6.812523
1.408 	7.674128
1.409 	7.703176
1.410 	7.114779
1.411 	7.190660
1.412 	7.738795
1.413 	7.596127
1.414 	6.726306
1.415 	6.619704
1.416 	7.307210
1.417 	7.744701
1.418 	8.387773
1.419 	8.541590
1.420 	7.066247
1.421 	5.268281
1.422 	4.531551
1.423 	4.944375
1.424 	5.881762
1.425 	5.924834
1.426 	5.081111
1.427 	4.897099
1.428 	5.742597
1.429 	6.807124
1.430 	7.049265
1.431 	6.328035
1.432 	5.936232
1.433 	6.139478
1.434 	6.298454
1.435 	6.030187
1.436 	5.408224
1.437 	5.312624
1.438 	6.372398
1.439 	7.177442
1.440 	6.674272
1.441 	5.915885
1.442 	6.040400
1.443 	6.516701
1.444 	6.591507
1.445 	6.565269
1.446 	6.452139
1.447 	6.716374
1.448 	7.324714
1.449 	7.156499
1.450 	6.278804
1.451 	5.405866
1.452 	5.041495
1.453 	5.282261
1.454 	5.288623
1.455 	4.772760
1.456 	4.784819
1.457 	5.824090
1.458 	6.604811
1.459 	6.324885
1.460 	6.323443
1.461 	7.017836
1.462 	7.210887
1.463 	6.115983
1.464 	4.982622
1.465 	5.574722
1.466 	7.067886
1.467 	7.727641
1.468 	6.786065
1.469 	5.510436
1.470 	5.579882
1.471 	6.122391
1.472 	6.158042
1.473 	5.596611
1.474 	5.328336
1.475 	5.964766
1.476 	6.198711
1.477 	5.857073
1.478 	6.495967
1.479 	8.133147
1.480 	8.344316
1.481 	6.343729
1.482 	4.561210
1.483 	4.945093
1.484 	6.752113
1.485 	8.131149
1.486 	8.473096
1.487 	8.273059
1.488 	7.901065
1.489 	7.393066
1.490 	6.834957
1.491 	6.047300
1.492 	5.252837
1.493 	5.463193
1.494 	6.447621
1.495 	6.847087
1.496 	6.648641
1.497 	6.134746
1.498 	5.472160
1.499 	5.779449
1.500 	7.272832
1.501 	8.585547
1.502 	8.457312
1.503 	7.211890
1.504 	6.809111
1.505 	7.842299
1.506 	8.522965
1.507 	7.988583
1.508 	7.000997
1.509 	6.309268
1.510 	6.099393
1.511 	5.991300
1.512 	6.041926
1.513 	6.562979
1.514 	7.031777
1.515 	7.203676
1.516 	7.180729
1.517 	6.888217
1.518 	6.811139
1.519 	7.464585
1.520 	8.361118
1.521 	8.440229
1.522 	8.373507
1.523 	8.261127
1.524 	7.841418
1.525 	8.445613
1.526 	9.240198
1.527 	9.082335
1.528 	8.394756
1.529 	7.686328
1.530 	7.469595
1.531 	7.881128
1.532 	8.321679
1.533 	8.341911
1.534 	8.679954
1.535 	9.225431
1.536 	9.349906
1.537 	9.097004
1.538 	8.779299
1.539 	8.797212
1.540 	8.951483
1.541 	8.639200
1.542 	8.793986
1.543 	9.128123
1.544 	8.678253
1.545 	8.269257
1.546 	8.103557
1.547 	8.346521
1.548 	8.297416
1.549 	7.820001
1.550 	7.637731
1.551 	7.327702
1.552 	7.612411
1.553 	9.099881
1.554 	10.132776
1.555 	10.222267
1.556 	10.234760
1.557 	9.928621
1.558 	9.317578
1.559 	8.837240
1.560 	8.975488
1.561 	9.423983
1.562 	9.497390
1.563 	8.408070
1.564 	7.668237
1.565 	9.411106
1.566 	10.636881
1.567 	10.425793
1.568 	9.789573
1.569 	8.461154
1.570 	7.483796
1.571 	7.231769
1.572 	7.463159
1.573 	9.051322
1.574 	9.942008
1.575 	9.637482
1.576 	9.858104
1.577 	10.853754
1.578 	11.197189
1.579 	10.542775
1.580 	9.623735
1.581 	9.964789
1.582 	11.439322
1.583 	12.272817
1.584 	11.957196
1.585 	11.517179
1.586 	9.519687
1.587 	7.458285
1.588 	7.860823
1.589 	8.372023
1.590 	9.907252
1.591 	12.682877
1.592 	13.139330
1.593 	11.557360
1.594 	11.335162
1.595 	11.261228
1.596 	9.903430
1.597 	9.179501
1.598 	8.284836
1.599 	9.051403
1.600 	11.013246
1.601 	12.202102
1.602 	12.204960
1.603 	10.676795
1.604 	10.028420
1.605 	10.895112
1.606 	9.942823
1.607 	9.209206
1.608 	10.191783
1.609 	10.447290
1.610 	10.342426
1.611 	9.760454
1.612 	10.562794
1.613 	11.803162
1.614 	11.084533
1.615 	10.760449
1.616 	10.709413
1.617 	10.635996
1.618 	12.768271
1.619 	14.153192
1.620 	12.610798
1.621 	10.092346
1.622 	6.659633
1.623 	7.396992
1.624 	10.742664
1.625 	12.382380
1.626 	12.895124
1.627 	12.839588
1.628 	11.748288
1.629 	10.719852
1.630 	12.367491
1.631 	11.243776
1.632 	9.471699
1.633 	10.751853
1.634 	12.268767
1.635 	13.221380
1.636 	12.485809
1.637 	9.193140
1.638 	8.571519
1.639 	9.921460
1.640 	11.687657
1.641 	14.093049
1.642 	14.786901
1.643 	13.397347
1.644 	11.959243
1.645 	11.905001
1.646 	10.383600
1.647 	10.634142
1.648 	12.785160
1.649 	12.172126
1.650 	11.077853
1.651 	11.571434
1.652 	12.411825
1.653 	12.160170
1.654 	11.631419
1.655 	13.263516
1.656 	12.807825
1.657 	14.310184
1.658 	13.969189
1.659 	10.164880
1.660 	9.468995
1.661 	8.986970
1.662 	11.692050
1.663 	13.896688
1.664 	11.603342
1.665 	10.821263
1.666 	10.334386
1.667 	9.849831
1.668 	11.502333
1.669 	11.349878
1.670 	13.756297
1.671 	11.995420
1.672 	11.056249
1.673 	15.502347
1.674 	15.070429
1.675 	13.680613
1.676 	14.472910
1.677 	13.821647
1.678 	13.622023
1.679 	10.156743
1.680 	3.703383
1.681 	2.325849
1.682 	11.161390
1.683 	14.879945
1.684 	10.654021
1.685 	13.819483
1.686 	18.361780
1.687 	16.552221
1.688 	14.056226
1.689 	7.713786
1.690 	9.375032
1.691 	19.098990
1.692 	13.619745
1.693 	16.906797
1.694 	14.268480
1.695 	15.569956
1.696 	17.996715
1.697 	10.781279
1.698 	5.223448
1.699 	11.472787
1.700 	18.058906
