0.660 	43.389083
0.661 	33.702742
0.662 	34.678929
0.663 	36.805950
0.664 	36.262523
0.665 	42.592299
0.666 	34.163542
0.667 	31.677772
0.668 	36.178722
0.669 	41.411595
0.670 	36.770955
0.671 	32.736314
0.672 	42.176788
0.673 	35.309590
0.674 	38.274046
0.675 	35.286023
0.676 	31.858750
0.677 	32.290164
0.678 	33.256008
0.679 	37.616947
0.680 	37.234917
0.681 	35.900406
0.682 	33.441294
0.683 	30.784660
0.684 	28.553738
0.685 	35.464843
0.686 	35.498363
0.687 	36.888078
0.688 	37.296710
0.689 	34.635366
0.690 	38.615201
0.691 	37.344419
0.692 	33.470570
0.693 	35.656572
0.694 	37.571572
0.695 	33.168536
0.696 	34.433627
0.697 	37.355030
0.698 	35.963770
0.699 	35.958784
0.700 	35.022066
0.701 	33.321490
0.702 	31.745318
0.703 	38.078460
0.704 	43.302392
0.705 	38.474741
0.706 	32.535392
0.707 	32.699244
0.708 	34.766499
0.709 	35.508658
0.710 	36.173599
0.711 	35.128767
0.712 	35.572105
0.713 	34.212216
0.714 	35.118904
0.715 	36.220184
0.716 	33.587292
0.717 	30.793149
0.718 	35.573386
0.719 	38.136374
0.720 	33.231205
0.721 	34.516476
0.722 	34.578145
0.723 	33.831127
0.724 	34.934425
0.725 	33.638953
0.726 	33.839435
0.727 	35.098214
0.728 	31.952803
0.729 	33.155274
0.730 	35.710834
0.731 	35.332669
0.732 	33.004595
0.733 	34.360917
0.734 	35.996343
0.735 	34.613895
0.736 	35.643589
0.737 	35.342788
0.738 	34.132372
0.739 	32.808566
0.740 	32.200207
0.741 	34.258934
0.742 	33.880692
0.743 	32.909887
0.744 	34.518607
0.745 	34.250093
0.746 	32.219626
0.747 	34.444511
0.748 	35.994278
0.749 	34.312962
0.750 	32.713603
0.751 	32.114249
0.752 	31.262363
0.753 	31.957007
0.754 	31.767644
0.755 	32.598258
0.756 	34.397323
0.757 	34.595506
0.758 	34.447413
0.759 	34.549164
0.760 	35.381592
0.761 	34.182438
0.762 	31.671671
0.763 	30.225404
0.764 	29.899276
0.765 	30.787016
0.766 	32.260552
0.767 	34.762140
0.768 	35.790306
0.769 	34.570571
0.770 	32.395922
0.771 	30.986284
0.772 	31.323076
0.773 	32.948178
0.774 	33.780416
0.775 	33.420919
0.776 	33.497482
0.777 	31.795857
0.778 	30.046384
0.779 	30.994554
0.780 	32.379260
0.781 	33.102785
0.782 	34.938883
0.783 	35.337753
0.784 	33.198190
0.785 	32.421111
0.786 	33.005056
0.787 	33.685972
0.788 	33.464928
0.789 	32.726112
0.790 	32.973382
0.791 	33.434742
0.792 	32.507257
0.793 	32.903975
0.794 	33.817701
0.795 	32.738605
0.796 	31.533842
0.797 	32.259086
0.798 	31.615424
0.799 	30.131625
0.800 	31.362651
0.801 	34.011059
0.802 	33.444892
0.803 	31.149437
0.804 	31.154378
0.805 	32.070855
0.806 	31.797611
0.807 	31.602528
0.808 	31.906178
0.809 	31.713148
0.810 	32.355428
0.811 	33.582227
0.812 	33.454315
0.813 	31.279441
0.814 	30.098364
0.815 	30.618351
0.816 	30.721548
0.817 	30.435244
0.818 	31.204474
0.819 	33.059858
0.820 	33.563631
0.821 	32.329136
0.822 	30.907141
0.823 	31.401458
0.824 	32.990223
0.825 	32.406332
0.826 	31.082899
0.827 	31.286647
0.828 	31.233729
0.829 	29.716281
0.830 	29.155638
0.831 	30.037988
0.832 	30.476251
0.833 	31.822092
0.834 	33.848613
0.835 	34.006290
0.836 	33.271828
0.837 	32.522164
0.838 	32.274884
0.839 	32.783000
0.840 	32.202924
0.841 	31.448746
0.842 	31.927349
0.843 	31.962585
0.844 	30.812142
0.845 	29.661466
0.846 	29.818910
0.847 	30.858890
0.848 	31.226544
0.849 	31.275614
0.850 	31.475115
0.851 	31.769218
0.852 	31.321552
0.853 	30.336304
0.854 	30.442652
0.855 	30.950724
0.856 	30.667512
0.857 	30.331751
0.858 	30.417364
0.859 	30.327225
0.860 	30.401252
0.861 	31.344645
0.862 	32.097598
0.863 	32.052250
0.864 	31.784959
0.865 	30.900895
0.866 	29.491046
0.867 	29.365313
0.868 	30.370873
0.869 	31.205531
0.870 	31.140093
0.871 	30.178172
0.872 	29.242972
0.873 	28.710661
0.874 	28.957916
0.875 	30.179801
0.876 	30.900107
0.877 	30.723325
0.878 	30.526196
0.879 	30.691686
0.880 	30.587471
0.881 	30.942078
0.882 	32.322065
0.883 	32.571383
0.884 	30.630534
0.885 	28.830212
0.886 	28.840765
0.887 	29.534476
0.888 	30.062256
0.889 	30.112492
0.890 	29.969620
0.891 	30.401210
0.892 	31.301765
0.893 	31.170493
0.894 	30.147446
0.895 	29.852733
0.896 	30.109957
0.897 	30.318554
0.898 	30.708931
0.899 	31.208437
0.900 	31.077143
0.901 	30.678555
0.902 	29.941368
0.903 	28.962731
0.904 	28.777546
0.905 	29.379564
0.906 	29.881668
0.907 	30.035915
0.908 	30.063560
0.909 	30.250962
0.910 	30.285203
0.911 	30.367806
0.912 	30.875576
0.913 	30.657814
0.914 	29.962403
0.915 	30.005076
0.916 	30.253360
0.917 	29.897715
0.918 	29.814995
0.919 	30.296817
0.920 	29.869740
0.921 	28.375511
0.922 	28.062065
0.923 	29.357858
0.924 	30.471489
0.925 	30.270868
0.926 	29.682906
0.927 	29.228455
0.928 	28.613546
0.929 	27.994266
0.930 	28.145504
0.931 	29.015899
0.932 	29.391113
0.933 	29.732288
0.934 	30.262933
0.935 	30.485562
0.936 	30.350091
0.937 	29.922030
0.938 	29.399191
0.939 	29.308155
0.940 	29.295991
0.941 	29.265349
0.942 	29.530643
0.943 	29.474142
0.944 	29.652878
0.945 	30.155561
0.946 	29.554483
0.947 	29.010372
0.948 	29.296075
0.949 	30.465262
0.950 	30.953919
0.951 	29.824994
0.952 	28.998814
0.953 	28.866460
0.954 	28.394845
0.955 	28.279252
0.956 	28.448927
0.957 	28.849770
0.958 	29.397833
0.959 	28.926690
0.960 	28.016772
0.961 	27.913115
0.962 	28.276244
0.963 	28.503022
0.964 	28.386008
0.965 	28.328916
0.966 	27.700350
0.967 	27.822820
0.968 	28.625600
0.969 	28.829237
0.970 	28.774507
0.971 	30.053213
0.972 	30.576982
0.973 	29.423555
0.974 	28.057411
0.975 	27.920811
0.976 	28.712739
0.977 	28.967987
0.978 	27.881809
0.979 	27.898517
0.980 	28.706334
0.981 	29.303946
0.982 	29.417547
0.983 	28.803255
0.984 	28.263311
0.985 	27.998392
0.986 	28.236734
0.987 	28.485589
0.988 	28.067056
0.989 	28.965832
0.990 	29.844898
0.991 	30.820680
0.992 	30.826112
0.993 	30.419801
0.994 	29.738302
0.995 	29.105552
0.996 	28.882352
0.997 	28.620085
0.998 	28.481178
0.999 	28.689096
1.000 	29.622636
1.001 	29.744038
1.002 	28.847165
1.003 	28.621123
1.004 	28.283673
1.005 	28.557110
1.006 	29.210270
1.007 	28.914874
1.008 	29.614029
1.009 	31.446954
1.010 	31.165440
1.011 	30.710402
1.012 	30.914482
1.013 	30.255286
1.014 	28.347048
1.015 	27.512679
1.016 	28.063655
1.017 	29.404681
1.018 	30.798386
1.019 	31.071170
1.020 	29.982061
1.021 	29.193990
1.022 	29.654525
1.023 	30.342844
1.024 	29.251931
1.025 	27.935125
1.026 	29.207122
1.027 	30.249766
1.028 	30.107373
1.029 	29.024793
1.030 	27.714020
1.031 	28.356686
1.032 	29.895056
1.033 	30.328435
1.034 	29.738625
1.035 	29.221433
1.036 	28.932474
1.037 	28.897430
1.038 	29.073340
1.039 	29.765847
1.040 	30.349995
1.041 	30.565894
1.042 	30.506856
1.043 	30.796395
1.044 	31.612087
1.045 	31.226800
1.046 	30.051728
1.047 	29.465211
1.048 	28.952746
1.049 	29.017039
1.050 	29.039142
1.051 	29.608022
1.052 	30.974421
1.053 	31.498816
1.054 	30.393671
1.055 	29.296747
1.056 	29.080691
1.057 	28.816449
1.058 	29.608919
1.059 	30.569788
1.060 	29.350239
1.061 	27.580211
1.062 	28.974105
1.063 	31.747053
1.064 	31.755782
1.065 	30.023748
1.066 	29.478389
1.067 	30.013382
1.068 	29.637811
1.069 	28.753272
1.070 	29.736436
1.071 	31.428274
1.072 	31.415929
1.073 	30.351198
1.074 	29.670996
1.075 	30.038711
1.076 	30.777482
1.077 	31.155360
1.078 	30.637894
1.079 	29.774990
1.080 	29.436528
1.081 	29.279248
1.082 	30.173629
1.083 	30.943715
1.084 	30.168412
1.085 	29.329454
1.086 	29.267294
1.087 	29.582139
1.088 	29.790244
1.089 	29.523512
1.090 	29.368445
1.091 	29.632721
1.092 	29.701000
1.093 	29.606885
1.094 	29.698533
1.095 	29.438236
1.096 	29.159326
1.097 	29.966960
1.098 	30.425728
1.099 	29.812190
1.100 	29.446648
1.101 	29.150690
1.102 	28.771640
1.103 	29.081994
1.104 	29.780314
1.105 	30.037776
1.106 	30.102406
1.107 	30.605853
1.108 	30.173147
1.109 	28.838929
1.110 	28.497969
1.111 	29.068743
1.112 	29.457891
1.113 	29.439913
1.114 	29.687463
1.115 	30.138055
1.116 	30.197126
1.117 	30.038682
1.118 	29.717235
1.119 	29.146629
1.120 	29.212305
1.121 	30.426932
1.122 	31.335053
1.123 	30.596854
1.124 	28.273945
1.125 	26.457085
1.126 	26.988257
1.127 	28.839035
1.128 	30.130477
1.129 	29.963253
1.130 	29.354526
1.131 	29.066137
1.132 	28.586557
1.133 	28.386713
1.134 	28.279898
1.135 	28.108481
1.136 	28.361741
1.137 	28.527731
1.138 	28.248488
1.139 	27.402419
1.140 	26.621521
1.141 	26.830685
1.142 	27.802802
1.143 	28.632814
1.144 	28.663383
1.145 	27.905429
1.146 	27.556434
1.147 	28.134356
1.148 	28.187256
1.149 	27.469534
1.150 	26.990955
1.151 	27.136871
1.152 	27.147502
1.153 	26.635646
1.154 	26.312682
1.155 	26.750653
1.156 	27.304549
1.157 	27.471016
1.158 	27.486310
1.159 	27.292535
1.160 	26.702168
1.161 	25.677770
1.162 	24.911100
1.163 	25.237477
1.164 	25.765392
1.165 	25.579890
1.166 	25.117568
1.167 	24.887883
1.168 	25.188881
1.169 	25.690264
1.170 	25.825951
1.171 	26.273294
1.172 	27.072164
1.173 	26.946365
1.174 	26.111779
1.175 	25.575685
1.176 	25.085228
1.177 	24.733609
1.178 	25.052082
1.179 	25.018173
1.180 	24.691861
1.181 	25.159575
1.182 	25.632668
1.183 	25.302242
1.184 	24.970285
1.185 	24.893121
1.186 	25.044864
1.187 	25.490735
1.188 	25.359710
1.189 	24.568174
1.190 	23.892337
1.191 	23.341811
1.192 	23.749135
1.193 	25.673843
1.194 	27.469546
1.195 	27.820368
1.196 	27.306931
1.197 	25.987944
1.198 	24.547450
1.199 	24.106845
1.200 	24.452945
1.201 	24.987351
1.202 	25.441652
1.203 	25.602854
1.204 	25.589244
1.205 	25.826718
1.206 	26.411785
1.207 	26.504976
1.208 	26.137747
1.209 	26.009495
1.210 	25.801226
1.211 	25.236997
1.212 	24.874065
1.213 	25.105652
1.214 	25.663520
1.215 	25.729455
1.216 	25.128403
1.217 	24.850914
1.218 	25.468968
1.219 	26.126214
1.220 	25.740597
1.221 	25.097047
1.222 	25.737362
1.223 	27.134786
1.224 	27.606040
1.225 	26.921385
1.226 	26.368995
1.227 	26.459130
1.228 	26.661449
1.229 	26.626002
1.230 	26.133787
1.231 	25.333145
1.232 	24.506228
1.233 	23.994845
1.234 	24.184519
1.235 	24.837682
1.236 	25.631424
1.237 	26.808569
1.238 	28.078709
1.239 	28.365578
1.240 	27.753772
1.241 	27.130648
1.242 	26.545143
1.243 	25.749116
1.244 	24.801409
1.245 	24.257447
1.246 	24.400264
1.247 	24.814647
1.248 	25.098157
1.249 	25.517842
1.250 	26.255147
1.251 	27.309065
1.252 	28.468618
1.253 	28.842277
1.254 	27.992863
1.255 	26.266788
1.256 	24.717457
1.257 	24.313804
1.258 	24.935337
1.259 	25.499855
1.260 	26.594226
1.261 	28.089650
1.262 	28.337460
1.263 	27.541113
1.264 	27.414835
1.265 	27.099627
1.266 	25.176098
1.267 	23.333057
1.268 	24.071400
1.269 	26.156850
1.270 	27.422895
1.271 	27.423938
1.272 	27.175847
1.273 	27.024145
1.274 	27.021488
1.275 	27.019104
1.276 	26.753170
1.277 	26.381395
1.278 	26.127733
1.279 	25.823110
1.280 	25.558551
1.281 	25.547884
1.282 	25.636814
1.283 	26.284455
1.284 	27.581189
1.285 	27.914780
1.286 	27.239474
1.287 	27.231610
1.288 	28.005040
1.289 	28.361515
1.290 	27.491850
1.291 	26.504154
1.292 	26.596452
1.293 	26.527679
1.294 	25.424525
1.295 	24.999187
1.296 	26.102218
1.297 	26.999582
1.298 	26.357541
1.299 	25.291041
1.300 	25.470786
1.301 	25.950052
1.302 	25.501889
1.303 	24.673201
1.304 	24.450119
1.305 	25.293409
1.306 	26.641484
1.307 	26.823822
1.308 	25.181843
1.309 	24.134820
1.310 	25.217555
1.311 	27.063483
1.312 	27.254250
1.313 	25.518497
1.314 	24.195912
1.315 	24.250960
1.316 	24.973214
1.317 	25.374368
1.318 	24.739772
1.319 	24.189845
1.320 	25.099381
1.321 	25.770563
1.322 	25.256869
1.323 	25.033703
1.324 	25.181596
1.325 	25.171435
1.326 	25.500022
1.327 	25.621477
1.328 	25.051654
1.329 	24.837075
1.330 	25.481070
1.331 	26.057497
1.332 	25.223668
1.333 	23.674789
1.334 	23.306062
1.335 	24.329418
1.336 	24.913025
1.337 	24.058342
1.338 	22.550947
1.339 	21.045960
1.340 	20.532025
1.341 	21.148877
1.342 	22.383188
1.343 	23.614106
1.344 	24.047463
1.345 	23.582667
1.346 	23.412220
1.347 	23.632899
1.348 	23.629065
1.349 	23.382428
1.350 	22.935622
1.351 	22.723026
1.352 	23.757836
1.353 	25.386758
1.354 	25.444352
1.355 	23.726671
1.356 	22.568477
1.357 	22.482363
1.358 	22.249692
1.359 	21.619657
1.360 	21.351475
1.361 	21.693700
1.362 	22.073966
1.363 	22.102093
1.364 	21.904290
1.365 	21.476611
1.366 	20.660522
1.367 	20.111008
1.368 	21.350922
1.369 	23.226481
1.370 	24.020112
1.371 	23.828592
1.372 	22.607007
1.373 	20.751572
1.374 	20.557213
1.375 	22.043249
1.376 	22.557854
1.377 	21.449592
1.378 	20.232304
1.379 	20.196634
1.380 	20.765913
1.381 	21.454353
1.382 	21.930595
1.383 	20.186597
1.384 	17.458198
1.385 	16.306118
1.386 	16.008606
1.387 	15.341423
1.388 	16.057735
1.389 	18.245682
1.390 	19.801904
1.391 	19.988034
1.392 	19.652862
1.393 	19.044537
1.394 	17.951311
1.395 	16.763762
1.396 	16.677120
1.397 	17.240035
1.398 	18.017865
1.399 	19.049589
1.400 	19.445439
1.401 	17.779103
1.402 	15.015224
1.403 	14.354209
1.404 	16.046828
1.405 	17.945081
1.406 	18.516587
1.407 	18.040242
1.408 	16.646543
1.409 	14.772083
1.410 	14.053759
1.411 	14.463407
1.412 	15.106404
1.413 	15.381442
1.414 	15.375087
1.415 	15.740509
1.416 	16.022781
1.417 	15.178244
1.418 	14.335399
1.419 	14.680268
1.420 	15.714630
1.421 	16.631454
1.422 	17.559835
1.423 	18.367913
1.424 	17.125902
1.425 	13.902541
1.426 	11.831425
1.427 	12.806330
1.428 	14.766121
1.429 	15.565708
1.430 	15.875771
1.431 	16.100437
1.432 	15.615264
1.433 	15.380324
1.434 	16.395505
1.435 	17.187510
1.436 	16.660259
1.437 	15.838188
1.438 	15.288501
1.439 	14.607485
1.440 	13.923439
1.441 	13.704221
1.442 	14.885082
1.443 	16.393384
1.444 	16.731633
1.445 	17.240451
1.446 	17.369278
1.447 	15.702125
1.448 	14.985842
1.449 	16.818530
1.450 	17.930383
1.451 	17.049535
1.452 	16.343100
1.453 	16.019697
1.454 	15.941585
1.455 	16.416335
1.456 	16.554844
1.457 	15.801547
1.458 	14.868025
1.459 	14.076672
1.460 	14.099187
1.461 	15.609356
1.462 	17.025001
1.463 	17.780996
1.464 	17.857979
1.465 	16.095623
1.466 	13.718993
1.467 	13.688393
1.468 	14.954292
1.469 	15.952672
1.470 	17.244367
1.471 	16.790160
1.472 	14.607688
1.473 	13.739064
1.474 	14.201404
1.475 	15.003354
1.476 	15.421286
1.477 	15.100594
1.478 	14.340676
1.479 	13.435779
1.480 	13.837099
1.481 	15.992482
1.482 	17.910863
1.483 	18.483680
1.484 	17.869590
1.485 	16.489828
1.486 	16.574399
1.487 	18.219547
1.488 	18.345535
1.489 	16.306526
1.490 	14.966869
1.491 	14.867475
1.492 	15.138536
1.493 	16.153837
1.494 	17.098448
1.495 	16.829893
1.496 	15.610597
1.497 	15.711224
1.498 	17.038342
1.499 	17.349574
1.500 	17.165936
1.501 	17.419621
1.502 	15.704663
1.503 	13.155876
1.504 	14.212798
1.505 	17.202809
1.506 	17.489713
1.507 	16.002659
1.508 	16.044398
1.509 	17.063490
1.510 	17.434213
1.511 	17.475293
1.512 	17.477675
1.513 	17.203549
1.514 	16.808428
1.515 	17.181520
1.516 	18.780220
1.517 	19.416931
1.518 	19.001375
1.519 	16.933104
1.520 	14.260887
1.521 	13.961634
1.522 	15.280079
1.523 	16.610053
1.524 	16.861919
1.525 	16.024400
1.526 	16.825160
1.527 	18.702675
1.528 	18.318472
1.529 	16.609302
1.530 	16.101370
1.531 	17.404224
1.532 	18.694679
1.533 	17.437936
1.534 	14.499692
1.535 	14.204193
1.536 	16.859671
1.537 	17.280342
1.538 	15.966941
1.539 	17.016946
1.540 	18.894939
1.541 	17.780272
1.542 	16.622273
1.543 	17.973543
1.544 	18.361974
1.545 	18.726563
1.546 	18.699097
1.547 	18.294076
1.548 	18.325143
1.549 	16.147199
1.550 	14.783331
1.551 	16.770107
1.552 	18.935549
1.553 	18.263866
1.554 	16.943012
1.555 	16.605025
1.556 	19.053109
1.557 	22.785881
1.558 	21.737061
1.559 	17.416327
1.560 	16.132842
1.561 	17.387502
1.562 	18.269612
1.563 	19.052129
1.564 	20.891197
1.565 	21.039257
1.566 	18.854672
1.567 	17.806958
1.568 	19.869377
1.569 	22.537402
1.570 	21.811506
1.571 	18.223616
1.572 	15.756800
1.573 	17.617540
1.574 	19.627410
1.575 	19.552580
1.576 	18.429726
1.577 	19.126925
1.578 	20.870384
1.579 	19.965734
1.580 	20.161846
1.581 	18.658636
1.582 	16.790336
1.583 	17.092093
1.584 	17.941665
1.585 	18.989378
1.586 	18.768239
1.587 	19.346565
1.588 	20.740272
1.589 	22.207253
1.590 	21.694424
1.591 	21.368538
1.592 	21.150799
1.593 	20.101991
1.594 	18.492022
1.595 	17.240705
1.596 	17.353837
1.597 	19.575104
1.598 	25.463882
1.599 	25.212069
1.600 	19.651774
1.601 	16.715268
1.602 	16.657152
1.603 	18.082952
1.604 	18.956320
1.605 	18.119727
1.606 	16.636101
1.607 	17.876451
1.608 	19.589191
1.609 	21.179093
1.610 	24.070101
1.611 	23.430173
1.612 	21.712210
1.613 	20.203470
1.614 	17.644227
1.615 	17.617816
1.616 	19.485044
1.617 	22.068906
1.618 	23.554970
1.619 	22.635582
1.620 	19.385589
1.621 	18.948168
1.622 	21.071167
1.623 	21.831109
1.624 	20.361594
1.625 	18.734098
1.626 	18.210351
1.627 	18.500928
1.628 	17.263834
1.629 	17.467211
1.630 	18.006528
1.631 	19.970272
1.632 	19.661731
1.633 	21.784075
1.634 	23.422864
1.635 	21.657722
1.636 	19.947717
1.637 	21.733942
1.638 	20.665311
1.639 	19.541488
1.640 	21.479280
1.641 	20.828712
1.642 	16.367280
1.643 	15.336497
1.644 	17.747867
1.645 	19.490733
1.646 	20.352049
1.647 	22.010841
1.648 	22.449521
1.649 	23.567041
1.650 	21.395757
1.651 	20.742367
1.652 	19.984838
1.653 	20.209030
1.654 	21.937835
1.655 	18.766309
1.656 	15.836474
1.657 	18.802069
1.658 	23.023848
1.659 	23.606135
1.660 	22.255508
1.661 	20.989640
1.662 	18.737356
1.663 	19.132675
1.664 	20.039032
1.665 	22.438242
1.666 	25.651461
1.667 	22.829487
1.668 	13.658384
1.669 	17.333480
1.670 	28.686647
1.671 	22.908826
1.672 	18.033460
1.673 	21.688827
1.674 	17.125260
1.675 	19.757262
1.676 	21.878568
1.677 	17.088672
1.678 	17.378253
1.679 	14.123619
1.680 	19.089837
1.681 	28.000740
1.682 	27.974250
1.683 	18.590785
1.684 	20.565215
1.685 	9.007259
1.686 	12.305193
1.687 	28.198396
1.688 	38.137127
1.689 	15.832854
1.690 	7.350448
1.691 	17.846467
1.692 	22.278887
1.693 	24.624957
1.694 	11.880642
1.695 	-4.371460
1.696 	7.941479
1.697 	26.805705
1.698 	24.321056
1.699 	35.554786
1.700 	38.363226
