0.660 	27.763331
0.661 	41.956185
0.662 	37.422451
0.663 	36.064947
0.664 	28.485274
0.665 	33.116581
0.666 	28.290663
0.667 	34.507512
0.668 	33.635559
0.669 	38.832407
0.670 	39.229865
0.671 	33.871498
0.672 	38.108791
0.673 	30.811400
0.674 	30.011082
0.675 	33.282031
0.676 	34.960706
0.677 	34.988839
0.678 	33.749398
0.679 	28.353061
0.680 	33.092607
0.681 	34.267389
0.682 	30.491211
0.683 	32.216068
0.684 	34.729246
0.685 	36.637523
0.686 	33.613815
0.687 	28.864899
0.688 	33.493252
0.689 	36.511047
0.690 	35.798682
0.691 	34.431156
0.692 	33.554465
0.693 	27.647053
0.694 	29.599077
0.695 	30.810136
0.696 	37.991083
0.697 	42.271164
0.698 	31.848942
0.699 	33.274558
0.700 	32.568103
0.701 	31.441603
0.702 	34.597345
0.703 	33.023395
0.704 	31.040560
0.705 	32.953228
0.706 	28.849409
0.707 	30.986166
0.708 	36.979187
0.709 	35.851442
0.710 	29.870264
0.711 	28.022393
0.712 	30.471168
0.713 	32.052412
0.714 	35.060572
0.715 	35.413070
0.716 	33.587073
0.717 	32.628984
0.718 	27.238708
0.719 	29.512113
0.720 	33.500220
0.721 	33.355217
0.722 	33.319399
0.723 	31.680086
0.724 	30.188996
0.725 	30.671673
0.726 	34.709206
0.727 	34.663191
0.728 	31.184107
0.729 	31.950173
0.730 	30.790639
0.731 	29.700518
0.732 	30.845236
0.733 	31.303004
0.734 	30.848481
0.735 	31.599931
0.736 	31.516441
0.737 	28.054905
0.738 	27.452558
0.739 	30.954705
0.740 	32.379159
0.741 	32.023099
0.742 	32.118578
0.743 	30.740001
0.744 	30.128524
0.745 	32.150718
0.746 	34.043003
0.747 	32.687132
0.748 	29.741249
0.749 	28.877348
0.750 	30.727986
0.751 	33.730609
0.752 	32.701385
0.753 	28.483211
0.754 	27.970212
0.755 	27.520989
0.756 	28.810049
0.757 	30.704959
0.758 	30.628612
0.759 	31.258948
0.760 	33.394798
0.761 	31.523426
0.762 	27.098108
0.763 	26.015080
0.764 	28.671594
0.765 	30.496279
0.766 	32.327067
0.767 	34.202727
0.768 	33.005297
0.769 	27.954992
0.770 	24.772421
0.771 	27.172177
0.772 	31.155737
0.773 	33.806364
0.774 	32.974638
0.775 	31.385565
0.776 	31.820414
0.777 	31.942571
0.778 	29.246314
0.779 	28.916137
0.780 	30.784772
0.781 	31.144548
0.782 	29.589432
0.783 	27.426175
0.784 	26.644379
0.785 	26.749208
0.786 	27.942265
0.787 	30.263778
0.788 	30.363394
0.789 	29.867652
0.790 	32.059402
0.791 	32.844933
0.792 	30.080216
0.793 	28.331708
0.794 	28.607477
0.795 	28.489673
0.796 	29.858928
0.797 	30.936898
0.798 	30.466422
0.799 	30.347723
0.800 	30.588966
0.801 	30.070939
0.802 	29.955642
0.803 	31.341379
0.804 	31.819217
0.805 	30.595041
0.806 	29.414341
0.807 	27.840996
0.808 	27.027545
0.809 	27.861093
0.810 	29.054363
0.811 	29.653837
0.812 	29.656877
0.813 	28.429079
0.814 	27.960271
0.815 	29.414643
0.816 	28.585983
0.817 	27.047396
0.818 	28.338633
0.819 	28.879459
0.820 	27.356616
0.821 	27.246862
0.822 	30.205378
0.823 	31.540131
0.824 	29.199489
0.825 	26.602306
0.826 	25.384725
0.827 	26.542793
0.828 	28.527277
0.829 	28.776588
0.830 	28.468309
0.831 	28.920958
0.832 	29.316719
0.833 	29.989983
0.834 	30.400690
0.835 	30.227128
0.836 	30.090187
0.837 	29.896923
0.838 	29.299319
0.839 	29.215208
0.840 	28.856658
0.841 	27.358791
0.842 	27.150378
0.843 	28.139983
0.844 	28.647256
0.845 	29.895143
0.846 	30.855304
0.847 	29.400823
0.848 	27.610378
0.849 	27.117656
0.850 	26.515979
0.851 	26.072968
0.852 	27.023593
0.853 	27.773518
0.854 	27.595032
0.855 	27.398334
0.856 	27.725389
0.857 	28.551728
0.858 	28.699703
0.859 	28.184227
0.860 	28.117052
0.861 	28.939280
0.862 	29.621239
0.863 	29.658410
0.864 	29.927039
0.865 	29.460477
0.866 	26.813441
0.867 	23.725262
0.868 	22.829712
0.869 	23.911067
0.870 	26.278254
0.871 	28.835995
0.872 	29.977075
0.873 	29.029320
0.874 	27.220835
0.875 	26.633258
0.876 	27.688911
0.877 	28.586276
0.878 	28.615026
0.879 	28.005685
0.880 	27.424168
0.881 	27.856969
0.882 	28.758814
0.883 	28.793691
0.884 	27.640472
0.885 	26.808226
0.886 	27.041014
0.887 	27.630108
0.888 	27.828959
0.889 	27.716215
0.890 	28.125271
0.891 	28.708328
0.892 	27.821635
0.893 	25.802475
0.894 	24.367057
0.895 	24.248953
0.896 	25.878281
0.897 	28.000457
0.898 	28.536633
0.899 	27.969132
0.900 	27.982269
0.901 	28.438266
0.902 	28.195152
0.903 	27.308591
0.904 	26.127406
0.905 	24.829625
0.906 	24.858092
0.907 	26.258403
0.908 	27.468360
0.909 	27.557156
0.910 	27.037831
0.911 	26.341248
0.912 	25.498663
0.913 	25.488255
0.914 	26.683215
0.915 	27.465988
0.916 	27.483289
0.917 	27.564558
0.918 	26.806817
0.919 	24.838882
0.920 	23.977961
0.921 	25.245767
0.922 	27.088455
0.923 	27.883290
0.924 	27.586788
0.925 	26.663332
0.926 	25.351454
0.927 	25.669407
0.928 	27.721712
0.929 	28.451049
0.930 	26.971028
0.931 	26.138987
0.932 	26.426068
0.933 	26.659998
0.934 	27.674021
0.935 	28.077084
0.936 	27.053594
0.937 	25.463775
0.938 	24.639614
0.939 	24.139733
0.940 	24.357575
0.941 	25.359952
0.942 	25.621059
0.943 	25.447370
0.944 	24.842591
0.945 	24.867204
0.946 	25.264454
0.947 	25.810305
0.948 	26.432045
0.949 	26.449203
0.950 	24.809148
0.951 	22.882884
0.952 	21.913451
0.953 	23.374804
0.954 	24.788893
0.955 	24.225934
0.956 	23.534985
0.957 	23.629403
0.958 	22.947003
0.959 	21.922768
0.960 	22.643371
0.961 	24.394463
0.962 	24.108845
0.963 	24.827713
0.964 	25.996977
0.965 	26.054811
0.966 	25.734993
0.967 	24.732940
0.968 	24.705590
0.969 	25.312180
0.970 	25.371014
0.971 	24.276877
0.972 	23.065472
0.973 	22.846756
0.974 	23.257046
0.975 	23.384796
0.976 	23.285445
0.977 	22.872244
0.978 	21.946122
0.979 	22.177695
0.980 	22.171346
0.981 	22.120572
0.982 	23.401418
0.983 	23.609524
0.984 	22.336593
0.985 	23.347725
0.986 	23.397014
0.987 	22.831371
0.988 	24.510178
0.989 	26.286616
0.990 	25.566688
0.991 	22.764518
0.992 	20.807141
0.993 	21.590171
0.994 	22.173431
0.995 	22.555000
0.996 	22.870536
0.997 	23.726479
0.998 	24.087540
0.999 	23.497674
1.000 	23.392972
1.001 	23.373054
1.002 	23.145119
1.003 	22.221705
1.004 	21.768047
1.005 	22.951921
1.006 	24.413340
1.007 	23.014086
1.008 	22.085093
1.009 	22.675275
1.010 	23.153035
1.011 	22.400292
1.012 	23.124584
1.013 	22.812318
1.014 	21.500521
1.015 	22.562286
1.016 	24.570449
1.017 	24.413033
1.018 	22.721034
1.019 	22.305275
1.020 	22.096302
1.021 	23.275943
1.022 	25.591158
1.023 	26.843292
1.024 	25.706909
1.025 	23.837083
1.026 	23.538840
1.027 	23.543215
1.028 	23.298568
1.029 	22.692020
1.030 	21.844365
1.031 	21.169070
1.032 	20.835668
1.033 	22.530692
1.034 	24.538662
1.035 	25.486821
1.036 	24.489123
1.037 	23.335370
1.038 	22.465297
1.039 	21.531473
1.040 	22.819324
1.041 	25.607438
1.042 	25.737448
1.043 	22.735690
1.044 	19.975091
1.045 	21.356340
1.046 	23.592447
1.047 	23.827794
1.048 	22.526190
1.049 	21.978072
1.050 	22.518832
1.051 	22.260379
1.052 	22.761464
1.053 	23.680718
1.054 	24.199277
1.055 	24.275681
1.056 	23.547801
1.057 	22.488726
1.058 	23.034376
1.059 	25.119054
1.060 	25.593298
1.061 	23.929645
1.062 	22.853156
1.063 	23.898610
1.064 	24.673815
1.065 	23.801054
1.066 	23.032100
1.067 	22.728345
1.068 	23.012221
1.069 	23.469115
1.070 	24.261818
1.071 	25.087751
1.072 	23.665420
1.073 	21.445747
1.074 	20.931045
1.075 	22.265521
1.076 	23.312266
1.077 	23.332584
1.078 	23.393447
1.079 	23.967410
1.080 	25.309543
1.081 	26.049597
1.082 	24.386211
1.083 	22.226837
1.084 	22.651836
1.085 	24.357340
1.086 	24.373924
1.087 	22.939695
1.088 	23.067924
1.089 	24.492133
1.090 	24.790120
1.091 	23.950596
1.092 	22.537831
1.093 	21.803356
1.094 	22.605935
1.095 	23.688154
1.096 	24.197886
1.097 	23.842836
1.098 	22.589784
1.099 	22.328328
1.100 	24.146519
1.101 	25.932468
1.102 	26.029911
1.103 	25.101073
1.104 	24.549509
1.105 	23.923537
1.106 	23.005145
1.107 	22.951893
1.108 	23.792900
1.109 	23.734170
1.110 	22.370589
1.111 	21.460619
1.112 	21.740918
1.113 	22.663807
1.114 	23.643424
1.115 	23.735345
1.116 	22.488265
1.117 	21.610039
1.118 	22.235098
1.119 	24.036355
1.120 	25.681792
1.121 	25.679121
1.122 	24.342980
1.123 	23.294314
1.124 	23.533009
1.125 	24.128646
1.126 	23.327011
1.127 	22.128119
1.128 	22.356531
1.129 	22.303007
1.130 	20.920573
1.131 	20.161861
1.132 	20.647927
1.133 	21.674297
1.134 	23.204555
1.135 	24.301312
1.136 	24.095195
1.137 	23.153268
1.138 	22.628507
1.139 	22.453450
1.140 	22.564723
1.141 	23.098461
1.142 	22.479998
1.143 	21.089057
1.144 	19.291701
1.145 	16.960868
1.146 	15.640292
1.147 	16.919413
1.148 	19.636094
1.149 	21.039109
1.150 	20.786253
1.151 	20.033427
1.152 	19.588170
1.153 	19.412529
1.154 	18.984146
1.155 	18.735700
1.156 	19.446430
1.157 	20.496528
1.158 	20.204747
1.159 	18.684798
1.160 	17.670961
1.161 	17.878832
1.162 	18.456200
1.163 	18.791648
1.164 	18.751004
1.165 	17.418042
1.166 	15.946732
1.167 	16.965946
1.168 	18.679919
1.169 	19.242954
1.170 	19.599545
1.171 	19.961195
1.172 	19.573525
1.173 	18.566358
1.174 	17.497107
1.175 	16.716296
1.176 	16.794393
1.177 	18.141609
1.178 	19.061011
1.179 	18.091696
1.180 	17.838244
1.181 	19.220103
1.182 	20.540817
1.183 	20.545607
1.184 	19.017005
1.185 	17.234397
1.186 	16.551224
1.187 	16.697625
1.188 	16.609473
1.189 	17.629052
1.190 	19.847676
1.191 	21.773009
1.192 	21.922992
1.193 	20.004564
1.194 	17.546542
1.195 	15.971135
1.196 	15.335481
1.197 	15.436479
1.198 	16.523864
1.199 	17.735243
1.200 	17.510038
1.201 	16.687146
1.202 	17.085197
1.203 	18.107203
1.204 	18.172878
1.205 	17.969341
1.206 	18.526967
1.207 	18.636533
1.208 	17.746464
1.209 	17.646787
1.210 	18.887081
1.211 	19.595122
1.212 	18.587043
1.213 	17.025181
1.214 	16.541814
1.215 	17.112552
1.216 	17.730677
1.217 	18.012221
1.218 	17.932771
1.219 	18.014707
1.220 	18.439750
1.221 	18.801247
1.222 	18.826093
1.223 	18.897916
1.224 	18.819126
1.225 	17.923513
1.226 	17.081296
1.227 	17.067517
1.228 	17.724632
1.229 	17.476897
1.230 	15.582943
1.231 	14.424662
1.232 	15.891873
1.233 	19.610717
1.234 	22.743218
1.235 	23.339029
1.236 	22.346863
1.237 	21.460103
1.238 	20.332176
1.239 	17.950727
1.240 	15.160451
1.241 	13.428334
1.242 	13.526512
1.243 	15.800181
1.244 	18.433290
1.245 	19.548332
1.246 	19.432547
1.247 	19.892684
1.248 	20.389317
1.249 	20.762825
1.250 	21.669134
1.251 	21.757256
1.252 	20.398116
1.253 	19.445323
1.254 	20.105289
1.255 	21.050061
1.256 	20.998286
1.257 	19.962560
1.258 	18.595590
1.259 	16.883947
1.260 	15.090560
1.261 	14.431561
1.262 	16.432170
1.263 	20.412603
1.264 	22.602933
1.265 	21.140844
1.266 	18.403575
1.267 	17.544380
1.268 	18.931956
1.269 	20.059617
1.270 	20.353765
1.271 	20.418256
1.272 	20.754674
1.273 	20.854879
1.274 	20.592490
1.275 	19.937156
1.276 	19.121576
1.277 	18.940293
1.278 	19.237100
1.279 	18.815801
1.280 	17.929308
1.281 	17.807268
1.282 	18.927378
1.283 	19.993605
1.284 	20.007221
1.285 	19.384745
1.286 	18.534343
1.287 	17.390331
1.288 	17.654320
1.289 	19.307066
1.290 	19.710505
1.291 	18.627899
1.292 	17.557017
1.293 	17.785282
1.294 	19.001897
1.295 	19.870771
1.296 	19.416419
1.297 	18.967549
1.298 	18.967090
1.299 	18.190508
1.300 	17.153868
1.301 	17.338580
1.302 	19.003328
1.303 	20.858366
1.304 	21.020439
1.305 	19.343609
1.306 	16.959370
1.307 	16.442666
1.308 	18.290498
1.309 	19.861085
1.310 	18.802177
1.311 	16.507406
1.312 	14.797297
1.313 	14.417478
1.314 	15.395729
1.315 	17.419613
1.316 	19.045891
1.317 	19.357783
1.318 	18.421471
1.319 	17.280879
1.320 	16.882573
1.321 	18.323217
1.322 	20.174430
1.323 	19.643216
1.324 	17.510685
1.325 	16.240603
1.326 	15.216716
1.327 	13.655362
1.328 	13.089642
1.329 	13.737051
1.330 	15.148215
1.331 	17.339330
1.332 	17.929917
1.333 	16.514047
1.334 	15.162580
1.335 	15.257584
1.336 	15.019688
1.337 	14.181734
1.338 	14.785897
1.339 	16.621090
1.340 	17.644899
1.341 	17.099565
1.342 	16.293115
1.343 	16.249324
1.344 	15.810299
1.345 	15.078342
1.346 	14.917930
1.347 	15.864955
1.348 	17.548368
1.349 	16.950797
1.350 	13.929595
1.351 	12.270504
1.352 	13.669503
1.353 	16.160497
1.354 	17.426359
1.355 	17.722027
1.356 	16.965888
1.357 	15.394268
1.358 	13.604134
1.359 	12.491513
1.360 	12.511479
1.361 	13.527549
1.362 	14.569999
1.363 	14.353268
1.364 	12.849697
1.365 	12.402364
1.366 	13.769298
1.367 	15.311113
1.368 	16.352154
1.369 	16.434489
1.370 	15.653832
1.371 	15.685874
1.372 	14.952353
1.373 	12.178545
1.374 	10.624647
1.375 	12.841782
1.376 	15.544897
1.377 	15.783477
1.378 	14.265033
1.379 	12.400550
1.380 	10.611946
1.381 	10.944912
1.382 	13.224772
1.383 	13.444004
1.384 	11.984765
1.385 	11.969127
1.386 	12.312027
1.387 	11.397804
1.388 	9.362795
1.389 	8.370061
1.390 	9.720257
1.391 	11.326751
1.392 	11.942692
1.393 	11.129151
1.394 	9.723218
1.395 	9.561436
1.396 	9.632263
1.397 	7.936559
1.398 	5.901035
1.399 	5.246349
1.400 	6.809817
1.401 	9.306575
1.402 	10.484247
1.403 	11.143957
1.404 	12.671020
1.405 	13.870844
1.406 	12.973232
1.407 	10.865456
1.408 	9.233307
1.409 	8.567452
1.410 	8.915419
1.411 	9.627663
1.412 	10.450625
1.413 	11.432087
1.414 	12.420885
1.415 	12.467374
1.416 	10.630674
1.417 	7.998018
1.418 	7.299778
1.419 	7.861557
1.420 	7.573698
1.421 	8.343912
1.422 	10.782153
1.423 	10.539044
1.424 	7.407010
1.425 	6.945414
1.426 	10.437410
1.427 	12.313839
1.428 	9.395345
1.429 	5.165745
1.430 	3.320635
1.431 	4.296120
1.432 	6.331060
1.433 	7.074530
1.434 	7.151008
1.435 	7.976896
1.436 	9.457741
1.437 	11.131311
1.438 	12.237594
1.439 	10.885960
1.440 	9.246010
1.441 	9.239937
1.442 	9.027607
1.443 	8.366363
1.444 	8.468859
1.445 	9.137822
1.446 	8.720912
1.447 	6.729029
1.448 	6.236320
1.449 	8.997258
1.450 	12.687679
1.451 	12.970546
1.452 	9.055975
1.453 	6.021204
1.454 	7.675804
1.455 	8.870970
1.456 	6.703966
1.457 	4.950545
1.458 	6.749816
1.459 	9.893978
1.460 	12.143367
1.461 	13.562734
1.462 	10.999997
1.463 	4.947801
1.464 	1.761085
1.465 	3.153888
1.466 	6.239317
1.467 	8.422119
1.468 	9.525696
1.469 	9.567492
1.470 	8.283503
1.471 	7.804600
1.472 	8.995901
1.473 	10.105940
1.474 	8.272760
1.475 	4.517273
1.476 	4.742420
1.477 	9.022651
1.478 	11.330167
1.479 	10.210076
1.480 	8.549714
1.481 	8.221442
1.482 	9.291277
1.483 	10.672898
1.484 	12.297624
1.485 	13.425066
1.486 	11.141860
1.487 	6.872881
1.488 	5.735751
1.489 	7.165738
1.490 	8.479653
1.491 	10.202319
1.492 	11.351806
1.493 	12.503540
1.494 	12.884049
1.495 	10.375766
1.496 	9.513940
1.497 	12.112883
1.498 	11.455740
1.499 	7.610865
1.500 	7.643812
1.501 	9.481408
1.502 	8.400859
1.503 	7.330362
1.504 	7.281536
1.505 	7.299749
1.506 	6.698230
1.507 	5.248848
1.508 	5.432165
1.509 	6.539322
1.510 	5.702906
1.511 	4.675650
1.512 	7.170219
1.513 	9.551394
1.514 	9.018728
1.515 	10.337900
1.516 	13.788544
1.517 	13.639280
1.518 	11.826957
1.519 	10.347855
1.520 	9.999557
1.521 	9.178522
1.522 	7.616780
1.523 	6.572871
1.524 	6.868690
1.525 	9.645916
1.526 	11.339031
1.527 	10.882883
1.528 	10.348481
1.529 	10.143478
1.530 	9.913797
1.531 	9.438087
1.532 	6.668796
1.533 	5.298279
1.534 	8.703522
1.535 	14.308000
1.536 	15.775103
1.537 	11.570126
1.538 	8.140642
1.539 	5.931659
1.540 	6.837052
1.541 	9.970127
1.542 	11.736773
1.543 	12.609122
1.544 	12.311859
1.545 	10.048846
1.546 	8.603933
1.547 	8.237490
1.548 	6.674399
1.549 	5.754572
1.550 	9.325422
1.551 	13.034894
1.552 	13.756010
1.553 	10.926173
1.554 	10.728466
1.555 	16.861108
1.556 	19.825168
1.557 	15.483483
1.558 	10.323080
1.559 	10.587441
1.560 	11.803055
1.561 	10.525088
1.562 	8.391930
1.563 	9.438733
1.564 	12.546396
1.565 	12.548592
1.566 	10.877037
1.567 	10.726667
1.568 	11.320428
1.569 	10.318098
1.570 	7.333060
1.571 	6.406645
1.572 	8.369259
1.573 	10.128214
1.574 	10.479345
1.575 	10.826419
1.576 	11.521473
1.577 	11.725954
1.578 	11.320329
1.579 	9.895859
1.580 	11.115619
1.581 	15.176314
1.582 	17.078672
1.583 	14.647682
1.584 	10.339793
1.585 	9.973284
1.586 	11.268107
1.587 	10.612412
1.588 	12.340855
1.589 	12.128062
1.590 	9.729838
1.591 	9.161004
1.592 	6.602818
1.593 	6.016041
1.594 	9.443138
1.595 	14.015316
1.596 	13.815781
1.597 	9.956287
1.598 	9.485065
1.599 	10.738796
1.600 	12.731236
1.601 	16.557154
1.602 	17.884099
1.603 	14.552842
1.604 	9.527181
1.605 	7.320537
1.606 	7.315363
1.607 	12.708671
1.608 	16.941697
1.609 	15.985436
1.610 	14.180973
1.611 	14.597872
1.612 	11.964199
1.613 	6.928196
1.614 	7.349911
1.615 	14.074309
1.616 	18.939486
1.617 	16.581189
1.618 	13.980804
1.619 	14.223103
1.620 	9.180399
1.621 	4.964842
1.622 	6.549341
1.623 	6.622884
1.624 	11.291312
1.625 	13.718613
1.626 	11.613453
1.627 	13.814299
1.628 	16.619181
1.629 	16.062795
1.630 	17.385581
1.631 	17.132455
1.632 	12.952313
1.633 	11.433848
1.634 	14.340352
1.635 	11.699602
1.636 	15.324794
1.637 	19.449044
1.638 	16.013692
1.639 	11.650064
1.640 	10.096060
1.641 	8.519927
1.642 	6.978420
1.643 	9.940225
1.644 	9.618000
1.645 	8.376590
1.646 	5.915781
1.647 	8.702141
1.648 	12.866293
1.649 	15.887047
1.650 	20.180851
1.651 	17.705162
1.652 	15.286623
1.653 	10.970198
1.654 	14.907985
1.655 	16.779904
1.656 	12.559875
1.657 	9.372479
1.658 	7.746735
1.659 	9.883927
1.660 	13.942111
1.661 	20.367473
1.662 	20.540654
1.663 	11.683166
1.664 	3.570463
1.665 	-2.543334
1.666 	2.184470
1.667 	16.600885
1.668 	24.014726
1.669 	26.921522
1.670 	17.644914
1.671 	12.203084
1.672 	20.160764
1.673 	22.068088
1.674 	11.405381
1.675 	-0.571291
1.676 	6.140955
1.677 	21.170784
1.678 	15.811490
1.679 	3.022551
1.680 	-2.434885
1.681 	-2.316855
1.682 	13.611394
1.683 	20.686511
1.684 	19.951255
1.685 	14.485980
1.686 	7.393753
1.687 	-2.641421
1.688 	13.744620
1.689 	21.864776
1.690 	7.794445
1.691 	-8.470105
1.692 	-14.977454
1.693 	21.411105
1.694 	51.104261
1.695 	18.142884
1.696 	6.302699
1.697 	23.562201
1.698 	25.873307
1.699 	0.399595
1.700 	-2.840942
