0.660 	23.996535
0.661 	22.693838
0.662 	29.366089
0.663 	31.139102
0.664 	34.206305
0.665 	29.464007
0.666 	28.490130
0.667 	39.148343
0.668 	31.007551
0.669 	25.266694
0.670 	38.996968
0.671 	30.079624
0.672 	28.015134
0.673 	32.786134
0.674 	32.717378
0.675 	21.938196
0.676 	20.180278
0.677 	29.340535
0.678 	32.553457
0.679 	27.387005
0.680 	33.241229
0.681 	27.441099
0.682 	27.918353
0.683 	31.482833
0.684 	29.620432
0.685 	35.417871
0.686 	35.052254
0.687 	30.348492
0.688 	26.998213
0.689 	26.818676
0.690 	27.829394
0.691 	25.232124
0.692 	30.682867
0.693 	32.214504
0.694 	32.393561
0.695 	32.343331
0.696 	35.900784
0.697 	35.008243
0.698 	29.064910
0.699 	28.661628
0.700 	30.327154
0.701 	27.292705
0.702 	31.183936
0.703 	30.442513
0.704 	28.520388
0.705 	31.814892
0.706 	31.115460
0.707 	33.608394
0.708 	34.054148
0.709 	27.789248
0.710 	27.334900
0.711 	31.001946
0.712 	30.458980
0.713 	31.560950
0.714 	30.876447
0.715 	28.138380
0.716 	31.512396
0.717 	30.853884
0.718 	31.988006
0.719 	34.974171
0.720 	33.086568
0.721 	28.700569
0.722 	28.062217
0.723 	28.988977
0.724 	29.601288
0.725 	31.415222
0.726 	34.838960
0.727 	31.217540
0.728 	27.904535
0.729 	31.471454
0.730 	32.193071
0.731 	31.427130
0.732 	31.966811
0.733 	31.170155
0.734 	30.579416
0.735 	30.261625
0.736 	27.246289
0.737 	25.325082
0.738 	29.466885
0.739 	34.641527
0.740 	33.778266
0.741 	31.886446
0.742 	31.271800
0.743 	30.140386
0.744 	30.088047
0.745 	31.219845
0.746 	29.560959
0.747 	28.309664
0.748 	30.332250
0.749 	27.252895
0.750 	29.714365
0.751 	34.240627
0.752 	32.207575
0.753 	28.228990
0.754 	28.261999
0.755 	27.586933
0.756 	28.711786
0.757 	30.597720
0.758 	31.465700
0.759 	31.236035
0.760 	32.115942
0.761 	32.412255
0.762 	29.379369
0.763 	25.758816
0.764 	24.537433
0.765 	26.090028
0.766 	28.324963
0.767 	32.670364
0.768 	36.714654
0.769 	33.649701
0.770 	30.191702
0.771 	29.231606
0.772 	29.756554
0.773 	31.992154
0.774 	32.278116
0.775 	30.328520
0.776 	29.077026
0.777 	29.084983
0.778 	28.343220
0.779 	27.257897
0.780 	26.985741
0.781 	29.815323
0.782 	31.576001
0.783 	30.864144
0.784 	30.991240
0.785 	31.089665
0.786 	31.038332
0.787 	31.397168
0.788 	29.354063
0.789 	26.949362
0.790 	27.656256
0.791 	29.503716
0.792 	30.080899
0.793 	30.630911
0.794 	30.351158
0.795 	28.805656
0.796 	28.685908
0.797 	29.171993
0.798 	29.127914
0.799 	29.561111
0.800 	31.241125
0.801 	31.784804
0.802 	29.708775
0.803 	29.119353
0.804 	29.962333
0.805 	28.606212
0.806 	27.205367
0.807 	28.001440
0.808 	29.775517
0.809 	30.530521
0.810 	29.758880
0.811 	29.452584
0.812 	29.775531
0.813 	29.176776
0.814 	28.431514
0.815 	28.229568
0.816 	28.271236
0.817 	29.831897
0.818 	31.286908
0.819 	31.353134
0.820 	31.343776
0.821 	31.012883
0.822 	29.926327
0.823 	28.512648
0.824 	28.335869
0.825 	28.894803
0.826 	28.580886
0.827 	28.318712
0.828 	28.575019
0.829 	28.798453
0.830 	28.946148
0.831 	29.186640
0.832 	28.684068
0.833 	28.279717
0.834 	28.559061
0.835 	28.643741
0.836 	28.520656
0.837 	29.364953
0.838 	30.517636
0.839 	30.349540
0.840 	29.161374
0.841 	28.186476
0.842 	27.852820
0.843 	28.593527
0.844 	30.129590
0.845 	31.125417
0.846 	30.162768
0.847 	28.243540
0.848 	28.172796
0.849 	29.439911
0.850 	28.916940
0.851 	27.712078
0.852 	27.917998
0.853 	27.855247
0.854 	27.230580
0.855 	27.590989
0.856 	28.210612
0.857 	28.433401
0.858 	28.614357
0.859 	28.917185
0.860 	28.358873
0.861 	27.330881
0.862 	27.309727
0.863 	27.789128
0.864 	28.234934
0.865 	28.781590
0.866 	28.983594
0.867 	28.122142
0.868 	27.249823
0.869 	27.305409
0.870 	27.233547
0.871 	27.349966
0.872 	28.385655
0.873 	28.694042
0.874 	27.999146
0.875 	28.310139
0.876 	29.329605
0.877 	29.187060
0.878 	28.406858
0.879 	28.664983
0.880 	29.722620
0.881 	29.754788
0.882 	27.893128
0.883 	25.538708
0.884 	25.251973
0.885 	26.937907
0.886 	28.816652
0.887 	29.732202
0.888 	30.198938
0.889 	30.575128
0.890 	30.327194
0.891 	29.234666
0.892 	28.021457
0.893 	27.121032
0.894 	26.626517
0.895 	26.546229
0.896 	26.713133
0.897 	26.667192
0.898 	26.328265
0.899 	26.007480
0.900 	26.390499
0.901 	27.590924
0.902 	28.974224
0.903 	29.634255
0.904 	29.033177
0.905 	28.099771
0.906 	27.791384
0.907 	27.714814
0.908 	27.597205
0.909 	27.429642
0.910 	26.923760
0.911 	25.814110
0.912 	24.898170
0.913 	25.268601
0.914 	26.799357
0.915 	27.844261
0.916 	27.863540
0.917 	27.580654
0.918 	26.943114
0.919 	26.066200
0.920 	25.749230
0.921 	26.643552
0.922 	27.710751
0.923 	27.426390
0.924 	26.905462
0.925 	26.984267
0.926 	26.420678
0.927 	25.722444
0.928 	26.554980
0.929 	27.768018
0.930 	27.524518
0.931 	26.879999
0.932 	26.580943
0.933 	26.253215
0.934 	25.871390
0.935 	25.224035
0.936 	24.886734
0.937 	25.330886
0.938 	26.462043
0.939 	26.062744
0.940 	24.873214
0.941 	25.402429
0.942 	26.258387
0.943 	26.458728
0.944 	26.230959
0.945 	26.786462
0.946 	26.761406
0.947 	25.815917
0.948 	24.974890
0.949 	25.891804
0.950 	26.851244
0.951 	26.776123
0.952 	26.836555
0.953 	27.396885
0.954 	26.790885
0.955 	23.932381
0.956 	22.588568
0.957 	23.109456
0.958 	23.066335
0.959 	24.417695
0.960 	25.608666
0.961 	26.389642
0.962 	25.390784
0.963 	24.190607
0.964 	26.993277
0.965 	28.690706
0.966 	27.754993
0.967 	26.760192
0.968 	25.830153
0.969 	26.422580
0.970 	26.620362
0.971 	26.102125
0.972 	25.636017
0.973 	24.608761
0.974 	23.696101
0.975 	24.127691
0.976 	23.960700
0.977 	23.422427
0.978 	23.623354
0.979 	24.563503
0.980 	24.638113
0.981 	24.941070
0.982 	25.680622
0.983 	25.641246
0.984 	25.026111
0.985 	24.383222
0.986 	23.717298
0.987 	24.291148
0.988 	24.936187
0.989 	26.202859
0.990 	26.308943
0.991 	25.418049
0.992 	24.710179
0.993 	24.496446
0.994 	23.811370
0.995 	25.562443
0.996 	26.666068
0.997 	25.484975
0.998 	24.049372
0.999 	24.586255
1.000 	26.227569
1.001 	25.753767
1.002 	25.471648
1.003 	25.888222
1.004 	26.519181
1.005 	26.007389
1.006 	24.245285
1.007 	24.323263
1.008 	24.369248
1.009 	23.219311
1.010 	24.166828
1.011 	25.897686
1.012 	26.995309
1.013 	26.545088
1.014 	24.119734
1.015 	23.914491
1.016 	26.123936
1.017 	26.188150
1.018 	25.553154
1.019 	26.410606
1.020 	25.460055
1.021 	23.868970
1.022 	24.512744
1.023 	26.747216
1.024 	27.329485
1.025 	24.441328
1.026 	23.992678
1.027 	25.179054
1.028 	25.280414
1.029 	25.925804
1.030 	26.010039
1.031 	24.357960
1.032 	22.355553
1.033 	23.122201
1.034 	25.194047
1.035 	26.084243
1.036 	26.671860
1.037 	27.219064
1.038 	26.530719
1.039 	25.568418
1.040 	26.456272
1.041 	27.729294
1.042 	26.427313
1.043 	24.395008
1.044 	22.766362
1.045 	23.445003
1.046 	24.677430
1.047 	25.696578
1.048 	27.321370
1.049 	27.316773
1.050 	25.747171
1.051 	23.616050
1.052 	22.412195
1.053 	22.971014
1.054 	25.238844
1.055 	26.244126
1.056 	25.472877
1.057 	24.584190
1.058 	24.839571
1.059 	25.765728
1.060 	26.725402
1.061 	25.875087
1.062 	23.829159
1.063 	24.093494
1.064 	26.419504
1.065 	27.818472
1.066 	27.253498
1.067 	26.168799
1.068 	24.921349
1.069 	23.763586
1.070 	24.568718
1.071 	25.430837
1.072 	24.509319
1.073 	23.375450
1.074 	24.016252
1.075 	25.411883
1.076 	26.238765
1.077 	26.633633
1.078 	25.835271
1.079 	23.943169
1.080 	23.249405
1.081 	23.904281
1.082 	23.765564
1.083 	23.892866
1.084 	26.342646
1.085 	28.396778
1.086 	27.996892
1.087 	27.022386
1.088 	27.142200
1.089 	27.110431
1.090 	25.993659
1.091 	25.937457
1.092 	26.277941
1.093 	24.458219
1.094 	23.058452
1.095 	24.469954
1.096 	26.103116
1.097 	25.904632
1.098 	24.648387
1.099 	24.037052
1.100 	24.958809
1.101 	26.231932
1.102 	25.951221
1.103 	24.964023
1.104 	24.835271
1.105 	25.206677
1.106 	24.984694
1.107 	24.580987
1.108 	24.824794
1.109 	25.095878
1.110 	24.708936
1.111 	24.372122
1.112 	24.190604
1.113 	23.094803
1.114 	22.212104
1.115 	23.003777
1.116 	24.202578
1.117 	25.108427
1.118 	25.581814
1.119 	25.193705
1.120 	24.413619
1.121 	23.728082
1.122 	23.568232
1.123 	24.331965
1.124 	25.631514
1.125 	27.008521
1.126 	27.130748
1.127 	25.661572
1.128 	24.291076
1.129 	23.470253
1.130 	22.840930
1.131 	23.194946
1.132 	23.832529
1.133 	23.630340
1.134 	23.405961
1.135 	23.459485
1.136 	23.227915
1.137 	23.081029
1.138 	22.834341
1.139 	22.752892
1.140 	23.812549
1.141 	24.927953
1.142 	24.579344
1.143 	24.003952
1.144 	23.268928
1.145 	21.984752
1.146 	20.487513
1.147 	19.627292
1.148 	19.926566
1.149 	20.878595
1.150 	22.104693
1.151 	22.470994
1.152 	21.826316
1.153 	21.748986
1.154 	21.735854
1.155 	21.117109
1.156 	20.940547
1.157 	21.272719
1.158 	21.165019
1.159 	20.265199
1.160 	19.588639
1.161 	19.908788
1.162 	20.092097
1.163 	19.481348
1.164 	19.323949
1.165 	19.979584
1.166 	20.722452
1.167 	21.608673
1.168 	21.554235
1.169 	20.783032
1.170 	21.558478
1.171 	23.332081
1.172 	23.763125
1.173 	22.667239
1.174 	21.248416
1.175 	20.630852
1.176 	20.710790
1.177 	21.296399
1.178 	21.519995
1.179 	20.297559
1.180 	19.846241
1.181 	21.068447
1.182 	21.887081
1.183 	21.287097
1.184 	19.512981
1.185 	18.484034
1.186 	19.637400
1.187 	20.682525
1.188 	19.719475
1.189 	18.874478
1.190 	19.915431
1.191 	21.474883
1.192 	21.960246
1.193 	21.400767
1.194 	21.122987
1.195 	20.925860
1.196 	19.658451
1.197 	19.391720
1.198 	21.426058
1.199 	22.607631
1.200 	20.764930
1.201 	18.464315
1.202 	18.834423
1.203 	20.594949
1.204 	21.700328
1.205 	21.744949
1.206 	20.908417
1.207 	20.047828
1.208 	19.376977
1.209 	18.814021
1.210 	18.577964
1.211 	19.330720
1.212 	21.109576
1.213 	21.650993
1.214 	20.578506
1.215 	20.466341
1.216 	21.120601
1.217 	21.155334
1.218 	20.444786
1.219 	19.309339
1.220 	19.028981
1.221 	20.394476
1.222 	22.144440
1.223 	22.868370
1.224 	22.997776
1.225 	23.001728
1.226 	22.488884
1.227 	21.496800
1.228 	20.840994
1.229 	20.001476
1.230 	17.819592
1.231 	16.493012
1.232 	17.864799
1.233 	20.169115
1.234 	21.773580
1.235 	22.460586
1.236 	22.018791
1.237 	21.766732
1.238 	22.439524
1.239 	22.444817
1.240 	21.686877
1.241 	20.422982
1.242 	19.162025
1.243 	19.469981
1.244 	21.313113
1.245 	22.507671
1.246 	22.211564
1.247 	21.920451
1.248 	21.776399
1.249 	21.046648
1.250 	19.871315
1.251 	19.299053
1.252 	20.366050
1.253 	22.330258
1.254 	23.791361
1.255 	23.400253
1.256 	22.469462
1.257 	23.237174
1.258 	23.622046
1.259 	21.879422
1.260 	19.823546
1.261 	19.531173
1.262 	20.735883
1.263 	21.890991
1.264 	22.055345
1.265 	21.784735
1.266 	21.758603
1.267 	21.340389
1.268 	20.374779
1.269 	20.598534
1.270 	21.536355
1.271 	21.394110
1.272 	21.229409
1.273 	21.679745
1.274 	22.405031
1.275 	23.213532
1.276 	23.439568
1.277 	23.100019
1.278 	22.520820
1.279 	21.245959
1.280 	20.093124
1.281 	19.934996
1.282 	20.708945
1.283 	21.456659
1.284 	21.360840
1.285 	20.126602
1.286 	18.757752
1.287 	18.939447
1.288 	20.693139
1.289 	22.280896
1.290 	22.914814
1.291 	23.728767
1.292 	24.984626
1.293 	25.416779
1.294 	24.065073
1.295 	21.537211
1.296 	19.475564
1.297 	18.588065
1.298 	19.352697
1.299 	20.177713
1.300 	19.555602
1.301 	18.947825
1.302 	19.406290
1.303 	20.416221
1.304 	21.844954
1.305 	22.974263
1.306 	22.630399
1.307 	20.689890
1.308 	19.345822
1.309 	18.515708
1.310 	17.544840
1.311 	17.770327
1.312 	18.712227
1.313 	18.297996
1.314 	17.460724
1.315 	19.026816
1.316 	21.762451
1.317 	22.703023
1.318 	22.507456
1.319 	22.764695
1.320 	22.368510
1.321 	21.088940
1.322 	19.899410
1.323 	19.046865
1.324 	19.073466
1.325 	19.735248
1.326 	19.820341
1.327 	18.654334
1.328 	17.812615
1.329 	18.798977
1.330 	20.004133
1.331 	20.619321
1.332 	20.530205
1.333 	19.435760
1.334 	17.688115
1.335 	17.007643
1.336 	17.036972
1.337 	16.524945
1.338 	16.555802
1.339 	18.117179
1.340 	20.365358
1.341 	21.621520
1.342 	21.631206
1.343 	20.964113
1.344 	19.407273
1.345 	16.778409
1.346 	14.051750
1.347 	13.094961
1.348 	14.920711
1.349 	17.368685
1.350 	18.825293
1.351 	18.467202
1.352 	17.738923
1.353 	17.284325
1.354 	16.271331
1.355 	15.654688
1.356 	16.646743
1.357 	18.242701
1.358 	19.145086
1.359 	18.610768
1.360 	16.903660
1.361 	15.051454
1.362 	14.419271
1.363 	14.589582
1.364 	15.186174
1.365 	16.479740
1.366 	17.875099
1.367 	17.652249
1.368 	17.015010
1.369 	16.877853
1.370 	16.866870
1.371 	17.422871
1.372 	18.207477
1.373 	16.818141
1.374 	13.644103
1.375 	12.141633
1.376 	12.503416
1.377 	13.595896
1.378 	15.282139
1.379 	16.923084
1.380 	17.118620
1.381 	17.112460
1.382 	17.526969
1.383 	16.864014
1.384 	15.786813
1.385 	16.172916
1.386 	16.422540
1.387 	14.482059
1.388 	11.482904
1.389 	10.652610
1.390 	12.200439
1.391 	13.569873
1.392 	13.147502
1.393 	10.826877
1.394 	8.819589
1.395 	9.040247
1.396 	10.489899
1.397 	10.758212
1.398 	10.657733
1.399 	11.308253
1.400 	11.842557
1.401 	11.852458
1.402 	12.657545
1.403 	14.746533
1.404 	15.028807
1.405 	12.295365
1.406 	9.675842
1.407 	9.066264
1.408 	8.659800
1.409 	7.952336
1.410 	8.422809
1.411 	9.380971
1.412 	10.170704
1.413 	11.120555
1.414 	12.563341
1.415 	11.837760
1.416 	7.796583
1.417 	5.614109
1.418 	7.998038
1.419 	9.357266
1.420 	7.115152
1.421 	6.388588
1.422 	9.964309
1.423 	12.370069
1.424 	10.964315
1.425 	8.700387
1.426 	8.672402
1.427 	9.813295
1.428 	9.749883
1.429 	8.496061
1.430 	6.443417
1.431 	5.174064
1.432 	6.415065
1.433 	9.049375
1.434 	10.507203
1.435 	8.214718
1.436 	5.350916
1.437 	5.957709
1.438 	8.447997
1.439 	10.113304
1.440 	11.159776
1.441 	12.648166
1.442 	13.416145
1.443 	11.656068
1.444 	8.086032
1.445 	6.252496
1.446 	6.798062
1.447 	7.118597
1.448 	7.623256
1.449 	9.528426
1.450 	11.628100
1.451 	11.776461
1.452 	9.961917
1.453 	9.108535
1.454 	10.414182
1.455 	11.502533
1.456 	10.841255
1.457 	8.926962
1.458 	7.522184
1.459 	6.556593
1.460 	6.502576
1.461 	8.138773
1.462 	10.309485
1.463 	11.312091
1.464 	10.244715
1.465 	8.171534
1.466 	6.486718
1.467 	6.422935
1.468 	8.125453
1.469 	9.548933
1.470 	9.653363
1.471 	9.348928
1.472 	8.898349
1.473 	8.138303
1.474 	7.414472
1.475 	6.830874
1.476 	6.809457
1.477 	7.143491
1.478 	7.800579
1.479 	9.424912
1.480 	10.406841
1.481 	9.975987
1.482 	9.883097
1.483 	11.325113
1.484 	12.624185
1.485 	11.945079
1.486 	10.257291
1.487 	9.518780
1.488 	10.162128
1.489 	8.832852
1.490 	6.036920
1.491 	6.199276
1.492 	8.983198
1.493 	11.312491
1.494 	12.327002
1.495 	11.893886
1.496 	11.433084
1.497 	12.329149
1.498 	11.341821
1.499 	9.451897
1.500 	11.080906
1.501 	12.591335
1.502 	10.621661
1.503 	8.282544
1.504 	6.854879
1.505 	6.160227
1.506 	5.692086
1.507 	6.488181
1.508 	9.386222
1.509 	10.770495
1.510 	9.988421
1.511 	9.355564
1.512 	11.672096
1.513 	13.660355
1.514 	11.029245
1.515 	8.068033
1.516 	8.054253
1.517 	8.379036
1.518 	8.148556
1.519 	8.839172
1.520 	10.578430
1.521 	10.743871
1.522 	11.625371
1.523 	13.222239
1.524 	11.721346
1.525 	10.405222
1.526 	11.740498
1.527 	10.758142
1.528 	8.344622
1.529 	8.666490
1.530 	9.811695
1.531 	11.004310
1.532 	11.096970
1.533 	9.378733
1.534 	8.204205
1.535 	9.304103
1.536 	11.007683
1.537 	11.867620
1.538 	11.738429
1.539 	10.891958
1.540 	12.301744
1.541 	14.129871
1.542 	13.520889
1.543 	13.148379
1.544 	14.030250
1.545 	14.677831
1.546 	13.693615
1.547 	12.160860
1.548 	10.308751
1.549 	8.903139
1.550 	9.666412
1.551 	11.022090
1.552 	12.661422
1.553 	11.604645
1.554 	9.707535
1.555 	12.004940
1.556 	17.109999
1.557 	18.321230
1.558 	12.421267
1.559 	9.159767
1.560 	11.438240
1.561 	13.869108
1.562 	14.163331
1.563 	15.074881
1.564 	14.424972
1.565 	12.613043
1.566 	12.217206
1.567 	14.118199
1.568 	14.751570
1.569 	12.529958
1.570 	10.513935
1.571 	7.109752
1.572 	5.532930
1.573 	9.893504
1.574 	14.451298
1.575 	14.431048
1.576 	11.890325
1.577 	13.811778
1.578 	16.833014
1.579 	17.026050
1.580 	16.806180
1.581 	17.128750
1.582 	15.221557
1.583 	10.989982
1.584 	9.725637
1.585 	13.527507
1.586 	15.611335
1.587 	13.947124
1.588 	13.317339
1.589 	13.320896
1.590 	11.334794
1.591 	9.474793
1.592 	7.857668
1.593 	8.131084
1.594 	13.684629
1.595 	17.390315
1.596 	14.505920
1.597 	11.221697
1.598 	10.476645
1.599 	15.108711
1.600 	19.703656
1.601 	19.907489
1.602 	17.100928
1.603 	13.791379
1.604 	10.462082
1.605 	10.218784
1.606 	16.916199
1.607 	19.442144
1.608 	18.288443
1.609 	16.445506
1.610 	10.420029
1.611 	11.396120
1.612 	15.362161
1.613 	13.728895
1.614 	11.010130
1.615 	13.152102
1.616 	15.458269
1.617 	16.035316
1.618 	15.548119
1.619 	16.330190
1.620 	12.423412
1.621 	8.126768
1.622 	9.540487
1.623 	11.983691
1.624 	15.666650
1.625 	14.203006
1.626 	13.944271
1.627 	15.777286
1.628 	14.975492
1.629 	14.373515
1.630 	20.271610
1.631 	20.121959
1.632 	15.670193
1.633 	14.894859
1.634 	11.390544
1.635 	9.326129
1.636 	10.980799
1.637 	18.011800
1.638 	21.990385
1.639 	17.981131
1.640 	13.077037
1.641 	8.085997
1.642 	5.648614
1.643 	7.404770
1.644 	10.808393
1.645 	13.165760
1.646 	11.769701
1.647 	9.509147
1.648 	9.479254
1.649 	13.733223
1.650 	19.781782
1.651 	19.846117
1.652 	21.324446
1.653 	19.807196
1.654 	20.040672
1.655 	17.532573
1.656 	12.248352
1.657 	7.300291
1.658 	11.552327
1.659 	21.101680
1.660 	22.556977
1.661 	20.321748
1.662 	18.485926
1.663 	14.842186
1.664 	10.561974
1.665 	6.570867
1.666 	13.386168
1.667 	22.483271
1.668 	28.205235
1.669 	26.536885
1.670 	14.103813
1.671 	12.309295
1.672 	15.963271
1.673 	13.887250
1.674 	7.726618
1.675 	5.249091
1.676 	18.206598
1.677 	13.309844
1.678 	11.434907
1.679 	22.021789
1.680 	14.421652
1.681 	2.667897
1.682 	4.320481
1.683 	15.936379
1.684 	24.654606
1.685 	19.265057
1.686 	5.993426
1.687 	15.052080
1.688 	33.942996
1.689 	27.736134
1.690 	6.616273
1.691 	6.138176
1.692 	-7.072719
1.693 	16.108277
1.694 	30.667825
1.695 	22.563626
1.696 	27.391544
1.697 	10.777972
1.698 	12.148770
1.699 	10.520278
1.700 	-10.267588
