0.66 22.5
0.661 24.361
0.662 22.372
0.663 24.819
0.664 23.929
0.665 25.176
0.666 19.131
0.667 23.077
0.668 18.853
0.669 24.72
0.67 22.21
0.671 22.601
0.672 26.427
0.673 23.636
0.674 24.59
0.675 24.749
0.676 25.0
0.677 15.5
0.678 22.539
0.679 25.586
0.68 21.854
0.681 21.053
0.682 19.429
0.683 21.599
0.684 21.881
0.685 19.335
0.686 22.081
0.687 21.646
0.688 24.081
0.689 23.388
0.69 19.508
0.691 20.687
0.692 20.375
0.693 21.07
0.694 18.531
0.695 20.843
0.696 24.539
0.697 21.107
0.698 22.334
0.699 21.669
0.7 20.279
0.701 17.567
0.702 21.151
0.703 21.917
0.704 23.306
0.705 21.245
0.706 20.129
0.707 20.557
0.708 20.37
0.709 21.917
0.71 23.05
0.711 21.692
0.712 19.443
0.713 20.0
0.714 19.759
0.715 21.62
0.716 23.092
0.717 20.935
0.718 21.991
0.719 20.882
0.72 20.129
0.721 20.259
0.722 20.201
0.723 21.595
0.724 20.085
0.725 20.157
0.726 20.569
0.727 21.536
0.728 20.266
0.729 20.133
0.73 21.713
0.731 20.96
0.732 18.963
0.733 22.013
0.734 22.857
0.735 20.694
0.736 20.697
0.737 20.011
0.738 18.5
0.739 17.369
0.74 18.943
0.741 20.131
0.742 20.022
0.743 21.7
0.744 22.304
0.745 20.963
0.746 19.007
0.747 18.48
0.748 20.568
0.749 20.935
0.75 19.316
0.751 18.549
0.752 19.623
0.753 20.407
0.754 19.98
0.755 20.633
0.756 21.933
0.757 19.99
0.758 19.002
0.759 20.621
0.76 21.472
0.761 21.202
0.762 19.21
0.763 18.23
0.764 19.78
0.765 20.312
0.766 19.462
0.767 19.395
0.768 19.811
0.769 19.849
0.77 19.953
0.771 20.282
0.772 20.019
0.773 20.119
0.774 21.156
0.775 20.599
0.776 18.391
0.777 18.115
0.778 18.542
0.779 17.885
0.78 18.882
0.781 21.368
0.782 21.817
0.783 20.178
0.784 19.073
0.785 19.71
0.786 19.615
0.787 18.336
0.788 18.872
0.789 20.253
0.79 20.892
0.791 21.921
0.792 22.35
0.793 20.094
0.794 18.299
0.795 18.702
0.796 18.84
0.797 18.668
0.798 18.863
0.799 19.606
0.8 20.609
0.801 20.818
0.802 19.734
0.803 18.994
0.804 19.587
0.805 20.418
0.806 20.303
0.807 19.384
0.808 18.966
0.809 19.166
0.81 19.374
0.811 19.798
0.812 20.532
0.813 20.818
0.814 20.144
0.815 19.634
0.816 20.198
0.817 20.12
0.818 18.923
0.819 18.331
0.82 18.232
0.821 18.748
0.822 19.734
0.823 20.819
0.824 21.42
0.825 20.333
0.826 19.574
0.827 20.046
0.828 20.454
0.829 19.725
0.83 19.035
0.831 19.158
0.832 19.52
0.833 19.409
0.834 19.347
0.835 20.045
0.836 19.916
0.837 19.04
0.838 19.199
0.839 19.437
0.84 19.035
0.841 18.589
0.842 18.841
0.843 19.925
0.844 20.335
0.845 19.867
0.846 19.225
0.847 19.253
0.848 20.356
0.849 21.206
0.85 20.584
0.851 18.905
0.852 18.271
0.853 18.78
0.854 19.053
0.855 19.266
0.856 19.726
0.857 20.534
0.858 20.347
0.859 18.969
0.86 18.49
0.861 18.998
0.862 19.734
0.863 20.344
0.864 20.243
0.865 19.489
0.866 18.883
0.867 19.083
0.868 19.289
0.869 18.816
0.87 18.35
0.871 18.82
0.872 19.729
0.873 20.885
0.874 21.325
0.875 20.341
0.876 19.555
0.877 18.978
0.878 17.44
0.879 16.603
0.88 17.649
0.881 18.91
0.882 19.641
0.883 20.213
0.884 20.425
0.885 20.37
0.886 20.111
0.887 19.298
0.888 18.289
0.889 18.289
0.89 18.811
0.891 19.12
0.892 19.746
0.893 20.301
0.894 20.185
0.895 19.918
0.896 19.679
0.897 19.156
0.898 18.384
0.899 17.907
0.9 18.219
0.901 18.896
0.902 18.825
0.903 18.113
0.904 18.279
0.905 19.223
0.906 19.41
0.907 18.912
0.908 19.011
0.909 19.652
0.91 19.986
0.911 20.141
0.912 19.818
0.913 18.647
0.914 18.153
0.915 18.892
0.916 19.156
0.917 18.153
0.918 17.681
0.919 18.201
0.92 18.611
0.921 19.148
0.922 19.547
0.923 19.497
0.924 19.232
0.925 18.958
0.926 18.638
0.927 18.468
0.928 18.456
0.929 18.523
0.93 18.791
0.931 18.909
0.932 18.81
0.933 18.757
0.934 19.051
0.935 19.166
0.936 19.03
0.937 19.248
0.938 19.124
0.939 18.151
0.94 17.176
0.941 17.065
0.942 18.277
0.943 19.437
0.944 19.246
0.945 18.334
0.946 18.036
0.947 18.276
0.948 17.87
0.949 17.398
0.95 17.069
0.951 16.409
0.952 16.562
0.953 17.311
0.954 17.574
0.955 17.864
0.956 17.687
0.957 17.011
0.958 16.478
0.959 16.52
0.96 17.015
0.961 16.857
0.962 16.475
0.963 16.493
0.964 16.781
0.965 16.945
0.966 17.005
0.967 16.789
0.968 16.645
0.969 16.562
0.97 15.789
0.971 15.694
0.972 15.778
0.973 15.493
0.974 16.381
0.975 16.511
0.976 16.285
0.977 16.554
0.978 16.035
0.979 15.162
0.98 15.636
0.981 16.455
0.982 16.789
0.983 16.083
0.984 16.283
0.985 16.389
0.986 15.871
0.987 15.832
0.988 15.382
0.989 15.557
0.99 15.9
0.991 15.627
0.992 15.98
0.993 16.488
0.994 15.193
0.995 14.03
0.996 15.224
0.997 16.796
0.998 16.077
0.999 14.692
1.0 14.5
1.001 14.787
1.002 14.549
1.003 15.319
1.004 16.179
1.005 15.952
1.006 15.253
1.007 14.513
1.008 15.13
1.009 15.463
1.01 15.298
1.011 15.433
1.012 15.55
1.013 16.203
1.014 16.726
1.015 16.202
1.016 14.858
1.017 14.474
1.018 15.164
1.019 15.482
1.02 14.937
1.021 14.298
1.022 13.707
1.023 14.393
1.024 15.758
1.025 15.385
1.026 14.846
1.027 14.584
1.028 14.979
1.029 15.448
1.03 14.925
1.031 14.629
1.032 14.492
1.033 13.059
1.034 13.295
1.035 15.877
1.036 16.883
1.037 16.553
1.038 15.912
1.039 15.523
1.04 15.261
1.041 14.291
1.042 14.045
1.043 14.717
1.044 15.179
1.045 15.402
1.046 15.458
1.047 15.314
1.048 15.319
1.049 15.569
1.05 15.406
1.051 14.494
1.052 14.218
1.053 14.47
1.054 14.752
1.055 14.729
1.056 14.491
1.057 14.709
1.058 15.379
1.059 16.054
1.06 16.253
1.061 15.61
1.062 14.868
1.063 14.961
1.064 15.741
1.065 15.854
1.066 15.404
1.067 15.079
1.068 15.11
1.069 15.5
1.07 15.738
1.071 15.733
1.072 16.261
1.073 16.945
1.074 16.552
1.075 15.856
1.076 15.375
1.077 14.672
1.078 14.455
1.079 14.782
1.08 14.99
1.081 15.281
1.082 15.373
1.083 14.956
1.084 15.534
1.085 16.589
1.086 16.925
1.087 16.589
1.088 15.735
1.089 15.196
1.09 15.099
1.091 14.83
1.092 14.714
1.093 15.419
1.094 16.024
1.095 15.221
1.096 13.947
1.097 13.619
1.098 14.278
1.099 14.891
1.1 15.193
1.101 15.435
1.102 15.893
1.103 16.402
1.104 16.782
1.105 16.515
1.106 15.962
1.107 15.88
1.108 15.92
1.109 15.865
1.11 15.798
1.111 15.418
1.112 14.793
1.113 14.781
1.114 15.259
1.115 15.102
1.116 14.165
1.117 13.755
1.118 14.278
1.119 15.042
1.12 15.869
1.121 16.258
1.122 15.895
1.123 15.376
1.124 14.806
1.125 14.693
1.126 15.356
1.127 15.828
1.128 15.891
1.129 15.751
1.13 15.271
1.131 14.893
1.132 14.772
1.133 14.604
1.134 14.801
1.135 15.08
1.136 14.871
1.137 14.799
1.138 14.96
1.139 14.928
1.14 14.904
1.141 14.775
1.142 14.113
1.143 13.474
1.144 13.8
1.145 14.564
1.146 14.519
1.147 14.114
1.148 13.946
1.149 13.882
1.15 13.681
1.151 12.989
1.152 12.424
1.153 12.807
1.154 13.406
1.155 13.558
1.156 13.335
1.157 12.802
1.158 12.38
1.159 12.852
1.16 13.96
1.161 14.051
1.162 13.238
1.163 13.024
1.164 13.248
1.165 13.16
1.166 13.029
1.167 13.426
1.168 13.686
1.169 13.502
1.17 13.775
1.171 14.181
1.172 13.829
1.173 13.061
1.174 12.599
1.175 12.565
1.176 12.603
1.177 12.424
1.178 12.556
1.179 13.361
1.18 13.874
1.181 13.84
1.182 13.405
1.183 12.341
1.184 11.451
1.185 11.86
1.186 12.783
1.187 13.206
1.188 13.167
1.189 13.263
1.19 13.14
1.191 12.767
1.192 13.062
1.193 13.739
1.194 13.843
1.195 13.262
1.196 12.577
1.197 12.267
1.198 12.439
1.199 13.012
1.2 13.827
1.201 13.596
1.202 12.153
1.203 11.46
1.204 12.119
1.205 13.018
1.206 13.337
1.207 13.525
1.208 13.95
1.209 14.127
1.21 13.563
1.211 13.039
1.212 12.671
1.213 12.196
1.214 12.252
1.215 12.748
1.216 12.862
1.217 12.801
1.218 12.922
1.219 13.275
1.22 14.197
1.221 15.094
1.222 14.866
1.223 13.299
1.224 12.272
1.225 12.724
1.226 13.321
1.227 13.523
1.228 13.418
1.229 12.772
1.23 11.672
1.231 10.972
1.232 11.58
1.233 12.349
1.234 12.079
1.235 11.68
1.236 11.927
1.237 12.232
1.238 12.717
1.239 13.645
1.24 14.54
1.241 14.656
1.242 13.512
1.243 12.371
1.244 12.453
1.245 13.599
1.246 14.405
1.247 14.003
1.248 13.659
1.249 14.308
1.25 14.89
1.251 14.64
1.252 13.756
1.253 12.942
1.254 12.824
1.255 13.506
1.256 14.414
1.257 14.856
1.258 14.26
1.259 13.238
1.26 12.301
1.261 11.845
1.262 12.136
1.263 13.187
1.264 14.192
1.265 14.227
1.266 14.038
1.267 14.43
1.268 14.7
1.269 14.042
1.27 13.174
1.271 13.304
1.272 14.302
1.273 14.651
1.274 13.957
1.275 13.079
1.276 12.483
1.277 12.287
1.278 13.147
1.279 14.171
1.28 14.085
1.281 13.223
1.282 13.44
1.283 14.75
1.284 15.105
1.285 14.122
1.286 13.498
1.287 13.304
1.288 12.881
1.289 12.6
1.29 13.052
1.291 14.039
1.292 14.44
1.293 13.685
1.294 13.037
1.295 13.335
1.296 13.69
1.297 13.387
1.298 13.186
1.299 13.255
1.3 13.09
1.301 12.842
1.302 12.892
1.303 13.279
1.304 13.736
1.305 13.671
1.306 12.887
1.307 12.107
1.308 12.323
1.309 13.49
1.31 13.749
1.311 13.03
1.312 13.055
1.313 14.017
1.314 14.904
1.315 14.931
1.316 13.828
1.317 11.811
1.318 10.403
1.319 10.533
1.32 11.663
1.321 12.585
1.322 12.541
1.323 12.242
1.324 12.3
1.325 12.327
1.326 11.89
1.327 11.355
1.328 11.573
1.329 12.579
1.33 13.349
1.331 13.338
1.332 12.665
1.333 11.937
1.334 11.786
1.335 11.582
1.336 9.875
1.337 8.255
1.338 8.544
1.339 9.699
1.34 10.552
1.341 11.555
1.342 12.055
1.343 11.609
1.344 11.029
1.345 11.061
1.346 11.454
1.347 11.959
1.348 12.746
1.349 13.33
1.35 12.733
1.351 11.725
1.352 11.37
1.353 11.501
1.354 11.147
1.355 9.818
1.356 8.488
1.357 8.816
1.358 10.336
1.359 11.157
1.36 10.872
1.361 10.466
1.362 10.396
1.363 10.522
1.364 11.13
1.365 11.336
1.366 10.659
1.367 10.098
1.368 10.156
1.369 10.484
1.37 11.053
1.371 10.719
1.372 9.475
1.373 8.705
1.374 9.083
1.375 10.059
1.376 10.608
1.377 10.708
1.378 10.24
1.379 8.615
1.38 7.533
1.381 8.297
1.382 9.267
1.383 9.091
1.384 8.156
1.385 6.731
1.386 5.785
1.387 6.372
1.388 7.538
1.389 8.548
1.39 9.573
1.391 10.379
1.392 9.898
1.393 8.402
1.394 6.453
1.395 5.379
1.396 5.905
1.397 6.989
1.398 7.412
1.399 6.582
1.4 5.474
1.401 5.46
1.402 6.048
1.403 6.684
1.404 6.697
1.405 5.494
1.406 4.598
1.407 5.086
1.408 5.691
1.409 5.253
1.41 4.453
1.411 4.636
1.412 4.702
1.413 4.216
1.414 5.101
1.415 7.319
1.416 7.965
1.417 6.532
1.418 4.724
1.419 4.16
1.42 5.062
1.421 5.769
1.422 5.648
1.423 5.306
1.424 5.828
1.425 5.877
1.426 4.218
1.427 2.769
1.428 2.797
1.429 3.844
1.43 4.463
1.431 4.659
1.432 5.656
1.433 6.254
1.434 5.898
1.435 5.686
1.436 6.049
1.437 6.78
1.438 6.843
1.439 4.932
1.44 3.129
1.441 3.485
1.442 4.375
1.443 4.656
1.444 4.891
1.445 5.176
1.446 5.512
1.447 5.716
1.448 5.465
1.449 5.135
1.45 5.442
1.451 5.695
1.452 4.805
1.453 4.016
1.454 4.337
1.455 5.768
1.456 7.357
1.457 7.992
1.458 7.874
1.459 6.998
1.46 6.034
1.461 6.273
1.462 7.245
1.463 7.487
1.464 5.893
1.465 3.926
1.466 3.539
1.467 3.949
1.468 3.544
1.469 3.242
1.47 4.398
1.471 5.54
1.472 5.023
1.473 5.47
1.474 7.414
1.475 8.051
1.476 7.49
1.477 6.905
1.478 5.636
1.479 5.07
1.48 5.853
1.481 5.348
1.482 3.688
1.483 3.657
1.484 5.986
1.485 6.913
1.486 5.053
1.487 4.36
1.488 5.248
1.489 5.962
1.49 6.214
1.491 6.447
1.492 7.356
1.493 7.266
1.494 6.014
1.495 6.339
1.496 8.27
1.497 9.734
1.498 8.967
1.499 5.861
1.5 3.383
1.501 3.988
1.502 5.602
1.503 6.669
1.504 7.279
1.505 6.696
1.506 4.607
1.507 3.372
1.508 4.375
1.509 5.962
1.51 6.662
1.511 5.909
1.512 6.151
1.513 7.753
1.514 9.118
1.515 9.58
1.516 8.771
1.517 7.167
1.518 5.963
1.519 5.732
1.52 6.858
1.521 7.983
1.522 7.669
1.523 7.468
1.524 8.295
1.525 8.57
1.526 7.162
1.527 4.722
1.528 3.341
1.529 4.771
1.53 7.495
1.531 8.017
1.532 7.43
1.533 7.433
1.534 6.669
1.535 6.341
1.536 7.486
1.537 8.088
1.538 7.461
1.539 7.219
1.54 7.601
1.541 7.309
1.542 6.523
1.543 5.462
1.544 5.091
1.545 6.979
1.546 10.279
1.547 11.923
1.548 10.095
1.549 7.324
1.55 7.265
1.551 7.836
1.552 7.002
1.553 4.856
1.554 5.542
1.555 7.648
1.556 8.396
1.557 9.502
1.558 9.492
1.559 7.5
1.56 6.365
1.561 7.974
1.562 10.236
1.563 9.528
1.564 8.058
1.565 6.41
1.566 4.996
1.567 5.905
1.568 7.158
1.569 6.703
1.57 8.176
1.571 10.771
1.572 12.754
1.573 12.586
1.574 10.387
1.575 7.719
1.576 6.563
1.577 6.914
1.578 7.134
1.579 7.323
1.58 6.684
1.581 7.537
1.582 8.45
1.583 6.893
1.584 8.055
1.585 11.668
1.586 11.716
1.587 9.854
1.588 7.479
1.589 5.759
1.59 6.787
1.591 8.485
1.592 8.307
1.593 8.48
1.594 7.863
1.595 7.663
1.596 10.536
1.597 11.261
1.598 8.154
1.599 5.893
1.6 6.676
1.601 8.96
1.602 10.116
1.603 10.589
1.604 9.938
1.605 9.863
1.606 10.647
1.607 8.741
1.608 8.386
1.609 9.635
1.61 10.623
1.611 11.005
1.612 9.812
1.613 10.137
1.614 11.056
1.615 9.6
1.616 6.165
1.617 6.599
1.618 10.045
1.619 9.578
1.62 9.009
1.621 8.652
1.622 8.333
1.623 8.867
1.624 7.768
1.625 9.526
1.626 9.929
1.627 5.998
1.628 5.99
1.629 10.08
1.63 8.436
1.631 7.322
1.632 12.375
1.633 12.439
1.634 10.207
1.635 9.653
1.636 10.261
1.637 8.825
1.638 8.769
1.639 8.973
1.64 8.559
1.641 11.185
1.642 12.076
1.643 8.803
1.644 6.565
1.645 8.204
1.646 9.218
1.647 8.934
1.648 8.105
1.649 10.136
1.65 8.696
1.651 8.287
1.652 12.515
1.653 11.241
1.654 6.977
1.655 9.042
1.656 8.888
1.657 6.427
1.658 7.563
1.659 8.79
1.66 7.309
1.661 7.162
1.662 9.611
1.663 9.753
1.664 9.085
1.665 8.957
1.666 5.896
1.667 1.529
1.668 6.298
1.669 8.366
1.67 12.743
1.671 8.547
1.672 8.684
1.673 11.646
1.674 7.109
1.675 4.848
1.676 -1.062
1.677 3.488
1.678 6.388
1.679 10.959
1.68 16.242
1.681 12.834
1.682 7.752
1.683 2.104
1.684 5.503
1.685 9.331
1.686 0.34
1.687 5.634
1.688 -2.787
1.689 2.998
1.69 17.336
1.691 9.643
1.692 -1.13
1.693 4.603
1.694 13.786
1.695 12.311
1.696 12.393
1.697 -3.75
1.698 4.965
1.699 11.34
1.7 11.144
