0.66 20.125
0.661 22.655
0.662 24.205
0.663 22.771
0.664 20.238
0.665 24.473
0.666 24.413
0.667 26.018
0.668 23.374
0.669 22.371
0.67 19.766
0.671 22.495
0.672 25.159
0.673 22.888
0.674 23.053
0.675 23.647
0.676 23.108
0.677 19.1
0.678 21.654
0.679 21.973
0.68 22.327
0.681 22.871
0.682 20.667
0.683 18.107
0.684 22.152
0.685 21.583
0.686 21.629
0.687 21.288
0.688 21.891
0.689 20.292
0.69 19.593
0.691 22.027
0.692 21.76
0.693 22.222
0.694 20.082
0.695 21.006
0.696 24.298
0.697 18.814
0.698 20.17
0.699 20.214
0.7 21.207
0.701 19.772
0.702 19.88
0.703 21.322
0.704 23.008
0.705 18.901
0.706 18.338
0.707 20.985
0.708 19.017
0.709 22.692
0.71 24.569
0.711 21.961
0.712 19.782
0.713 19.322
0.714 18.553
0.715 20.444
0.716 22.896
0.717 21.33
0.718 22.316
0.719 19.909
0.72 17.735
0.721 19.482
0.722 19.824
0.723 20.429
0.724 21.245
0.725 22.269
0.726 21.295
0.727 20.996
0.728 20.145
0.729 19.649
0.73 19.869
0.731 20.023
0.732 20.173
0.733 21.555
0.734 21.829
0.735 20.523
0.736 19.741
0.737 19.226
0.738 18.782
0.739 18.381
0.74 19.659
0.741 19.694
0.742 18.719
0.743 19.905
0.744 21.257
0.745 19.958
0.746 18.955
0.747 19.677
0.748 20.879
0.749 20.519
0.75 19.42
0.751 18.498
0.752 18.858
0.753 19.898
0.754 21.146
0.755 21.436
0.756 21.532
0.757 20.491
0.758 20.549
0.759 20.671
0.76 18.952
0.761 19.215
0.762 19.844
0.763 18.907
0.764 19.253
0.765 20.691
0.766 20.453
0.767 20.009
0.768 20.236
0.769 20.227
0.77 20.284
0.771 19.435
0.772 18.346
0.773 19.522
0.774 21.202
0.775 20.461
0.776 19.172
0.777 18.939
0.778 18.815
0.779 18.747
0.78 19.558
0.781 21.278
0.782 21.282
0.783 19.733
0.784 19.647
0.785 21.071
0.786 20.928
0.787 18.902
0.788 18.742
0.789 20.471
0.79 20.979
0.791 20.629
0.792 20.817
0.793 19.667
0.794 18.6
0.795 18.787
0.796 18.755
0.797 19.005
0.798 18.484
0.799 18.517
0.8 19.232
0.801 19.566
0.802 19.442
0.803 19.825
0.804 20.62
0.805 20.664
0.806 20.467
0.807 20.205
0.808 19.581
0.809 19.044
0.81 18.684
0.811 19.069
0.812 19.685
0.813 20.176
0.814 20.825
0.815 21.545
0.816 21.545
0.817 20.359
0.818 19.084
0.819 18.57
0.82 18.551
0.821 18.985
0.822 19.422
0.823 19.853
0.824 20.34
0.825 19.675
0.826 19.147
0.827 19.427
0.828 19.685
0.829 19.534
0.83 19.15
0.831 19.119
0.832 19.868
0.833 20.253
0.834 19.954
0.835 20.386
0.836 20.867
0.837 20.297
0.838 19.274
0.839 18.687
0.84 18.811
0.841 19.037
0.842 19.29
0.843 19.776
0.844 20.0
0.845 19.57
0.846 18.45
0.847 18.192
0.848 19.448
0.849 21.06
0.85 21.241
0.851 20.255
0.852 19.324
0.853 18.598
0.854 18.506
0.855 19.229
0.856 19.762
0.857 20.249
0.858 20.206
0.859 19.184
0.86 18.527
0.861 18.745
0.862 19.232
0.863 19.986
0.864 20.494
0.865 19.773
0.866 18.529
0.867 18.095
0.868 18.163
0.869 18.045
0.87 18.315
0.871 19.763
0.872 21.049
0.873 21.058
0.874 20.596
0.875 20.307
0.876 19.903
0.877 19.013
0.878 18.033
0.879 18.106
0.88 18.765
0.881 18.841
0.882 18.674
0.883 19.079
0.884 19.363
0.885 19.342
0.886 19.489
0.887 19.541
0.888 19.367
0.889 19.263
0.89 19.054
0.891 18.912
0.892 19.437
0.893 19.719
0.894 19.534
0.895 19.645
0.896 19.543
0.897 18.366
0.898 17.378
0.899 17.594
0.9 18.047
0.901 18.176
0.902 18.276
0.903 18.182
0.904 18.279
0.905 18.633
0.906 18.819
0.907 18.912
0.908 19.219
0.909 19.339
0.91 19.459
0.911 19.719
0.912 19.398
0.913 18.612
0.914 18.785
0.915 19.909
0.916 19.824
0.917 18.188
0.918 17.43
0.919 18.237
0.92 19.005
0.921 19.22
0.922 19.26
0.923 19.318
0.924 19.16
0.925 18.56
0.926 17.979
0.927 17.479
0.928 17.219
0.929 18.231
0.93 20.256
0.931 21.157
0.932 20.547
0.933 19.238
0.934 18.532
0.935 18.608
0.936 19.067
0.937 19.285
0.938 18.567
0.939 17.52
0.94 16.692
0.941 16.654
0.942 17.195
0.943 18.03
0.944 18.766
0.945 18.929
0.946 19.492
0.947 19.502
0.948 18.018
0.949 16.849
0.95 16.484
0.951 16.15
0.952 16.08
0.953 17.017
0.954 17.866
0.955 18.297
0.956 17.938
0.957 17.368
0.958 16.938
0.959 16.379
0.96 16.006
0.961 16.269
0.962 16.44
0.963 15.766
0.964 15.753
0.965 16.331
0.966 17.309
0.967 16.722
0.968 15.854
0.969 16.068
0.97 15.953
0.971 15.791
0.972 15.648
0.973 15.429
0.974 15.653
0.975 15.543
0.976 15.975
0.977 16.769
0.978 16.921
0.979 15.674
0.98 15.428
0.981 15.892
0.982 16.233
0.983 16.025
0.984 16.108
0.985 16.016
0.986 16.182
0.987 16.252
0.988 16.387
0.989 16.634
0.99 16.58
0.991 16.088
0.992 15.818
0.993 15.335
0.994 14.077
0.995 13.792
0.996 14.884
0.997 15.916
0.998 14.933
0.999 14.214
1.0 14.876
1.001 15.385
1.002 15.387
1.003 15.295
1.004 14.994
1.005 14.94
1.006 14.773
1.007 14.513
1.008 14.989
1.009 15.093
1.01 15.0
1.011 15.298
1.012 15.662
1.013 15.682
1.014 15.318
1.015 15.631
1.016 14.923
1.017 14.342
1.018 14.773
1.019 15.353
1.02 15.896
1.021 15.815
1.022 15.659
1.023 15.742
1.024 15.881
1.025 15.486
1.026 15.806
1.027 15.422
1.028 15.1
1.029 15.388
1.03 14.785
1.031 14.196
1.032 14.297
1.033 13.703
1.034 13.488
1.035 15.264
1.036 16.387
1.037 16.154
1.038 16.139
1.039 16.302
1.04 15.891
1.041 15.331
1.042 15.131
1.043 14.548
1.044 14.28
1.045 15.069
1.046 16.096
1.047 16.338
1.048 15.763
1.049 15.198
1.05 14.89
1.051 14.33
1.052 13.724
1.053 13.99
1.054 15.379
1.055 15.739
1.056 15.08
1.057 15.671
1.058 16.562
1.059 16.348
1.06 15.907
1.061 15.938
1.062 16.222
1.063 16.213
1.064 16.165
1.065 15.744
1.066 15.386
1.067 15.445
1.068 15.312
1.069 15.074
1.07 15.293
1.071 15.881
1.072 16.501
1.073 16.741
1.074 16.311
1.075 15.93
1.076 15.595
1.077 15.297
1.078 15.508
1.079 15.336
1.08 14.584
1.081 14.523
1.082 14.782
1.083 14.18
1.084 14.222
1.085 15.587
1.086 16.887
1.087 16.906
1.088 15.511
1.089 14.527
1.09 14.489
1.091 14.737
1.092 15.389
1.093 16.654
1.094 17.123
1.095 15.967
1.096 14.768
1.097 14.567
1.098 14.631
1.099 14.592
1.1 15.137
1.101 16.034
1.102 16.398
1.103 16.29
1.104 16.111
1.105 15.715
1.106 15.552
1.107 15.693
1.108 15.545
1.109 15.36
1.11 15.105
1.111 14.627
1.112 14.283
1.113 14.951
1.114 15.877
1.115 15.792
1.116 15.087
1.117 15.157
1.118 15.796
1.119 15.516
1.12 14.829
1.121 14.636
1.122 15.047
1.123 15.452
1.124 15.131
1.125 14.997
1.126 15.714
1.127 15.809
1.128 15.3
1.129 15.117
1.13 15.079
1.131 15.295
1.132 15.385
1.133 15.007
1.134 14.878
1.135 14.811
1.136 14.469
1.137 14.551
1.138 15.208
1.139 15.713
1.14 15.9
1.141 15.407
1.142 14.458
1.143 13.994
1.144 14.208
1.145 14.525
1.146 14.363
1.147 13.435
1.148 12.382
1.149 12.604
1.15 13.564
1.151 13.595
1.152 13.01
1.153 13.001
1.154 13.348
1.155 13.303
1.156 12.941
1.157 12.822
1.158 13.006
1.159 13.359
1.16 13.999
1.161 14.209
1.162 13.874
1.163 13.738
1.164 13.623
1.165 13.318
1.166 13.088
1.167 12.91
1.168 12.428
1.169 12.26
1.17 13.076
1.171 13.703
1.172 13.511
1.173 13.239
1.174 12.877
1.175 12.465
1.176 12.482
1.177 12.545
1.178 12.495
1.179 12.8
1.18 13.596
1.181 14.416
1.182 14.286
1.183 12.583
1.184 10.722
1.185 10.897
1.186 12.406
1.187 13.325
1.188 13.087
1.189 12.875
1.19 13.018
1.191 13.093
1.192 13.55
1.193 14.126
1.194 14.006
1.195 13.017
1.196 11.756
1.197 11.202
1.198 11.66
1.199 12.292
1.2 12.654
1.201 12.513
1.202 12.092
1.203 12.138
1.204 12.696
1.205 13.059
1.206 13.09
1.207 13.277
1.208 13.682
1.209 13.757
1.21 13.13
1.211 12.583
1.212 12.277
1.213 12.362
1.214 12.942
1.215 12.811
1.216 12.008
1.217 11.722
1.218 11.975
1.219 12.29
1.22 13.328
1.221 14.675
1.222 14.781
1.223 13.236
1.224 11.741
1.225 11.544
1.226 12.066
1.227 12.79
1.228 13.312
1.229 13.241
1.23 13.027
1.231 13.106
1.232 13.323
1.233 13.361
1.234 13.116
1.235 13.135
1.236 13.469
1.237 13.424
1.238 13.128
1.239 13.039
1.24 13.39
1.241 13.828
1.242 13.863
1.243 13.689
1.244 13.462
1.245 13.249
1.246 13.349
1.247 13.76
1.248 14.122
1.249 14.286
1.25 14.27
1.251 14.219
1.252 14.021
1.253 13.869
1.254 13.912
1.255 13.886
1.256 13.829
1.257 13.813
1.258 13.485
1.259 13.033
1.26 12.688
1.261 12.756
1.262 13.273
1.263 13.845
1.264 14.055
1.265 13.636
1.266 13.536
1.267 14.315
1.268 14.517
1.269 13.723
1.27 13.174
1.271 13.63
1.272 14.655
1.273 15.12
1.274 14.562
1.275 13.495
1.276 12.529
1.277 12.38
1.278 13.641
1.279 14.621
1.28 13.798
1.281 12.123
1.282 12.036
1.283 13.208
1.284 13.487
1.285 12.832
1.286 12.707
1.287 12.581
1.288 12.47
1.289 12.986
1.29 13.748
1.291 14.351
1.292 14.224
1.293 13.056
1.294 12.309
1.295 12.825
1.296 13.666
1.297 13.532
1.298 13.04
1.299 12.986
1.3 13.411
1.301 14.261
1.302 14.335
1.303 13.427
1.304 12.811
1.305 12.868
1.306 13.451
1.307 13.692
1.308 13.045
1.309 12.441
1.31 12.397
1.311 12.453
1.312 12.729
1.313 12.914
1.314 12.778
1.315 12.698
1.316 12.275
1.317 11.216
1.318 10.554
1.319 10.814
1.32 11.841
1.321 13.265
1.322 13.892
1.323 13.6
1.324 13.188
1.325 12.89
1.326 12.275
1.327 11.79
1.328 12.18
1.329 13.008
1.33 13.399
1.331 13.236
1.332 12.538
1.333 11.504
1.334 10.966
1.335 10.807
1.336 10.109
1.337 9.692
1.338 9.82
1.339 9.414
1.34 9.107
1.341 10.214
1.342 12.237
1.343 13.365
1.344 13.003
1.345 11.825
1.346 11.138
1.347 11.374
1.348 11.974
1.349 11.981
1.35 11.497
1.351 11.199
1.352 11.211
1.353 11.554
1.354 11.306
1.355 9.898
1.356 8.623
1.357 9.248
1.358 11.259
1.359 12.141
1.36 11.258
1.361 10.494
1.362 10.619
1.363 11.223
1.364 11.947
1.365 11.646
1.366 10.21
1.367 9.287
1.368 10.045
1.369 11.618
1.37 12.321
1.371 11.05
1.372 8.702
1.373 7.569
1.374 8.025
1.375 9.216
1.376 9.675
1.377 9.377
1.378 9.364
1.379 9.212
1.38 8.482
1.381 8.153
1.382 8.689
1.383 9.004
1.384 8.855
1.385 8.042
1.386 7.035
1.387 6.779
1.388 6.927
1.389 7.273
1.39 8.535
1.391 9.974
1.392 9.898
1.393 8.666
1.394 6.836
1.395 5.319
1.396 5.484
1.397 7.353
1.398 8.87
1.399 8.907
1.4 8.166
1.401 7.151
1.402 6.433
1.403 6.595
1.404 6.517
1.405 5.131
1.406 4.05
1.407 4.442
1.408 4.922
1.409 5.346
1.41 6.741
1.411 7.645
1.412 6.423
1.413 5.247
1.414 6.612
1.415 8.502
1.416 8.49
1.417 7.154
1.418 5.102
1.419 3.624
1.42 4.281
1.421 5.644
1.422 5.711
1.423 5.054
1.424 5.575
1.425 6.194
1.426 5.994
1.427 6.325
1.428 7.071
1.429 6.353
1.43 4.075
1.431 2.69
1.432 3.519
1.433 4.912
1.434 5.67
1.435 6.53
1.436 6.862
1.437 6.682
1.438 7.138
1.439 6.951
1.44 5.925
1.441 5.908
1.442 6.43
1.443 5.853
1.444 5.025
1.445 4.905
1.446 5.478
1.447 5.614
1.448 4.956
1.449 5.507
1.45 7.412
1.451 7.748
1.452 6.273
1.453 5.276
1.454 4.923
1.455 4.949
1.456 5.94
1.457 7.247
1.458 7.908
1.459 7.584
1.46 7.028
1.461 7.019
1.462 7.347
1.463 7.279
1.464 6.351
1.465 5.235
1.466 5.326
1.467 5.611
1.468 4.656
1.469 3.453
1.47 3.976
1.471 5.819
1.472 6.906
1.473 7.363
1.474 7.449
1.475 6.321
1.476 5.928
1.477 7.259
1.478 7.657
1.479 6.819
1.48 6.174
1.481 5.597
1.482 5.263
1.483 5.701
1.484 6.599
1.485 5.999
1.486 4.394
1.487 4.396
1.488 6.141
1.489 8.497
1.49 9.393
1.491 7.701
1.492 6.423
1.493 6.547
1.494 6.486
1.495 6.885
1.496 8.052
1.497 8.513
1.498 7.886
1.499 6.635
1.5 5.602
1.501 5.591
1.502 5.383
1.503 5.357
1.504 5.809
1.505 5.469
1.506 5.918
1.507 6.819
1.508 6.245
1.509 5.287
1.51 5.382
1.511 6.361
1.512 7.094
1.513 7.3
1.514 8.097
1.515 9.201
1.516 9.67
1.517 9.135
1.518 7.38
1.519 6.033
1.52 6.513
1.521 6.672
1.522 6.295
1.523 6.596
1.524 6.613
1.525 5.842
1.526 6.205
1.527 8.138
1.528 8.936
1.529 7.783
1.53 7.534
1.531 7.94
1.532 7.202
1.533 6.447
1.534 6.593
1.535 6.995
1.536 8.138
1.537 9.288
1.538 8.984
1.539 8.402
1.54 7.68
1.541 7.112
1.542 6.683
1.543 5.1
1.544 4.121
1.545 5.728
1.546 9.442
1.547 11.607
1.548 9.74
1.549 7.641
1.55 8.376
1.551 7.597
1.552 4.549
1.553 4.501
1.554 8.594
1.555 10.666
1.556 9.566
1.557 8.755
1.558 7.759
1.559 6.762
1.56 6.65
1.561 7.686
1.562 9.905
1.563 10.356
1.564 8.884
1.565 6.079
1.566 4.371
1.567 5.946
1.568 7.869
1.569 8.516
1.57 8.476
1.571 8.703
1.572 9.252
1.573 10.017
1.574 9.083
1.575 6.525
1.576 7.038
1.577 9.594
1.578 9.209
1.579 8.266
1.58 7.726
1.581 7.402
1.582 7.908
1.583 7.073
1.584 8.759
1.585 10.804
1.586 9.625
1.587 9.055
1.588 8.33
1.589 8.125
1.59 9.933
1.591 10.98
1.592 9.571
1.593 7.488
1.594 8.233
1.595 10.766
1.596 11.177
1.597 8.883
1.598 6.78
1.599 7.53
1.6 8.604
1.601 8.433
1.602 5.829
1.603 6.695
1.604 8.992
1.605 9.722
1.606 10.647
1.607 9.264
1.608 7.853
1.609 6.667
1.61 7.774
1.611 9.139
1.612 9.86
1.613 10.382
1.614 9.569
1.615 9.95
1.616 8.571
1.617 8.564
1.618 11.885
1.619 11.067
1.62 8.959
1.621 8.4
1.622 8.333
1.623 7.791
1.624 8.389
1.625 11.432
1.626 11.29
1.627 6.603
1.628 4.635
1.629 7.84
1.63 8.114
1.631 6.895
1.632 10.216
1.633 11.47
1.634 9.389
1.635 10.187
1.636 9.066
1.637 6.95
1.638 9.586
1.639 9.784
1.64 6.176
1.641 7.658
1.642 8.792
1.643 7.595
1.644 9.379
1.645 13.024
1.646 12.31
1.647 7.981
1.648 7.032
1.649 9.605
1.65 10.185
1.651 10.019
1.652 10.789
1.653 10.872
1.654 8.507
1.655 9.464
1.656 9.198
1.657 6.812
1.658 8.597
1.659 11.566
1.66 10.233
1.661 8.936
1.662 8.998
1.663 10.53
1.664 8.944
1.665 6.314
1.666 6.206
1.667 0.161
1.668 5.376
1.669 7.281
1.67 8.608
1.671 6.838
1.672 9.669
1.673 15.399
1.674 10.427
1.675 4.943
1.676 -0.637
1.677 8.372
1.678 11.614
1.679 8.676
1.68 13.455
1.681 16.711
1.682 9.432
1.683 0.421
1.684 0.786
1.685 8.087
1.686 7.653
1.687 2.993
1.688 0.174
1.689 9.347
1.69 14.051
1.691 15.179
1.692 -3.202
1.693 -7.322
1.694 5.35
1.695 5.4
1.696 4.701
1.697 5.0
1.698 7.092
1.699 -2.062
1.7 15.249
