0.66 23.625
0.661 21.194
0.662 21.638
0.663 21.446
0.664 23.69
0.665 20.726
0.666 23.357
0.667 23.077
0.668 17.31
0.669 22.371
0.67 20.935
0.671 24.414
0.672 23.044
0.673 17.754
0.674 23.975
0.675 23.447
0.676 22.61
0.677 18.1
0.678 23.819
0.679 21.289
0.68 20.624
0.681 23.828
0.682 20.857
0.683 21.324
0.684 22.423
0.685 18.255
0.686 19.91
0.687 20.572
0.688 19.527
0.689 22.012
0.69 21.883
0.691 20.436
0.692 20.049
0.693 19.259
0.694 19.265
0.695 19.627
0.696 22.694
0.697 20.395
0.698 22.798
0.699 21.21
0.7 18.189
0.701 16.806
0.702 20.927
0.703 21.545
0.704 22.264
0.705 20.586
0.706 19.413
0.707 19.201
0.708 16.952
0.709 19.521
0.71 22.636
0.711 23.774
0.712 21.006
0.713 18.78
0.714 17.08
0.715 18.027
0.716 21.07
0.717 20.737
0.718 20.69
0.719 18.547
0.72 16.828
0.721 19.288
0.722 20.453
0.723 20.859
0.724 20.696
0.725 20.64
0.726 19.419
0.727 19.856
0.728 19.661
0.729 19.287
0.73 19.929
0.731 19.321
0.732 18.963
0.733 21.441
0.734 22.114
0.735 20.239
0.736 19.123
0.737 18.442
0.738 16.808
0.739 16.301
0.74 19.383
0.741 20.731
0.742 19.588
0.743 19.747
0.744 19.476
0.745 17.999
0.746 18.374
0.747 19.209
0.748 19.276
0.749 20.156
0.75 20.249
0.751 18.753
0.752 17.992
0.753 18.117
0.754 19.067
0.755 20.181
0.756 21.282
0.757 20.641
0.758 20.15
0.759 19.62
0.76 19.153
0.761 19.712
0.762 19.698
0.763 18.569
0.764 18.199
0.765 18.371
0.766 17.383
0.767 18.117
0.768 19.149
0.769 19.802
0.77 21.232
0.771 20.941
0.772 18.765
0.773 18.604
0.774 20.422
0.775 20.645
0.776 18.621
0.777 17.978
0.778 17.768
0.779 18.339
0.78 19.694
0.781 19.893
0.782 19.412
0.783 18.844
0.784 18.985
0.785 19.315
0.786 19.046
0.787 18.293
0.788 18.829
0.789 19.729
0.79 19.799
0.791 20.026
0.792 19.455
0.793 17.534
0.794 17.096
0.795 18.36
0.796 18.967
0.797 18.837
0.798 18.021
0.799 18.643
0.8 20.401
0.801 20.693
0.802 18.859
0.803 17.664
0.804 18.678
0.805 19.557
0.806 19.198
0.807 19.179
0.808 19.335
0.809 18.676
0.81 17.547
0.811 17.49
0.812 18.395
0.813 19.655
0.814 20.665
0.815 20.629
0.816 19.96
0.817 19.601
0.818 19.084
0.819 18.65
0.82 18.591
0.821 18.827
0.822 19.07
0.823 19.699
0.824 20.726
0.825 19.985
0.826 18.45
0.827 17.763
0.828 18.301
0.829 18.96
0.83 18.92
0.831 18.733
0.832 18.823
0.833 18.757
0.834 18.475
0.835 18.873
0.836 19.422
0.837 19.726
0.838 19.577
0.839 19.099
0.84 18.773
0.841 18.44
0.842 18.393
0.843 18.879
0.844 19.33
0.845 19.459
0.846 18.672
0.847 17.387
0.848 17.743
0.849 19.354
0.85 19.781
0.851 19.416
0.852 19.288
0.853 18.816
0.854 18.506
0.855 18.866
0.856 19.294
0.857 19.822
0.858 19.284
0.859 17.215
0.86 16.324
0.861 17.556
0.862 19.089
0.863 19.699
0.864 19.456
0.865 19.205
0.866 19.13
0.867 18.413
0.868 17.635
0.869 17.309
0.87 17.267
0.871 18.226
0.872 19.416
0.873 20.228
0.874 20.7
0.875 20.167
0.876 19.137
0.877 18.109
0.878 17.091
0.879 16.672
0.88 17.021
0.881 17.141
0.882 17.328
0.883 18.254
0.884 19.191
0.885 19.204
0.886 18.487
0.887 17.733
0.888 17.49
0.889 18.081
0.89 18.324
0.891 17.908
0.892 18.098
0.893 18.555
0.894 18.78
0.895 19.474
0.896 19.952
0.897 18.778
0.898 17.239
0.899 16.759
0.9 16.77
0.901 17.112
0.902 17.554
0.903 17.631
0.904 18.383
0.905 19.639
0.906 19.618
0.907 18.705
0.908 18.424
0.909 18.539
0.91 18.476
0.911 18.489
0.912 18.067
0.913 17.07
0.914 17.065
0.915 18.226
0.916 19.051
0.917 18.544
0.918 17.752
0.919 17.341
0.92 17.108
0.921 17.18
0.922 17.391
0.923 17.702
0.924 17.869
0.925 17.8
0.926 17.759
0.927 17.809
0.928 17.838
0.929 18.268
0.93 19.011
0.931 19.167
0.932 18.625
0.933 18.054
0.934 17.754
0.935 17.157
0.936 16.343
0.937 16.865
0.938 17.527
0.939 17.001
0.94 15.835
0.941 15.571
0.942 16.934
0.943 18.29
0.944 18.766
0.945 18.185
0.946 17.812
0.947 17.905
0.948 16.912
0.949 15.351
0.95 14.327
0.951 14.086
0.952 14.598
0.953 15.47
0.954 16.405
0.955 17.178
0.956 17.043
0.957 16.441
0.958 15.521
0.959 15.252
0.96 15.727
0.961 15.369
0.962 14.908
0.963 14.588
0.964 15.068
0.965 15.513
0.966 15.822
0.967 15.459
0.968 15.326
0.969 15.805
0.97 15.789
0.971 15.11
0.972 13.288
0.973 13.115
0.974 15.177
0.975 15.262
0.976 14.737
0.977 15.262
0.978 15.272
0.979 14.14
0.98 14.031
0.981 14.472
0.982 14.8
0.983 14.273
0.984 14.71
0.985 15.098
0.986 14.855
0.987 14.517
0.988 14.629
0.989 14.977
0.99 14.729
0.991 14.189
0.992 14.653
0.993 15.469
0.994 14.661
0.995 12.975
0.996 12.817
0.997 14.156
0.998 14.22
0.999 13.66
1.0 13.524
1.001 13.916
1.002 14.082
1.003 13.614
1.004 13.543
1.005 14.072
1.006 13.836
1.007 13.848
1.008 14.406
1.009 13.958
1.01 14.197
1.011 14.687
1.012 14.534
1.013 14.573
1.014 14.96
1.015 14.863
1.016 13.807
1.017 13.904
1.018 14.686
1.019 14.754
1.02 14.277
1.021 13.593
1.022 13.558
1.023 14.6
1.024 15.534
1.025 14.754
1.026 14.152
1.027 14.216
1.028 14.857
1.029 15.086
1.03 14.046
1.031 13.525
1.032 13.829
1.033 12.864
1.034 12.481
1.035 13.998
1.036 14.88
1.037 15.222
1.038 15.382
1.039 15.485
1.04 15.28
1.041 14.064
1.042 13.352
1.043 13.911
1.044 14.243
1.045 14.294
1.046 15.202
1.047 16.411
1.048 16.189
1.049 15.142
1.05 14.762
1.051 14.147
1.052 13.303
1.053 12.92
1.054 13.959
1.055 14.931
1.056 14.601
1.057 14.487
1.058 14.843
1.059 15.32
1.06 15.378
1.061 15.1
1.062 15.362
1.063 15.385
1.064 15.15
1.065 14.461
1.066 13.433
1.067 13.247
1.068 13.562
1.069 13.796
1.07 14.423
1.071 14.904
1.072 15.431
1.073 16.462
1.074 16.608
1.075 15.635
1.076 14.477
1.077 13.918
1.078 14.399
1.079 15.244
1.08 15.821
1.081 15.447
1.082 14.449
1.083 14.088
1.084 14.518
1.085 15.272
1.086 15.861
1.087 15.768
1.088 15.138
1.089 14.899
1.09 14.785
1.091 14.012
1.092 13.739
1.093 14.671
1.094 15.074
1.095 14.4
1.096 13.649
1.097 13.209
1.098 13.645
1.099 14.536
1.1 14.82
1.101 14.799
1.102 15.125
1.103 15.188
1.104 14.938
1.105 14.748
1.106 14.677
1.107 14.719
1.108 14.682
1.109 14.574
1.11 14.618
1.111 14.627
1.112 14.34
1.113 14.517
1.114 14.904
1.115 14.448
1.116 12.904
1.117 11.993
1.118 12.987
1.119 14.321
1.12 14.904
1.121 15.108
1.122 14.896
1.123 14.031
1.124 13.299
1.125 13.724
1.126 14.846
1.127 14.996
1.128 14.517
1.129 14.061
1.13 13.331
1.131 12.787
1.132 12.782
1.133 12.953
1.134 13.515
1.135 14.007
1.136 13.856
1.137 13.728
1.138 13.89
1.139 13.933
1.14 14.1
1.141 14.163
1.142 13.29
1.143 12.185
1.144 12.17
1.145 13.24
1.146 14.091
1.147 13.358
1.148 11.609
1.149 10.687
1.15 10.968
1.151 11.248
1.152 11.293
1.153 11.697
1.154 11.925
1.155 11.677
1.156 11.424
1.157 11.347
1.158 11.031
1.159 10.938
1.16 11.856
1.161 12.505
1.162 11.906
1.163 11.217
1.164 11.273
1.165 11.82
1.166 12.436
1.167 12.651
1.168 12.188
1.169 11.619
1.17 11.659
1.171 12.152
1.172 12.219
1.173 11.473
1.174 10.317
1.175 9.877
1.176 10.619
1.177 11.234
1.178 10.92
1.179 10.917
1.18 11.628
1.181 12.348
1.182 12.365
1.183 11.03
1.184 9.306
1.185 9.472
1.186 10.716
1.187 10.991
1.188 10.518
1.189 11.079
1.19 12.242
1.191 12.238
1.192 11.821
1.193 11.907
1.194 11.662
1.195 10.479
1.196 9.54
1.197 9.728
1.198 10.717
1.199 11.9
1.2 12.798
1.201 12.411
1.202 10.886
1.203 10.125
1.204 10.387
1.205 10.69
1.206 10.555
1.207 10.221
1.208 10.715
1.209 11.639
1.21 11.499
1.211 10.676
1.212 9.871
1.213 9.781
1.214 10.976
1.215 12.226
1.216 12.133
1.217 11.722
1.218 11.626
1.219 11.469
1.22 11.858
1.221 12.39
1.222 12.053
1.223 10.92
1.224 10.616
1.225 11.502
1.226 12.192
1.227 11.869
1.228 10.907
1.229 10.192
1.23 10.06
1.231 10.282
1.232 11.128
1.233 11.941
1.234 11.668
1.235 10.703
1.236 10.232
1.237 10.41
1.238 11.092
1.239 12.281
1.24 12.956
1.241 12.41
1.242 11.406
1.243 11.162
1.244 11.686
1.245 12.525
1.246 13.13
1.247 12.902
1.248 12.448
1.249 12.21
1.25 11.943
1.251 11.894
1.252 12.034
1.253 12.036
1.254 12.203
1.255 12.97
1.256 13.559
1.257 12.905
1.258 11.595
1.259 10.936
1.26 10.569
1.261 10.251
1.262 10.455
1.263 10.962
1.264 11.149
1.265 11.114
1.266 11.55
1.267 12.322
1.268 12.6
1.269 12.381
1.27 12.486
1.271 12.745
1.272 12.94
1.273 13.08
1.274 12.677
1.275 11.481
1.276 10.418
1.277 10.418
1.278 11.689
1.279 12.678
1.28 11.841
1.281 10.282
1.282 10.514
1.283 12.094
1.284 12.797
1.285 12.186
1.286 11.58
1.287 11.087
1.288 10.726
1.289 11.2
1.29 12.236
1.291 12.841
1.292 12.686
1.293 11.799
1.294 11.143
1.295 11.343
1.296 11.849
1.297 11.692
1.298 11.098
1.299 10.663
1.3 10.941
1.301 11.971
1.302 12.27
1.303 11.53
1.304 10.692
1.305 10.265
1.306 10.481
1.307 11.067
1.308 11.601
1.309 11.641
1.31 10.869
1.311 9.842
1.312 9.792
1.313 10.331
1.314 10.903
1.315 11.533
1.316 11.511
1.317 9.95
1.318 8.111
1.319 7.677
1.32 8.709
1.321 10.118
1.322 10.788
1.323 10.684
1.324 10.271
1.325 9.668
1.326 8.86
1.327 8.645
1.328 9.319
1.329 10.154
1.33 10.755
1.331 10.839
1.332 10.198
1.333 9.519
1.334 9.582
1.335 9.979
1.336 9.171
1.337 7.889
1.338 7.32
1.339 7.132
1.34 8.024
1.341 10.188
1.342 11.535
1.343 10.456
1.344 8.555
1.345 7.98
1.346 8.498
1.347 9.088
1.348 9.154
1.349 8.596
1.35 7.919
1.351 7.808
1.352 8.726
1.353 10.279
1.354 11.067
1.355 9.791
1.356 7.761
1.357 7.031
1.358 7.596
1.359 7.985
1.36 8.223
1.361 8.579
1.362 8.724
1.363 8.895
1.364 9.045
1.365 8.326
1.366 7.125
1.367 6.042
1.368 6.177
1.369 8.05
1.37 10.033
1.371 9.617
1.372 7.569
1.373 6.404
1.374 6.381
1.375 5.957
1.376 5.12
1.377 5.751
1.378 7.1
1.379 6.881
1.38 5.492
1.381 4.886
1.382 5.716
1.383 7.035
1.384 7.777
1.385 6.935
1.386 5.378
1.387 4.743
1.388 5.006
1.389 5.448
1.39 6.055
1.391 6.881
1.392 7.212
1.393 7.109
1.394 6.07
1.395 4.933
1.396 4.911
1.397 5.196
1.398 4.86
1.399 4.287
1.4 3.829
1.401 3.561
1.402 3.647
1.403 4.219
1.404 4.126
1.405 2.898
1.406 2.741
1.407 3.891
1.408 4.768
1.409 4.604
1.41 4.051
1.411 4.206
1.412 4.179
1.413 4.029
1.414 5.258
1.415 6.509
1.416 5.928
1.417 4.075
1.418 1.795
1.419 0.63
1.42 2.031
1.421 4.365
1.422 5.742
1.423 5.212
1.424 3.959
1.425 3.526
1.426 3.774
1.427 3.933
1.428 3.677
1.429 3.494
1.43 3.234
1.431 2.756
1.432 3.19
1.433 3.569
1.434 3.193
1.435 3.119
1.436 3.415
1.437 4.531
1.438 6.156
1.439 5.693
1.44 3.429
1.441 2.257
1.442 2.353
1.443 2.527
1.444 2.613
1.445 2.774
1.446 3.845
1.447 5.002
1.448 4.922
1.449 4.73
1.45 5.376
1.451 5.563
1.452 3.704
1.453 1.293
1.454 1.515
1.455 4.198
1.456 5.94
1.457 6.197
1.458 6.231
1.459 5.688
1.46 4.457
1.461 4.442
1.462 6.088
1.463 7.314
1.464 6.14
1.465 3.29
1.466 1.647
1.467 1.94
1.468 2.154
1.469 1.762
1.47 2.252
1.471 3.624
1.472 3.837
1.473 3.05
1.474 3.654
1.475 4.873
1.476 5.147
1.477 4.78
1.478 3.793
1.479 3.713
1.48 4.532
1.481 4.064
1.482 3.187
1.483 4.482
1.484 6.563
1.485 5.596
1.486 3.222
1.487 3.712
1.488 6.176
1.489 7.426
1.49 6.393
1.491 4.513
1.492 4.27
1.493 5.108
1.494 5.326
1.495 4.954
1.496 4.933
1.497 5.496
1.498 5.474
1.499 3.575
1.5 1.316
1.501 1.789
1.502 3.552
1.503 4.701
1.504 5.074
1.505 5.06
1.506 4.944
1.507 5.058
1.508 4.562
1.509 3.262
1.51 2.86
1.511 3.237
1.512 4.453
1.513 6.505
1.514 7.34
1.515 6.816
1.516 6.709
1.517 6.053
1.518 4.174
1.519 3.017
1.52 3.985
1.521 5.399
1.522 5.036
1.523 4.246
1.524 4.549
1.525 5.15
1.526 5.515
1.527 5.029
1.528 3.73
1.529 4.302
1.53 6.913
1.531 7.058
1.532 4.587
1.533 2.655
1.534 2.491
1.535 3.344
1.536 4.722
1.537 6.308
1.538 6.641
1.539 5.286
1.54 5.226
1.541 6.322
1.542 5.807
1.543 4.177
1.544 2.667
1.545 2.178
1.546 5.139
1.547 8.33
1.548 7.256
1.549 5.107
1.55 5.677
1.551 5.887
1.552 5.222
1.553 5.251
1.554 6.546
1.555 7.524
1.556 6.767
1.557 5.643
1.558 5.035
1.559 4.836
1.56 5.304
1.561 6.289
1.562 7.418
1.563 7.167
1.564 5.455
1.565 2.895
1.566 1.707
1.567 3.141
1.568 5.065
1.569 4.764
1.57 5.009
1.571 7.152
1.572 7.566
1.573 7.32
1.574 6.77
1.575 4.947
1.576 4.145
1.577 4.84
1.578 6.355
1.579 7.666
1.58 5.99
1.581 3.948
1.582 4.112
1.583 4.611
1.584 6.866
1.585 8.254
1.586 7.927
1.587 8.611
1.588 8.15
1.589 6.786
1.59 6.607
1.591 7.713
1.592 8.081
1.593 7.397
1.594 5.92
1.595 6.3
1.596 8.566
1.597 7.716
1.598 4.581
1.599 3.087
1.6 3.479
1.601 5.271
1.602 6.358
1.603 6.268
1.604 5.017
1.605 4.908
1.606 6.332
1.607 6.461
1.608 6.495
1.609 6.229
1.61 6.47
1.611 7.895
1.612 8.99
1.613 8.08
1.614 6.743
1.615 5.0
1.616 4.662
1.617 6.549
1.618 9.349
1.619 8.089
1.62 7.257
1.621 6.942
1.622 5.707
1.623 5.997
1.624 7.561
1.625 8.548
1.626 7.661
1.627 4.335
1.628 4.01
1.629 7.413
1.63 6.287
1.631 5.291
1.632 7.899
1.633 7.27
1.634 6.605
1.635 7.467
1.636 6.352
1.637 6.122
1.638 5.065
1.639 2.865
1.64 2.384
1.641 8.044
1.642 9.405
1.643 4.948
1.644 5.686
1.645 8.032
1.646 7.526
1.647 4.348
1.648 3.456
1.649 8.544
1.65 8.338
1.651 6.679
1.652 9.371
1.653 8.784
1.654 8.201
1.655 8.62
1.656 6.339
1.657 2.635
1.658 3.814
1.659 7.336
1.66 6.445
1.661 5.191
1.662 6.68
1.663 5.512
1.664 4.93
1.665 7.195
1.666 7.913
1.667 3.62
1.668 5.146
1.669 7.823
1.67 6.498
1.671 1.453
1.672 6.088
1.673 7.603
1.674 5.498
1.675 7.51
1.676 -0.106
1.677 -1.279
1.678 4.878
1.679 6.164
1.68 4.121
1.681 10.16
1.682 8.14
1.683 1.683
1.684 5.346
1.685 5.754
1.686 2.381
1.687 6.69
1.688 6.446
1.689 1.587
1.69 -10.584
1.691 5.536
1.692 7.91
1.693 12.552
1.694 20.576
1.695 11.231
1.696 -5.342
1.697 -10.75
1.698 8.983
1.699 6.701
1.7 -0.587
