0.660 	31.512401
0.661 	32.528536
0.662 	33.827272
0.663 	31.518409
0.664 	32.547568
0.665 	29.670420
0.666 	31.056703
0.667 	32.195893
0.668 	31.331056
0.669 	33.317119
0.670 	33.145437
0.671 	33.646671
0.672 	34.014055
0.673 	32.048978
0.674 	34.003344
0.675 	32.936468
0.676 	32.094813
0.677 	33.175419
0.678 	32.844979
0.679 	31.298208
0.680 	29.207284
0.681 	31.694281
0.682 	32.173603
0.683 	31.025210
0.684 	30.758757
0.685 	31.580499
0.686 	32.519885
0.687 	33.004735
0.688 	31.196582
0.689 	30.927632
0.690 	30.860421
0.691 	32.323305
0.692 	31.888541
0.693 	32.074848
0.694 	33.047313
0.695 	33.755372
0.696 	32.629160
0.697 	31.675668
0.698 	31.568518
0.699 	31.507523
0.700 	31.042085
0.701 	30.679106
0.702 	31.805817
0.703 	33.174552
0.704 	33.506428
0.705 	33.942962
0.706 	32.655548
0.707 	30.631120
0.708 	29.991820
0.709 	31.707981
0.710 	32.498309
0.711 	32.580100
0.712 	32.539459
0.713 	31.570266
0.714 	31.900026
0.715 	31.698205
0.716 	31.386038
0.717 	32.233603
0.718 	32.884971
0.719 	32.224501
0.720 	29.934806
0.721 	29.459883
0.722 	30.934394
0.723 	32.918480
0.724 	33.434561
0.725 	31.041303
0.726 	29.405619
0.727 	29.864301
0.728 	29.537123
0.729 	29.706764
0.730 	32.789536
0.731 	34.222617
0.732 	32.614642
0.733 	31.238153
0.734 	31.176485
0.735 	30.682141
0.736 	30.459130
0.737 	31.583609
0.738 	32.591007
0.739 	32.508600
0.740 	32.008240
0.741 	31.280844
0.742 	31.292684
0.743 	32.212958
0.744 	32.704590
0.745 	32.783910
0.746 	32.613893
0.747 	31.263940
0.748 	30.284281
0.749 	31.002153
0.750 	31.728486
0.751 	31.017318
0.752 	30.636465
0.753 	31.131956
0.754 	31.047466
0.755 	30.420841
0.756 	30.110135
0.757 	30.347396
0.758 	30.917382
0.759 	31.348589
0.760 	31.157541
0.761 	30.610879
0.762 	30.073506
0.763 	29.340487
0.764 	29.494092
0.765 	30.747103
0.766 	31.473303
0.767 	30.960265
0.768 	30.488667
0.769 	30.872375
0.770 	31.158085
0.771 	30.637907
0.772 	30.029562
0.773 	30.032659
0.774 	30.311229
0.775 	30.861734
0.776 	31.247535
0.777 	30.721010
0.778 	29.934330
0.779 	29.531332
0.780 	29.280387
0.781 	29.327530
0.782 	29.654351
0.783 	29.857283
0.784 	30.472854
0.785 	31.664851
0.786 	32.387378
0.787 	31.964446
0.788 	30.931364
0.789 	30.305964
0.790 	30.378363
0.791 	30.870728
0.792 	31.220241
0.793 	31.286425
0.794 	30.987918
0.795 	30.143548
0.796 	29.654124
0.797 	29.993177
0.798 	30.173793
0.799 	29.860833
0.800 	29.590607
0.801 	29.191655
0.802 	28.644293
0.803 	28.878928
0.804 	30.091755
0.805 	31.026555
0.806 	31.009107
0.807 	30.856525
0.808 	31.106201
0.809 	31.279780
0.810 	30.894034
0.811 	30.096697
0.812 	29.505197
0.813 	29.504684
0.814 	29.834885
0.815 	30.107966
0.816 	30.327220
0.817 	30.496708
0.818 	30.402048
0.819 	30.110023
0.820 	30.084539
0.821 	30.573338
0.822 	30.772503
0.823 	30.004794
0.824 	29.059510
0.825 	29.438145
0.826 	30.815111
0.827 	31.771568
0.828 	31.800294
0.829 	31.040721
0.830 	29.815847
0.831 	29.013411
0.832 	29.249762
0.833 	29.939926
0.834 	30.170644
0.835 	29.819998
0.836 	29.204154
0.837 	28.953536
0.838 	29.252899
0.839 	29.496373
0.840 	29.376036
0.841 	29.244840
0.842 	29.465415
0.843 	29.714821
0.844 	29.800750
0.845 	29.826280
0.846 	29.605520
0.847 	29.189674
0.848 	29.128724
0.849 	29.498607
0.850 	29.783873
0.851 	29.575357
0.852 	28.906630
0.853 	28.617005
0.854 	29.049179
0.855 	29.833233
0.856 	30.505969
0.857 	30.792349
0.858 	30.334049
0.859 	29.325553
0.860 	28.730728
0.861 	29.023353
0.862 	29.557299
0.863 	29.742562
0.864 	29.695557
0.865 	29.529864
0.866 	29.438484
0.867 	29.501366
0.868 	29.408056
0.869 	29.036947
0.870 	28.747484
0.871 	28.803061
0.872 	28.817327
0.873 	28.764693
0.874 	28.962098
0.875 	29.298178
0.876 	29.192660
0.877 	28.696228
0.878 	28.408302
0.879 	28.748227
0.880 	29.257245
0.881 	29.259033
0.882 	28.829227
0.883 	28.634148
0.884 	28.810851
0.885 	29.102447
0.886 	29.405102
0.887 	29.458310
0.888 	29.007600
0.889 	28.486953
0.890 	28.403459
0.891 	28.843668
0.892 	29.421213
0.893 	29.457440
0.894 	28.811589
0.895 	28.112500
0.896 	27.943904
0.897 	28.233886
0.898 	28.551599
0.899 	28.772867
0.900 	28.763720
0.901 	28.433506
0.902 	27.981571
0.903 	27.805702
0.904 	27.918580
0.905 	28.104850
0.906 	28.279109
0.907 	28.341815
0.908 	28.343667
0.909 	28.452797
0.910 	28.746629
0.911 	29.101143
0.912 	29.402710
0.913 	29.524843
0.914 	29.245996
0.915 	28.555718
0.916 	27.783731
0.917 	27.287552
0.918 	27.039370
0.919 	27.044963
0.920 	27.384809
0.921 	27.778639
0.922 	27.942759
0.923 	28.026395
0.924 	28.307025
0.925 	28.677613
0.926 	28.943148
0.927 	29.059870
0.928 	29.107515
0.929 	29.108085
0.930 	28.884580
0.931 	28.400840
0.932 	27.941570
0.933 	27.911667
0.934 	28.337701
0.935 	28.691407
0.936 	28.770734
0.937 	28.775742
0.938 	28.716160
0.939 	28.448286
0.940 	28.020994
0.941 	27.372834
0.942 	26.916349
0.943 	27.119162
0.944 	27.664683
0.945 	27.837139
0.946 	27.527424
0.947 	27.301167
0.948 	27.352937
0.949 	27.312309
0.950 	27.281700
0.951 	27.364793
0.952 	27.371046
0.953 	27.159069
0.954 	27.037890
0.955 	27.066293
0.956 	26.956643
0.957 	26.764103
0.958 	26.797364
0.959 	27.023593
0.960 	27.067599
0.961 	26.766616
0.962 	26.565238
0.963 	27.011684
0.964 	27.369105
0.965 	27.064956
0.966 	26.436514
0.967 	26.115564
0.968 	26.509497
0.969 	27.057854
0.970 	26.798465
0.971 	26.110658
0.972 	26.013160
0.973 	26.347636
0.974 	26.156167
0.975 	25.741217
0.976 	25.910367
0.977 	26.317406
0.978 	26.604668
0.979 	26.453685
0.980 	26.020444
0.981 	25.569743
0.982 	25.522005
0.983 	25.617512
0.984 	25.756731
0.985 	26.011429
0.986 	26.537183
0.987 	26.604718
0.988 	26.046480
0.989 	25.489280
0.990 	25.389311
0.991 	25.937920
0.992 	26.080114
0.993 	25.398883
0.994 	25.107308
0.995 	25.636051
0.996 	25.982584
0.997 	26.066919
0.998 	26.062423
0.999 	25.802265
1.000 	25.660388
1.001 	25.496574
1.002 	24.971847
1.003 	24.731026
1.004 	24.974919
1.005 	25.269223
1.006 	25.959845
1.007 	26.282864
1.008 	25.439571
1.009 	24.560276
1.010 	24.963283
1.011 	25.342688
1.012 	24.656020
1.013 	24.387890
1.014 	24.767927
1.015 	25.084504
1.016 	25.362209
1.017 	25.577765
1.018 	25.566918
1.019 	25.486222
1.020 	25.587890
1.021 	25.626810
1.022 	25.500503
1.023 	25.367235
1.024 	25.264381
1.025 	25.012255
1.026 	24.796307
1.027 	24.955295
1.028 	24.998818
1.029 	25.042000
1.030 	25.438343
1.031 	26.101754
1.032 	26.636342
1.033 	26.274024
1.034 	25.108944
1.035 	24.503768
1.036 	24.930613
1.037 	25.412100
1.038 	25.406852
1.039 	25.203023
1.040 	25.288751
1.041 	25.356669
1.042 	25.239017
1.043 	25.409710
1.044 	25.591988
1.045 	25.840121
1.046 	26.451662
1.047 	26.537101
1.048 	25.775471
1.049 	25.228327
1.050 	25.175386
1.051 	25.063932
1.052 	25.016807
1.053 	25.345959
1.054 	25.900622
1.055 	26.122183
1.056 	25.716488
1.057 	25.243867
1.058 	25.148007
1.059 	25.354315
1.060 	25.645239
1.061 	25.740778
1.062 	25.796804
1.063 	25.917331
1.064 	25.785696
1.065 	25.488296
1.066 	25.204668
1.067 	25.150465
1.068 	25.440634
1.069 	26.029629
1.070 	26.547831
1.071 	26.457458
1.072 	25.861090
1.073 	25.208222
1.074 	24.989954
1.075 	25.207630
1.076 	25.494652
1.077 	25.475173
1.078 	25.475348
1.079 	26.101110
1.080 	26.864059
1.081 	26.724655
1.082 	25.844099
1.083 	25.203326
1.084 	24.964465
1.085 	25.158758
1.086 	25.659727
1.087 	26.013624
1.088 	25.996580
1.089 	25.859337
1.090 	25.705498
1.091 	25.495153
1.092 	25.615172
1.093 	26.003162
1.094 	26.244950
1.095 	26.218357
1.096 	26.159964
1.097 	26.264320
1.098 	26.293158
1.099 	26.080269
1.100 	25.578680
1.101 	25.124383
1.102 	24.940086
1.103 	24.967511
1.104 	25.437260
1.105 	26.297903
1.106 	26.879083
1.107 	26.615735
1.108 	25.974009
1.109 	25.571586
1.110 	25.493953
1.111 	25.435862
1.112 	25.156253
1.113 	24.863236
1.114 	24.952424
1.115 	25.286706
1.116 	25.547062
1.117 	25.691797
1.118 	25.794036
1.119 	25.749780
1.120 	25.569926
1.121 	25.543778
1.122 	25.416502
1.123 	25.109512
1.124 	24.930401
1.125 	24.972692
1.126 	25.079752
1.127 	25.298376
1.128 	25.627118
1.129 	25.770980
1.130 	25.885629
1.131 	25.979889
1.132 	25.760541
1.133 	25.383376
1.134 	25.389530
1.135 	25.900458
1.136 	26.450246
1.137 	26.330425
1.138 	25.455917
1.139 	24.549709
1.140 	24.452764
1.141 	25.003713
1.142 	25.672730
1.143 	26.056647
1.144 	25.939719
1.145 	25.582651
1.146 	25.418773
1.147 	25.424086
1.148 	25.148962
1.149 	24.618030
1.150 	24.344360
1.151 	24.430611
1.152 	24.667250
1.153 	24.939859
1.154 	25.220595
1.155 	25.289815
1.156 	24.803269
1.157 	24.032087
1.158 	23.756474
1.159 	24.164739
1.160 	24.813622
1.161 	25.060715
1.162 	24.853761
1.163 	24.695958
1.164 	24.850371
1.165 	25.176445
1.166 	25.347631
1.167 	25.280453
1.168 	25.142001
1.169 	25.106638
1.170 	25.159056
1.171 	25.019113
1.172 	24.699917
1.173 	24.537637
1.174 	24.694749
1.175 	24.878955
1.176 	24.779539
1.177 	24.360872
1.178 	23.869418
1.179 	23.592191
1.180 	23.597484
1.181 	23.683366
1.182 	23.722637
1.183 	23.779008
1.184 	24.041918
1.185 	24.529068
1.186 	24.912383
1.187 	24.940195
1.188 	24.553124
1.189 	23.887929
1.190 	23.215942
1.191 	22.834059
1.192 	22.871094
1.193 	23.086844
1.194 	23.136373
1.195 	22.909539
1.196 	22.509763
1.197 	22.097043
1.198 	22.000346
1.199 	22.423646
1.200 	22.917694
1.201 	22.870571
1.202 	22.407284
1.203 	21.938074
1.204 	21.630380
1.205 	21.480571
1.206 	21.432351
1.207 	21.291985
1.208 	21.035486
1.209 	20.928897
1.210 	21.283144
1.211 	21.981156
1.212 	22.439416
1.213 	22.423251
1.214 	21.944026
1.215 	21.074274
1.216 	20.134644
1.217 	19.875151
1.218 	20.596395
1.219 	21.646348
1.220 	22.269126
1.221 	22.287500
1.222 	21.920271
1.223 	21.457302
1.224 	21.237051
1.225 	21.074284
1.226 	20.699144
1.227 	20.375770
1.228 	20.615556
1.229 	21.373752
1.230 	21.999498
1.231 	22.171976
1.232 	22.074992
1.233 	21.921014
1.234 	21.411336
1.235 	20.397771
1.236 	19.784579
1.237 	20.136634
1.238 	21.081527
1.239 	22.014415
1.240 	22.601334
1.241 	22.521156
1.242 	21.662976
1.243 	20.370249
1.244 	19.359463
1.245 	19.166640
1.246 	19.684468
1.247 	20.430544
1.248 	21.098631
1.249 	21.557543
1.250 	21.663214
1.251 	21.515962
1.252 	21.388824
1.253 	21.283378
1.254 	20.972440
1.255 	20.576332
1.256 	20.343615
1.257 	20.334612
1.258 	20.644109
1.259 	21.255813
1.260 	21.730927
1.261 	21.628706
1.262 	21.101336
1.263 	20.577173
1.264 	20.382966
1.265 	20.646288
1.266 	21.153128
1.267 	21.308826
1.268 	20.765010
1.269 	20.072368
1.270 	19.814256
1.271 	19.973038
1.272 	20.347262
1.273 	20.996011
1.274 	21.701016
1.275 	21.829292
1.276 	21.356438
1.277 	20.775776
1.278 	20.407910
1.279 	20.338548
1.280 	20.644142
1.281 	21.056113
1.282 	20.892063
1.283 	20.099705
1.284 	19.489029
1.285 	19.841855
1.286 	20.962780
1.287 	22.018802
1.288 	22.393441
1.289 	21.996205
1.290 	21.250577
1.291 	20.730727
1.292 	20.849153
1.293 	21.567203
1.294 	22.319309
1.295 	22.378761
1.296 	21.531932
1.297 	20.343359
1.298 	19.555057
1.299 	19.708149
1.300 	20.644591
1.301 	21.564137
1.302 	21.920402
1.303 	21.813591
1.304 	21.529028
1.305 	21.233520
1.306 	21.175758
1.307 	21.466403
1.308 	21.728487
1.309 	21.467087
1.310 	20.765446
1.311 	20.352031
1.312 	20.626729
1.313 	21.350427
1.314 	21.956978
1.315 	22.049730
1.316 	21.764221
1.317 	21.560153
1.318 	21.779622
1.319 	22.300303
1.320 	22.661944
1.321 	22.543645
1.322 	22.116335
1.323 	21.705561
1.324 	21.292362
1.325 	20.819672
1.326 	20.608386
1.327 	20.827780
1.328 	21.277799
1.329 	21.745399
1.330 	22.134667
1.331 	22.346275
1.332 	22.330742
1.333 	22.233011
1.334 	22.275993
1.335 	22.365496
1.336 	22.297848
1.337 	22.024070
1.338 	21.771646
1.339 	21.708529
1.340 	21.747404
1.341 	21.782146
1.342 	21.786079
1.343 	21.801236
1.344 	21.796607
1.345 	21.692967
1.346 	21.622669
1.347 	21.806779
1.348 	22.077933
1.349 	22.128114
1.350 	22.037877
1.351 	21.906135
1.352 	21.638377
1.353 	21.275186
1.354 	21.027887
1.355 	20.980872
1.356 	21.003077
1.357 	20.924040
1.358 	20.790155
1.359 	20.841772
1.360 	21.208297
1.361 	21.682876
1.362 	21.945026
1.363 	21.908010
1.364 	21.761274
1.365 	21.686323
1.366 	21.608423
1.367 	21.445725
1.368 	21.342936
1.369 	21.442788
1.370 	21.681155
1.371 	21.956465
1.372 	22.120030
1.373 	21.844528
1.374 	21.273469
1.375 	20.956752
1.376 	21.111947
1.377 	21.392883
1.378 	21.505404
1.379 	21.538365
1.380 	21.649874
1.381 	21.703821
1.382 	21.399181
1.383 	20.806133
1.384 	20.466612
1.385 	20.605641
1.386 	20.752500
1.387 	20.466604
1.388 	20.029630
1.389 	20.067214
1.390 	20.616388
1.391 	21.271411
1.392 	21.644960
1.393 	21.545518
1.394 	21.068464
1.395 	20.543130
1.396 	20.289374
1.397 	20.369953
1.398 	20.662699
1.399 	20.873096
1.400 	20.849533
1.401 	20.732027
1.402 	20.671159
1.403 	20.610439
1.404 	20.462049
1.405 	20.249680
1.406 	19.868044
1.407 	19.342532
1.408 	19.048207
1.409 	19.143505
1.410 	19.336089
1.411 	19.494980
1.412 	19.732433
1.413 	19.916545
1.414 	19.815739
1.415 	19.480819
1.416 	19.224573
1.417 	19.290186
1.418 	19.645108
1.419 	19.934114
1.420 	19.864684
1.421 	19.551224
1.422 	19.528632
1.423 	20.076683
1.424 	20.787645
1.425 	20.944916
1.426 	20.236008
1.427 	19.236737
1.428 	18.377288
1.429 	17.801431
1.430 	17.697762
1.431 	18.289010
1.432 	19.235323
1.433 	19.622085
1.434 	19.190406
1.435 	18.486507
1.436 	18.008706
1.437 	18.009199
1.438 	18.456755
1.439 	19.029872
1.440 	19.169100
1.441 	18.545224
1.442 	17.648784
1.443 	17.159069
1.444 	17.158855
1.445 	17.398773
1.446 	17.906117
1.447 	18.625078
1.448 	18.787390
1.449 	17.926910
1.450 	16.700282
1.451 	16.132081
1.452 	16.457245
1.453 	17.067813
1.454 	17.277670
1.455 	17.138219
1.456 	17.018491
1.457 	17.146622
1.458 	17.592799
1.459 	18.195385
1.460 	18.472767
1.461 	18.053918
1.462 	17.417109
1.463 	16.990417
1.464 	16.737116
1.465 	16.532943
1.466 	16.421779
1.467 	16.307560
1.468 	15.910288
1.469 	15.358662
1.470 	15.061607
1.471 	15.279902
1.472 	15.923537
1.473 	16.649188
1.474 	17.094960
1.475 	17.016186
1.476 	16.286406
1.477 	15.341783
1.478 	15.085910
1.479 	15.726105
1.480 	16.114288
1.481 	15.364402
1.482 	14.265374
1.483 	13.940763
1.484 	14.508512
1.485 	15.264373
1.486 	15.645990
1.487 	15.419164
1.488 	14.661529
1.489 	13.898183
1.490 	13.530442
1.491 	13.248978
1.492 	12.736163
1.493 	12.377074
1.494 	12.482776
1.495 	12.751242
1.496 	12.626580
1.497 	11.922216
1.498 	11.221073
1.499 	11.426207
1.500 	12.074595
1.501 	12.173615
1.502 	11.634486
1.503 	11.327059
1.504 	11.710221
1.505 	12.096976
1.506 	11.971125
1.507 	11.473378
1.508 	10.747106
1.509 	9.803962
1.510 	8.900107
1.511 	8.660863
1.512 	9.414548
1.513 	10.611608
1.514 	11.371621
1.515 	11.390012
1.516 	10.944697
1.517 	10.521002
1.518 	10.450592
1.519 	10.673823
1.520 	10.946183
1.521 	11.074565
1.522 	10.673009
1.523 	9.554768
1.524 	8.289318
1.525 	7.940367
1.526 	8.857617
1.527 	9.752077
1.528 	9.468137
1.529 	8.554766
1.530 	8.205511
1.531 	8.589521
1.532 	8.701206
1.533 	8.165964
1.534 	7.725232
1.535 	8.190771
1.536 	9.385176
1.537 	10.315362
1.538 	10.541444
1.539 	10.226407
1.540 	9.760937
1.541 	9.319739
1.542 	8.576415
1.543 	7.891460
1.544 	8.019532
1.545 	8.976507
1.546 	10.033924
1.547 	10.106885
1.548 	9.032422
1.549 	7.881572
1.550 	7.944671
1.551 	9.133326
1.552 	10.043005
1.553 	9.947292
1.554 	9.421866
1.555 	9.264905
1.556 	9.467375
1.557 	9.472264
1.558 	9.325538
1.559 	9.331600
1.560 	9.425176
1.561 	9.412767
1.562 	9.105354
1.563 	8.473568
1.564 	8.004216
1.565 	8.438406
1.566 	9.338130
1.567 	9.435497
1.568 	8.790708
1.569 	8.222693
1.570 	7.966782
1.571 	8.124078
1.572 	9.087058
1.573 	10.500205
1.574 	11.290157
1.575 	11.024896
1.576 	10.236886
1.577 	9.388511
1.578 	8.690319
1.579 	8.266154
1.580 	8.132388
1.581 	8.075451
1.582 	8.103631
1.583 	8.608855
1.584 	9.409030
1.585 	10.117834
1.586 	10.407432
1.587 	9.811476
1.588 	8.653087
1.589 	7.897544
1.590 	8.251489
1.591 	9.220940
1.592 	9.812892
1.593 	10.083586
1.594 	10.319231
1.595 	10.287642
1.596 	10.009686
1.597 	10.111811
1.598 	10.943215
1.599 	11.310783
1.600 	10.351815
1.601 	8.904152
1.602 	8.276052
1.603 	8.691109
1.604 	9.425500
1.605 	9.797415
1.606 	9.472106
1.607 	9.174011
1.608 	9.641360
1.609 	10.428927
1.610 	10.080879
1.611 	8.779870
1.612 	7.862712
1.613 	8.102165
1.614 	9.056182
1.615 	9.869048
1.616 	9.940846
1.617 	9.275413
1.618 	8.841809
1.619 	8.895249
1.620 	9.071742
1.621 	9.192164
1.622 	9.652164
1.623 	10.557339
1.624 	11.552070
1.625 	12.125212
1.626 	12.275231
1.627 	12.335074
1.628 	12.397837
1.629 	11.467345
1.630 	9.121182
1.631 	6.989412
1.632 	6.466441
1.633 	7.453174
1.634 	8.959058
1.635 	9.954940
1.636 	10.390533
1.637 	10.541618
1.638 	10.674722
1.639 	11.000811
1.640 	11.377471
1.641 	11.568191
1.642 	11.671370
1.643 	11.647979
1.644 	12.214258
1.645 	13.314707
1.646 	13.243070
1.647 	11.505904
1.648 	9.924961
1.649 	9.495546
1.650 	9.683914
1.651 	10.081522
1.652 	10.494097
1.653 	10.147328
1.654 	9.410634
1.655 	9.673141
1.656 	10.504285
1.657 	10.903315
1.658 	11.266206
1.659 	11.930218
1.660 	12.329881
1.661 	12.395029
1.662 	12.513787
1.663 	12.276879
1.664 	11.850026
1.665 	11.672363
1.666 	11.527778
1.667 	11.511941
1.668 	11.530661
1.669 	11.606331
1.670 	11.742999
1.671 	11.317679
1.672 	10.568678
1.673 	10.556537
1.674 	11.328991
1.675 	12.285404
1.676 	12.990648
1.677 	13.226835
1.678 	13.230386
1.679 	13.339399
1.680 	13.277824
1.681 	12.479257
1.682 	11.544446
1.683 	11.612064
1.684 	12.599258
1.685 	13.484682
1.686 	13.348674
1.687 	12.397313
1.688 	11.697361
1.689 	11.592934
1.690 	12.325277
1.691 	13.702998
1.692 	14.612970
1.693 	14.384527
1.694 	13.540879
1.695 	12.451326
1.696 	11.530307
1.697 	11.571811
1.698 	12.325323
1.699 	12.710247
1.700 	12.647700
