0.660 	37.318825
0.661 	39.273045
0.662 	42.939343
0.663 	42.727270
0.664 	39.135603
0.665 	37.426369
0.666 	38.347513
0.667 	38.838411
0.668 	41.540415
0.669 	42.156732
0.670 	39.954727
0.671 	37.739434
0.672 	42.470543
0.673 	44.755910
0.674 	40.289243
0.675 	40.750513
0.676 	38.986081
0.677 	37.972084
0.678 	37.779459
0.679 	40.713167
0.680 	40.154938
0.681 	37.930367
0.682 	37.974891
0.683 	39.462167
0.684 	42.390004
0.685 	39.708957
0.686 	41.159305
0.687 	41.322338
0.688 	41.234516
0.689 	40.548739
0.690 	40.860134
0.691 	41.038575
0.692 	39.576190
0.693 	42.028166
0.694 	41.011477
0.695 	37.314389
0.696 	38.288227
0.697 	39.276723
0.698 	39.396025
0.699 	39.842117
0.700 	42.863845
0.701 	42.197870
0.702 	39.741251
0.703 	39.955568
0.704 	39.458779
0.705 	38.445039
0.706 	39.979444
0.707 	39.863898
0.708 	39.347767
0.709 	40.001359
0.710 	40.976155
0.711 	42.243827
0.712 	39.990879
0.713 	38.656511
0.714 	38.553541
0.715 	36.729560
0.716 	36.686593
0.717 	38.326223
0.718 	40.798593
0.719 	41.171655
0.720 	39.315917
0.721 	39.755639
0.722 	39.649387
0.723 	39.572204
0.724 	41.250372
0.725 	41.336656
0.726 	37.832562
0.727 	36.473232
0.728 	39.228983
0.729 	40.976010
0.730 	41.444397
0.731 	42.207982
0.732 	40.696008
0.733 	38.374406
0.734 	37.203354
0.735 	37.389978
0.736 	37.317250
0.737 	38.781601
0.738 	40.480557
0.739 	39.655558
0.740 	38.281698
0.741 	38.259406
0.742 	40.522944
0.743 	41.910567
0.744 	40.245862
0.745 	37.884874
0.746 	37.890222
0.747 	40.373317
0.748 	40.647868
0.749 	38.942006
0.750 	38.480913
0.751 	38.494482
0.752 	38.295606
0.753 	38.578463
0.754 	39.566261
0.755 	39.247236
0.756 	37.999756
0.757 	38.018126
0.758 	38.853933
0.759 	39.856771
0.760 	40.399026
0.761 	39.911159
0.762 	38.325633
0.763 	37.651811
0.764 	38.996622
0.765 	39.124309
0.766 	37.534070
0.767 	37.877320
0.768 	39.604219
0.769 	39.587234
0.770 	38.307656
0.771 	38.611954
0.772 	39.348444
0.773 	38.134788
0.774 	36.891945
0.775 	37.467770
0.776 	38.487411
0.777 	38.932127
0.778 	39.198096
0.779 	38.079294
0.780 	36.833755
0.781 	36.709697
0.782 	37.734611
0.783 	38.150930
0.784 	37.251648
0.785 	37.781105
0.786 	39.622916
0.787 	40.266870
0.788 	39.141278
0.789 	38.335324
0.790 	38.110174
0.791 	37.745568
0.792 	37.513873
0.793 	37.546462
0.794 	38.120953
0.795 	38.249969
0.796 	38.404722
0.797 	39.146005
0.798 	39.593127
0.799 	38.901490
0.800 	37.841245
0.801 	37.078095
0.802 	36.802421
0.803 	36.964713
0.804 	37.117957
0.805 	37.108388
0.806 	37.101474
0.807 	37.400666
0.808 	37.833529
0.809 	38.521680
0.810 	39.141826
0.811 	39.013985
0.812 	38.300387
0.813 	37.293129
0.814 	36.731752
0.815 	36.934274
0.816 	37.680538
0.817 	38.220594
0.818 	38.129955
0.819 	37.604625
0.820 	36.845218
0.821 	36.023483
0.822 	36.296298
0.823 	37.286883
0.824 	37.958710
0.825 	38.240860
0.826 	37.929270
0.827 	37.709948
0.828 	37.577002
0.829 	37.338316
0.830 	38.025913
0.831 	38.964326
0.832 	38.561344
0.833 	37.429493
0.834 	36.802606
0.835 	36.717265
0.836 	37.012869
0.837 	37.849206
0.838 	38.435013
0.839 	37.750211
0.840 	36.859065
0.841 	37.187854
0.842 	37.735255
0.843 	37.239375
0.844 	36.215900
0.845 	35.843533
0.846 	36.261406
0.847 	36.769197
0.848 	37.319269
0.849 	37.986914
0.850 	38.024969
0.851 	37.442127
0.852 	36.952877
0.853 	36.811278
0.854 	36.909025
0.855 	36.703462
0.856 	36.564493
0.857 	36.966305
0.858 	37.137177
0.859 	36.783126
0.860 	36.551605
0.861 	36.434521
0.862 	36.353734
0.863 	36.809267
0.864 	36.944545
0.865 	36.288972
0.866 	36.022993
0.867 	36.707894
0.868 	37.159510
0.869 	36.601144
0.870 	36.342984
0.871 	36.666678
0.872 	36.354162
0.873 	35.856607
0.874 	36.181010
0.875 	36.881879
0.876 	36.940212
0.877 	36.487226
0.878 	36.276108
0.879 	36.568340
0.880 	36.871970
0.881 	36.771446
0.882 	36.719417
0.883 	36.478432
0.884 	35.715830
0.885 	35.181237
0.886 	35.398463
0.887 	35.986785
0.888 	36.105965
0.889 	35.702038
0.890 	35.529634
0.891 	35.836573
0.892 	36.039867
0.893 	35.803119
0.894 	35.528706
0.895 	35.547995
0.896 	35.451379
0.897 	35.401380
0.898 	35.952790
0.899 	36.844345
0.900 	37.381885
0.901 	37.371018
0.902 	36.826833
0.903 	35.811913
0.904 	35.359596
0.905 	36.158901
0.906 	37.016703
0.907 	36.666903
0.908 	35.676740
0.909 	34.930411
0.910 	34.761557
0.911 	34.676839
0.912 	34.706174
0.913 	34.979780
0.914 	35.233528
0.915 	35.370480
0.916 	35.312417
0.917 	35.277521
0.918 	35.440976
0.919 	35.624820
0.920 	35.882532
0.921 	36.245644
0.922 	36.194766
0.923 	35.443236
0.924 	34.179601
0.925 	33.373600
0.926 	33.731385
0.927 	34.758011
0.928 	35.448122
0.929 	35.458240
0.930 	35.249311
0.931 	35.429024
0.932 	35.380356
0.933 	34.766820
0.934 	34.150157
0.935 	33.957129
0.936 	34.259332
0.937 	34.377710
0.938 	34.222176
0.939 	33.958906
0.940 	33.928240
0.941 	34.374594
0.942 	34.800357
0.943 	34.733292
0.944 	34.479675
0.945 	34.184352
0.946 	33.991862
0.947 	33.970940
0.948 	34.134648
0.949 	34.165026
0.950 	33.905050
0.951 	33.437398
0.952 	33.168281
0.953 	33.125908
0.954 	33.115820
0.955 	33.018436
0.956 	33.098992
0.957 	33.082090
0.958 	32.824011
0.959 	32.809284
0.960 	33.299426
0.961 	33.765744
0.962 	33.571970
0.963 	33.095247
0.964 	32.745638
0.965 	32.601840
0.966 	32.855025
0.967 	32.655127
0.968 	32.063773
0.969 	32.332398
0.970 	32.842254
0.971 	32.840308
0.972 	32.364595
0.973 	32.214118
0.974 	32.786914
0.975 	32.777073
0.976 	32.244667
0.977 	31.829412
0.978 	31.556479
0.979 	31.816979
0.980 	31.564357
0.981 	31.043012
0.982 	30.521727
0.983 	30.663053
0.984 	32.195693
0.985 	33.171305
0.986 	32.658819
0.987 	32.513959
0.988 	32.263906
0.989 	32.020773
0.990 	32.185869
0.991 	31.985027
0.992 	31.254109
0.993 	30.810324
0.994 	31.402452
0.995 	31.892851
0.996 	31.678855
0.997 	32.041087
0.998 	32.618164
0.999 	32.227658
1.000 	31.753591
1.001 	32.095293
1.002 	32.235926
1.003 	32.041402
1.004 	32.148367
1.005 	32.917943
1.006 	32.626269
1.007 	31.641536
1.008 	31.782558
1.009 	32.002105
1.010 	32.233302
1.011 	33.068431
1.012 	33.129298
1.013 	32.121168
1.014 	31.931396
1.015 	31.997725
1.016 	32.005575
1.017 	33.126791
1.018 	33.740255
1.019 	33.130015
1.020 	32.379525
1.021 	31.863456
1.022 	31.583627
1.023 	31.788442
1.024 	32.223171
1.025 	32.670492
1.026 	33.306972
1.027 	33.428239
1.028 	32.962790
1.029 	32.620460
1.030 	32.526041
1.031 	32.154883
1.032 	31.777927
1.033 	31.950997
1.034 	32.158925
1.035 	32.548148
1.036 	33.071359
1.037 	33.570059
1.038 	33.900221
1.039 	33.189369
1.040 	31.905479
1.041 	31.292690
1.042 	31.600333
1.043 	32.581284
1.044 	33.182326
1.045 	33.015425
1.046 	32.980105
1.047 	33.473063
1.048 	33.495193
1.049 	32.986048
1.050 	32.942066
1.051 	33.257179
1.052 	33.551927
1.053 	33.324059
1.054 	32.706206
1.055 	32.528152
1.056 	33.318635
1.057 	33.900643
1.058 	33.466090
1.059 	33.106504
1.060 	33.464872
1.061 	33.494330
1.062 	32.799595
1.063 	32.412790
1.064 	32.893470
1.065 	33.472807
1.066 	33.625726
1.067 	33.480842
1.068 	33.388696
1.069 	33.169590
1.070 	32.510254
1.071 	32.377670
1.072 	33.255053
1.073 	33.756019
1.074 	33.306968
1.075 	32.787572
1.076 	32.830182
1.077 	33.444225
1.078 	34.052934
1.079 	33.966975
1.080 	32.964088
1.081 	32.267892
1.082 	32.836268
1.083 	33.200004
1.084 	32.404622
1.085 	32.001449
1.086 	32.767595
1.087 	33.707504
1.088 	34.344281
1.089 	34.396847
1.090 	33.735973
1.091 	32.944773
1.092 	32.579237
1.093 	32.564826
1.094 	32.312851
1.095 	32.173433
1.096 	32.504792
1.097 	32.512420
1.098 	32.332091
1.099 	32.618697
1.100 	32.818844
1.101 	33.001135
1.102 	33.322115
1.103 	33.087206
1.104 	32.808868
1.105 	33.180389
1.106 	33.251324
1.107 	32.690111
1.108 	32.454240
1.109 	32.413529
1.110 	32.368877
1.111 	33.070776
1.112 	34.018684
1.113 	33.911273
1.114 	33.323491
1.115 	33.038950
1.116 	32.758456
1.117 	32.354929
1.118 	31.881002
1.119 	31.292090
1.120 	30.857713
1.121 	31.178672
1.122 	32.034131
1.123 	32.658550
1.124 	32.944220
1.125 	32.872936
1.126 	32.264126
1.127 	31.749186
1.128 	32.008238
1.129 	32.680009
1.130 	33.047675
1.131 	32.725531
1.132 	32.141610
1.133 	31.855778
1.134 	31.602780
1.135 	31.092180
1.136 	30.650687
1.137 	30.588799
1.138 	30.887910
1.139 	31.024043
1.140 	30.625069
1.141 	30.443351
1.142 	30.782967
1.143 	30.649843
1.144 	29.878197
1.145 	29.350891
1.146 	29.663788
1.147 	30.747736
1.148 	31.429059
1.149 	31.170623
1.150 	30.439860
1.151 	29.599325
1.152 	28.876679
1.153 	28.398547
1.154 	28.373035
1.155 	28.540300
1.156 	28.542041
1.157 	28.874430
1.158 	29.595417
1.159 	29.664288
1.160 	28.614001
1.161 	27.380932
1.162 	26.560858
1.163 	26.344438
1.164 	26.743845
1.165 	27.130165
1.166 	27.226470
1.167 	27.307733
1.168 	27.209181
1.169 	26.580862
1.170 	25.918423
1.171 	26.060722
1.172 	26.968595
1.173 	27.683214
1.174 	27.726074
1.175 	27.205507
1.176 	26.556563
1.177 	26.144242
1.178 	26.331634
1.179 	26.793406
1.180 	26.918573
1.181 	26.653996
1.182 	26.103368
1.183 	25.519210
1.184 	25.859076
1.185 	27.104341
1.186 	27.887944
1.187 	27.597300
1.188 	26.682783
1.189 	26.125116
1.190 	26.223880
1.191 	27.008260
1.192 	27.798371
1.193 	27.691154
1.194 	27.024687
1.195 	26.784430
1.196 	26.884907
1.197 	27.075752
1.198 	27.272919
1.199 	27.327284
1.200 	26.937034
1.201 	25.986735
1.202 	25.137210
1.203 	25.116238
1.204 	25.371715
1.205 	25.507321
1.206 	25.547005
1.207 	25.394093
1.208 	25.370265
1.209 	25.665924
1.210 	25.840240
1.211 	25.576920
1.212 	25.604090
1.213 	26.263972
1.214 	26.826888
1.215 	27.015149
1.216 	27.205089
1.217 	27.070613
1.218 	26.296931
1.219 	25.796667
1.220 	26.100850
1.221 	26.091058
1.222 	25.454563
1.223 	25.269410
1.224 	26.007862
1.225 	27.006910
1.226 	27.327380
1.227 	26.977555
1.228 	26.359789
1.229 	25.903481
1.230 	25.827542
1.231 	26.172909
1.232 	26.740501
1.233 	27.026652
1.234 	26.764318
1.235 	26.452303
1.236 	26.643738
1.237 	27.640200
1.238 	28.600592
1.239 	28.435209
1.240 	27.396183
1.241 	26.824743
1.242 	26.950478
1.243 	27.224764
1.244 	27.411176
1.245 	27.645322
1.246 	27.790058
1.247 	27.577642
1.248 	27.174532
1.249 	26.817123
1.250 	26.429007
1.251 	26.194276
1.252 	26.437591
1.253 	27.116925
1.254 	28.030600
1.255 	28.419781
1.256 	28.024501
1.257 	27.631799
1.258 	27.569061
1.259 	27.443804
1.260 	27.146002
1.261 	27.047578
1.262 	27.528218
1.263 	28.181600
1.264 	28.429266
1.265 	27.941437
1.266 	26.891142
1.267 	26.284698
1.268 	27.186418
1.269 	28.645155
1.270 	29.439411
1.271 	28.957283
1.272 	27.679828
1.273 	26.586769
1.274 	26.743236
1.275 	27.516372
1.276 	27.971334
1.277 	28.073864
1.278 	28.282431
1.279 	28.490755
1.280 	28.393210
1.281 	28.019348
1.282 	27.533734
1.283 	27.388010
1.284 	27.593542
1.285 	27.680856
1.286 	27.498029
1.287 	27.526313
1.288 	27.829076
1.289 	27.796925
1.290 	27.133476
1.291 	26.236909
1.292 	25.734398
1.293 	25.820161
1.294 	26.356243
1.295 	26.978048
1.296 	27.101960
1.297 	26.760742
1.298 	26.509928
1.299 	26.566835
1.300 	26.780292
1.301 	27.216855
1.302 	27.350719
1.303 	26.660109
1.304 	25.763945
1.305 	25.926261
1.306 	27.198307
1.307 	28.637751
1.308 	28.568071
1.309 	27.200879
1.310 	26.005295
1.311 	25.929933
1.312 	26.161657
1.313 	26.392000
1.314 	26.804742
1.315 	26.962396
1.316 	26.532791
1.317 	26.267640
1.318 	26.719857
1.319 	27.355628
1.320 	27.232655
1.321 	26.346171
1.322 	25.221651
1.323 	24.462520
1.324 	24.178875
1.325 	24.134344
1.326 	24.187254
1.327 	24.462571
1.328 	25.036158
1.329 	25.357200
1.330 	25.047143
1.331 	24.483334
1.332 	23.871986
1.333 	23.639185
1.334 	23.831836
1.335 	24.027115
1.336 	24.276744
1.337 	24.522416
1.338 	24.338689
1.339 	23.783276
1.340 	23.467539
1.341 	23.531363
1.342 	23.520428
1.343 	23.250464
1.344 	22.792710
1.345 	22.423997
1.346 	22.506846
1.347 	22.888156
1.348 	23.194777
1.349 	23.251560
1.350 	22.756103
1.351 	22.053049
1.352 	21.863621
1.353 	22.188360
1.354 	22.595319
1.355 	22.463531
1.356 	21.361626
1.357 	20.481345
1.358 	21.106344
1.359 	22.239663
1.360 	22.228900
1.361 	21.934426
1.362 	22.131698
1.363 	22.010119
1.364 	21.361064
1.365 	20.930235
1.366 	21.173334
1.367 	21.991090
1.368 	22.757112
1.369 	22.375727
1.370 	21.194638
1.371 	20.075977
1.372 	19.500117
1.373 	19.549340
1.374 	20.253713
1.375 	21.118235
1.376 	21.661127
1.377 	22.023601
1.378 	22.015221
1.379 	21.095887
1.380 	19.730000
1.381 	19.248279
1.382 	19.579046
1.383 	19.662041
1.384 	19.113499
1.385 	18.383907
1.386 	18.212522
1.387 	18.553472
1.388 	18.850546
1.389 	18.716517
1.390 	18.169851
1.391 	17.462974
1.392 	17.382801
1.393 	18.062786
1.394 	18.677286
1.395 	18.357652
1.396 	17.551914
1.397 	16.783772
1.398 	16.550026
1.399 	16.604313
1.400 	15.845329
1.401 	14.214076
1.402 	13.203283
1.403 	13.626052
1.404 	14.849815
1.405 	16.412852
1.406 	17.745846
1.407 	18.105861
1.408 	17.453363
1.409 	16.427570
1.410 	15.615393
1.411 	15.413632
1.412 	15.742561
1.413 	15.676276
1.414 	14.898687
1.415 	14.110504
1.416 	13.474206
1.417 	12.542704
1.418 	12.040303
1.419 	12.429932
1.420 	13.249612
1.421 	13.976442
1.422 	14.118973
1.423 	13.928593
1.424 	13.964565
1.425 	14.220609
1.426 	14.545099
1.427 	14.735096
1.428 	14.322070
1.429 	13.451343
1.430 	12.318881
1.431 	11.864502
1.432 	12.768838
1.433 	13.524079
1.434 	12.918297
1.435 	12.454444
1.436 	13.540675
1.437 	15.013767
1.438 	15.865415
1.439 	15.930490
1.440 	15.552337
1.441 	14.978272
1.442 	14.635251
1.443 	14.628344
1.444 	14.436265
1.445 	13.941528
1.446 	13.346730
1.447 	12.888567
1.448 	12.838055
1.449 	13.033298
1.450 	12.920757
1.451 	12.746638
1.452 	13.101148
1.453 	13.379115
1.454 	13.232438
1.455 	13.707198
1.456 	14.717080
1.457 	14.914662
1.458 	14.124995
1.459 	13.056458
1.460 	12.524996
1.461 	12.757014
1.462 	13.125856
1.463 	13.369773
1.464 	13.647091
1.465 	14.086442
1.466 	13.925172
1.467 	12.958004
1.468 	12.294267
1.469 	13.047536
1.470 	14.736622
1.471 	15.823347
1.472 	15.972593
1.473 	15.421232
1.474 	14.324295
1.475 	13.050508
1.476 	12.700585
1.477 	13.090390
1.478 	12.785715
1.479 	11.887360
1.480 	12.283537
1.481 	14.278118
1.482 	15.509344
1.483 	14.845321
1.484 	13.558328
1.485 	12.911085
1.486 	13.411279
1.487 	14.318698
1.488 	14.361156
1.489 	13.596627
1.490 	13.503487
1.491 	14.911961
1.492 	15.696716
1.493 	14.829111
1.494 	13.515469
1.495 	12.103256
1.496 	11.307505
1.497 	11.683353
1.498 	12.780587
1.499 	13.796141
1.500 	14.569568
1.501 	14.940543
1.502 	14.766984
1.503 	14.618179
1.504 	14.279672
1.505 	13.360446
1.506 	12.784216
1.507 	13.529315
1.508 	14.953176
1.509 	15.255535
1.510 	14.535213
1.511 	14.707836
1.512 	16.106488
1.513 	17.165480
1.514 	16.656676
1.515 	15.312605
1.516 	14.854115
1.517 	15.360369
1.518 	15.449784
1.519 	14.512248
1.520 	13.372976
1.521 	13.040481
1.522 	13.364309
1.523 	13.494839
1.524 	13.951948
1.525 	15.319572
1.526 	15.672037
1.527 	14.059563
1.528 	12.430342
1.529 	12.513583
1.530 	14.076444
1.531 	16.374796
1.532 	17.497855
1.533 	16.350993
1.534 	14.583336
1.535 	13.536377
1.536 	13.782760
1.537 	15.580898
1.538 	17.573437
1.539 	18.199089
1.540 	16.700173
1.541 	14.938786
1.542 	14.787983
1.543 	15.195784
1.544 	15.031259
1.545 	14.616454
1.546 	15.330331
1.547 	16.250314
1.548 	15.908485
1.549 	15.286172
1.550 	16.165893
1.551 	17.346188
1.552 	16.928712
1.553 	14.752469
1.554 	12.918499
1.555 	13.511487
1.556 	15.905006
1.557 	17.282434
1.558 	15.780961
1.559 	14.056157
1.560 	13.616810
1.561 	12.780290
1.562 	12.696334
1.563 	14.445014
1.564 	16.361190
1.565 	16.391824
1.566 	15.330006
1.567 	15.531292
1.568 	16.099846
1.569 	16.004150
1.570 	15.395076
1.571 	15.291712
1.572 	16.243180
1.573 	16.455038
1.574 	15.179536
1.575 	14.801589
1.576 	15.919873
1.577 	17.159715
1.578 	17.844600
1.579 	17.904446
1.580 	16.775896
1.581 	15.117866
1.582 	15.675739
1.583 	17.918002
1.584 	18.261613
1.585 	16.465232
1.586 	16.335378
1.587 	17.240930
1.588 	16.964997
1.589 	16.281372
1.590 	15.936558
1.591 	15.299694
1.592 	14.491005
1.593 	15.490026
1.594 	17.341621
1.595 	17.475684
1.596 	16.309733
1.597 	16.047549
1.598 	16.980681
1.599 	17.024501
1.600 	16.986994
1.601 	18.009175
1.602 	18.340738
1.603 	17.950721
1.604 	17.398150
1.605 	17.400363
1.606 	18.268008
1.607 	18.542786
1.608 	17.442352
1.609 	15.940473
1.610 	15.673717
1.611 	16.888720
1.612 	16.375753
1.613 	15.294041
1.614 	15.250420
1.615 	16.519012
1.616 	18.784287
1.617 	19.854413
1.618 	20.384746
1.619 	18.627025
1.620 	15.053689
1.621 	13.388042
1.622 	13.966507
1.623 	15.806191
1.624 	17.348717
1.625 	17.862756
1.626 	18.043976
1.627 	17.910584
1.628 	17.220184
1.629 	17.457687
1.630 	19.070328
1.631 	20.383079
1.632 	19.288462
1.633 	17.992915
1.634 	18.689646
1.635 	18.017449
1.636 	16.914900
1.637 	18.637885
1.638 	20.048898
1.639 	18.592763
1.640 	17.075157
1.641 	17.187869
1.642 	18.001905
1.643 	19.960845
1.644 	20.534548
1.645 	18.148709
1.646 	16.053640
1.647 	16.477335
1.648 	16.689287
1.649 	15.607864
1.650 	18.806329
1.651 	21.515518
1.652 	19.490054
1.653 	15.775480
1.654 	15.108174
1.655 	19.254281
1.656 	19.896112
1.657 	19.698994
1.658 	20.620013
1.659 	19.176110
1.660 	15.732230
1.661 	15.160299
1.662 	18.721153
1.663 	19.551575
1.664 	17.845017
1.665 	18.562478
1.666 	18.841328
1.667 	17.347777
1.668 	19.108771
1.669 	20.407270
1.670 	18.856193
1.671 	19.681062
1.672 	21.732808
1.673 	21.919025
1.674 	21.759538
1.675 	17.673919
1.676 	15.092651
1.677 	14.719807
1.678 	13.759189
1.679 	16.715722
1.680 	16.619386
1.681 	14.421712
1.682 	16.488393
1.683 	18.792471
1.684 	16.620245
1.685 	17.015003
1.686 	21.897797
1.687 	20.003068
1.688 	19.957101
1.689 	22.434439
1.690 	19.533805
1.691 	15.431992
1.692 	20.654899
1.693 	25.451696
1.694 	28.813375
1.695 	25.952588
1.696 	15.653750
1.697 	10.068293
1.698 	13.962908
1.699 	20.859347
1.700 	25.521566
