0.660 	30.330645
0.661 	24.750448
0.662 	29.731873
0.663 	34.693421
0.664 	31.109862
0.665 	24.144054
0.666 	21.107232
0.667 	27.894990
0.668 	34.447643
0.669 	31.878744
0.670 	29.002138
0.671 	31.220362
0.672 	29.075900
0.673 	31.330080
0.674 	28.135549
0.675 	26.195126
0.676 	29.030385
0.677 	30.557845
0.678 	27.469255
0.679 	28.908565
0.680 	29.156213
0.681 	28.616230
0.682 	28.462331
0.683 	28.978924
0.684 	30.261890
0.685 	29.541299
0.686 	29.738900
0.687 	27.515744
0.688 	30.061326
0.689 	30.590498
0.690 	29.641039
0.691 	31.420872
0.692 	28.781203
0.693 	29.494540
0.694 	32.270778
0.695 	28.292151
0.696 	28.611713
0.697 	29.761204
0.698 	30.006881
0.699 	29.103668
0.700 	27.389886
0.701 	26.645630
0.702 	27.803261
0.703 	31.861408
0.704 	31.872040
0.705 	29.765889
0.706 	29.672333
0.707 	30.164995
0.708 	28.912834
0.709 	26.892931
0.710 	27.483331
0.711 	31.420221
0.712 	29.841449
0.713 	28.205268
0.714 	30.694542
0.715 	31.564538
0.716 	29.518881
0.717 	28.176216
0.718 	29.524978
0.719 	30.079784
0.720 	30.423674
0.721 	30.166190
0.722 	29.165941
0.723 	30.060657
0.724 	31.232602
0.725 	29.570628
0.726 	27.380818
0.727 	27.271265
0.728 	29.345045
0.729 	30.119809
0.730 	29.010768
0.731 	28.747110
0.732 	29.753289
0.733 	30.541269
0.734 	29.842883
0.735 	28.403057
0.736 	27.547261
0.737 	29.669201
0.738 	30.615428
0.739 	29.082177
0.740 	27.981860
0.741 	28.446494
0.742 	29.936081
0.743 	31.467322
0.744 	31.295922
0.745 	30.137096
0.746 	29.860226
0.747 	29.912766
0.748 	28.731769
0.749 	27.469618
0.750 	28.373444
0.751 	29.874872
0.752 	29.331704
0.753 	28.478727
0.754 	29.315014
0.755 	29.034966
0.756 	28.496987
0.757 	29.115174
0.758 	29.644019
0.759 	29.661044
0.760 	29.859288
0.761 	29.865462
0.762 	28.940844
0.763 	27.910000
0.764 	27.728120
0.765 	28.581297
0.766 	29.388419
0.767 	29.786919
0.768 	30.349744
0.769 	29.609331
0.770 	28.711685
0.771 	29.188026
0.772 	29.430386
0.773 	28.539361
0.774 	27.909860
0.775 	27.907454
0.776 	27.488367
0.777 	26.916565
0.778 	27.639709
0.779 	28.892142
0.780 	29.676444
0.781 	29.832717
0.782 	30.141946
0.783 	29.769998
0.784 	28.832037
0.785 	28.550562
0.786 	28.735795
0.787 	28.500875
0.788 	27.501135
0.789 	27.649187
0.790 	29.190360
0.791 	29.904709
0.792 	29.885319
0.793 	29.440261
0.794 	28.827602
0.795 	28.405056
0.796 	28.507996
0.797 	29.387875
0.798 	30.160584
0.799 	29.547235
0.800 	28.325451
0.801 	28.106277
0.802 	28.645904
0.803 	28.764764
0.804 	28.453220
0.805 	28.029732
0.806 	27.715506
0.807 	28.339763
0.808 	29.412334
0.809 	29.712077
0.810 	29.289536
0.811 	28.975437
0.812 	28.321712
0.813 	27.757308
0.814 	28.270118
0.815 	28.955782
0.816 	28.944043
0.817 	28.308243
0.818 	28.345513
0.819 	28.997891
0.820 	28.311046
0.821 	26.657931
0.822 	26.233925
0.823 	26.842603
0.824 	27.673307
0.825 	28.323399
0.826 	28.567088
0.827 	28.404896
0.828 	27.571213
0.829 	27.461521
0.830 	29.154694
0.831 	30.234745
0.832 	29.244530
0.833 	28.050423
0.834 	27.611287
0.835 	27.328809
0.836 	27.462753
0.837 	28.374262
0.838 	28.768256
0.839 	27.741883
0.840 	27.196508
0.841 	28.373342
0.842 	29.385124
0.843 	28.675982
0.844 	27.233095
0.845 	26.422747
0.846 	26.556244
0.847 	27.334916
0.848 	28.284913
0.849 	29.214946
0.850 	29.467003
0.851 	29.103171
0.852 	28.790630
0.853 	28.388422
0.854 	27.711382
0.855 	27.154582
0.856 	27.298996
0.857 	27.906751
0.858 	28.156707
0.859 	28.009143
0.860 	28.090281
0.861 	28.190815
0.862 	27.922880
0.863 	28.174315
0.864 	28.560575
0.865 	27.894150
0.866 	26.852789
0.867 	26.722216
0.868 	27.038569
0.869 	26.658079
0.870 	26.282909
0.871 	26.659865
0.872 	27.270413
0.873 	27.781153
0.874 	28.046263
0.875 	27.735318
0.876 	27.310148
0.877 	27.130733
0.878 	27.351721
0.879 	27.897051
0.880 	28.029808
0.881 	27.895554
0.882 	28.127559
0.883 	28.093953
0.884 	27.409824
0.885 	26.545377
0.886 	26.238425
0.887 	26.823600
0.888 	27.581116
0.889 	27.603463
0.890 	27.334730
0.891 	27.653781
0.892 	28.210830
0.893 	28.015649
0.894 	27.254828
0.895 	26.662288
0.896 	26.545958
0.897 	26.888443
0.898 	27.084799
0.899 	26.742666
0.900 	26.728915
0.901 	27.306895
0.902 	27.724808
0.903 	27.363549
0.904 	26.900572
0.905 	27.299466
0.906 	27.899741
0.907 	27.773956
0.908 	27.261022
0.909 	26.779492
0.910 	26.178886
0.911 	25.725918
0.912 	26.121817
0.913 	26.996790
0.914 	27.378779
0.915 	27.396674
0.916 	27.257053
0.917 	27.008927
0.918 	26.839222
0.919 	26.779529
0.920 	26.928336
0.921 	26.996457
0.922 	26.440922
0.923 	25.926317
0.924 	25.949318
0.925 	26.277641
0.926 	26.643380
0.927 	26.998155
0.928 	26.904915
0.929 	26.485858
0.930 	26.344037
0.931 	26.929818
0.932 	27.424753
0.933 	27.269134
0.934 	26.394682
0.935 	25.571476
0.936 	25.203256
0.937 	25.541908
0.938 	26.194023
0.939 	26.254077
0.940 	26.175758
0.941 	26.039054
0.942 	26.123067
0.943 	26.599365
0.944 	26.610125
0.945 	26.305571
0.946 	26.181823
0.947 	25.774725
0.948 	25.738178
0.949 	25.959844
0.950 	25.822447
0.951 	26.076963
0.952 	25.771812
0.953 	25.464974
0.954 	26.243205
0.955 	26.222154
0.956 	25.634048
0.957 	25.640264
0.958 	25.394051
0.959 	25.306407
0.960 	25.818324
0.961 	26.060858
0.962 	26.373935
0.963 	26.591104
0.964 	25.189066
0.965 	24.306655
0.966 	24.936767
0.967 	24.608631
0.968 	24.220041
0.969 	25.332120
0.970 	25.587885
0.971 	25.490376
0.972 	25.328620
0.973 	24.701103
0.974 	25.398398
0.975 	26.720385
0.976 	25.706149
0.977 	24.007658
0.978 	24.239111
0.979 	24.646192
0.980 	24.411624
0.981 	24.824075
0.982 	24.370898
0.983 	23.454146
0.984 	24.706570
0.985 	25.482754
0.986 	24.015476
0.987 	24.003445
0.988 	25.528578
0.989 	25.823986
0.990 	26.088470
0.991 	26.137905
0.992 	24.713085
0.993 	23.463268
0.994 	24.138971
0.995 	24.661975
0.996 	23.938415
0.997 	24.543123
0.998 	25.789114
0.999 	25.202813
1.000 	24.347077
1.001 	25.050106
1.002 	24.460409
1.003 	23.492178
1.004 	25.153845
1.005 	26.364950
1.006 	24.930759
1.007 	24.064783
1.008 	25.048836
1.009 	24.665380
1.010 	24.426180
1.011 	25.684245
1.012 	25.754441
1.013 	24.231980
1.014 	24.250352
1.015 	25.363817
1.016 	25.402443
1.017 	25.162452
1.018 	25.291338
1.019 	24.626763
1.020 	23.790818
1.021 	23.914801
1.022 	24.360807
1.023 	23.839288
1.024 	23.331824
1.025 	24.340225
1.026 	25.691249
1.027 	25.053696
1.028 	24.293230
1.029 	25.442355
1.030 	25.679548
1.031 	24.202232
1.032 	24.019053
1.033 	24.904991
1.034 	24.734956
1.035 	24.539325
1.036 	25.834832
1.037 	26.563660
1.038 	25.151083
1.039 	24.475382
1.040 	25.541836
1.041 	24.852153
1.042 	23.312910
1.043 	24.226778
1.044 	25.748362
1.045 	25.600098
1.046 	25.662414
1.047 	26.558156
1.048 	26.282755
1.049 	24.140383
1.050 	22.920492
1.051 	24.348732
1.052 	25.359553
1.053 	24.497674
1.054 	24.328077
1.055 	25.319276
1.056 	25.866045
1.057 	25.804494
1.058 	25.922571
1.059 	25.587748
1.060 	24.297269
1.061 	23.757420
1.062 	24.591928
1.063 	25.485650
1.064 	25.479281
1.065 	25.007241
1.066 	25.388926
1.067 	25.786818
1.068 	24.918654
1.069 	24.431971
1.070 	25.352258
1.071 	26.034432
1.072 	25.868130
1.073 	25.623759
1.074 	26.044029
1.075 	26.302879
1.076 	25.175515
1.077 	24.376812
1.078 	25.329958
1.079 	26.219992
1.080 	25.312155
1.081 	24.457979
1.082 	25.492620
1.083 	25.855206
1.084 	23.963620
1.085 	23.329990
1.086 	25.180659
1.087 	26.459435
1.088 	26.129615
1.089 	25.602637
1.090 	25.497416
1.091 	25.018316
1.092 	24.136724
1.093 	24.220117
1.094 	25.509156
1.095 	26.211523
1.096 	24.876194
1.097 	23.518299
1.098 	24.382726
1.099 	25.701719
1.100 	25.194922
1.101 	24.212622
1.102 	24.975129
1.103 	25.925243
1.104 	25.122999
1.105 	24.145635
1.106 	24.710002
1.107 	25.440680
1.108 	24.330702
1.109 	22.622935
1.110 	23.086461
1.111 	25.043782
1.112 	25.768500
1.113 	25.286225
1.114 	25.481365
1.115 	25.954772
1.116 	25.189346
1.117 	23.836062
1.118 	23.567724
1.119 	24.391153
1.120 	24.855677
1.121 	24.639581
1.122 	24.462845
1.123 	24.935985
1.124 	25.427854
1.125 	24.820519
1.126 	24.113601
1.127 	24.528804
1.128 	24.769760
1.129 	24.074146
1.130 	23.567907
1.131 	24.212926
1.132 	25.270647
1.133 	24.943636
1.134 	23.509897
1.135 	23.218893
1.136 	24.040107
1.137 	24.321946
1.138 	23.856533
1.139 	23.623334
1.140 	23.935219
1.141 	24.054432
1.142 	23.567196
1.143 	23.036366
1.144 	22.986957
1.145 	22.968481
1.146 	22.354021
1.147 	21.879607
1.148 	22.479781
1.149 	23.537628
1.150 	23.731622
1.151 	22.963962
1.152 	22.477681
1.153 	22.763247
1.154 	22.750842
1.155 	21.995580
1.156 	21.489536
1.157 	22.089700
1.158 	22.894654
1.159 	22.661170
1.160 	21.667040
1.161 	21.188776
1.162 	21.272666
1.163 	21.085864
1.164 	20.862414
1.165 	21.510845
1.166 	22.588192
1.167 	22.663427
1.168 	21.586099
1.169 	20.735713
1.170 	20.858697
1.171 	21.078799
1.172 	21.089600
1.173 	21.128749
1.174 	21.318501
1.175 	21.380202
1.176 	20.829500
1.177 	20.212662
1.178 	20.701642
1.179 	21.897878
1.180 	22.326983
1.181 	21.359219
1.182 	20.367473
1.183 	20.694239
1.184 	21.443376
1.185 	21.683319
1.186 	21.573942
1.187 	21.972955
1.188 	22.861248
1.189 	23.102435
1.190 	21.987899
1.191 	20.508213
1.192 	20.192914
1.193 	20.393021
1.194 	19.966850
1.195 	19.435307
1.196 	19.799621
1.197 	21.273676
1.198 	22.266550
1.199 	21.833373
1.200 	20.918664
1.201 	20.642399
1.202 	20.584456
1.203 	20.072168
1.204 	19.795333
1.205 	20.562815
1.206 	21.167282
1.207 	20.557065
1.208 	19.663435
1.209 	19.970763
1.210 	21.057120
1.211 	21.541210
1.212 	21.218945
1.213 	20.918938
1.214 	21.453710
1.215 	22.005806
1.216 	21.705871
1.217 	20.592829
1.218 	19.680611
1.219 	19.736342
1.220 	20.154669
1.221 	20.034274
1.222 	19.695308
1.223 	20.052597
1.224 	20.670892
1.225 	20.352096
1.226 	19.310645
1.227 	19.264251
1.228 	20.787929
1.229 	21.789559
1.230 	21.273507
1.231 	20.759203
1.232 	21.381754
1.233 	22.003742
1.234 	21.557483
1.235 	20.630598
1.236 	20.615987
1.237 	22.014859
1.238 	23.158966
1.239 	22.840176
1.240 	21.975585
1.241 	21.818656
1.242 	22.021021
1.243 	21.636428
1.244 	20.908897
1.245 	21.091632
1.246 	22.398767
1.247 	22.895809
1.248 	21.571513
1.249 	19.813912
1.250 	20.078165
1.251 	21.925967
1.252 	22.643252
1.253 	21.782642
1.254 	21.279442
1.255 	21.970383
1.256 	22.449933
1.257 	21.993990
1.258 	21.680914
1.259 	22.285302
1.260 	22.842237
1.261 	22.547510
1.262 	21.780787
1.263 	21.353052
1.264 	21.679032
1.265 	21.842316
1.266 	21.146914
1.267 	20.688225
1.268 	21.781221
1.269 	23.238772
1.270 	23.140474
1.271 	21.101165
1.272 	19.562481
1.273 	20.103208
1.274 	21.712372
1.275 	22.194882
1.276 	21.355685
1.277 	21.033454
1.278 	21.899315
1.279 	22.662567
1.280 	22.334437
1.281 	21.932507
1.282 	22.370491
1.283 	23.181438
1.284 	22.982936
1.285 	21.754080
1.286 	21.062584
1.287 	21.684230
1.288 	22.368070
1.289 	21.576372
1.290 	20.440203
1.291 	20.498163
1.292 	21.814242
1.293 	22.600942
1.294 	22.062996
1.295 	21.309382
1.296 	21.304764
1.297 	21.180002
1.298 	20.524908
1.299 	20.239400
1.300 	20.856270
1.301 	22.229542
1.302 	23.114548
1.303 	22.545340
1.304 	21.408840
1.305 	21.515817
1.306 	22.392276
1.307 	22.680387
1.308 	21.873837
1.309 	21.196887
1.310 	21.270040
1.311 	21.044921
1.312 	20.161584
1.313 	19.907899
1.314 	21.519681
1.315 	23.317246
1.316 	23.371812
1.317 	21.707721
1.318 	20.787457
1.319 	21.231020
1.320 	21.479908
1.321 	20.206212
1.322 	18.457195
1.323 	19.100816
1.324 	21.399731
1.325 	22.343678
1.326 	21.007514
1.327 	19.817779
1.328 	19.897338
1.329 	20.363108
1.330 	20.079142
1.331 	19.053864
1.332 	18.344287
1.333 	19.055814
1.334 	20.280785
1.335 	20.386568
1.336 	19.631663
1.337 	19.503107
1.338 	19.853777
1.339 	19.484494
1.340 	19.097106
1.341 	19.667567
1.342 	20.486369
1.343 	20.305745
1.344 	18.864194
1.345 	17.429138
1.346 	17.293467
1.347 	18.098872
1.348 	18.185148
1.349 	17.455201
1.350 	17.231506
1.351 	17.949256
1.352 	18.567957
1.353 	18.441082
1.354 	18.316690
1.355 	19.252014
1.356 	20.327864
1.357 	19.943983
1.358 	19.022162
1.359 	19.175091
1.360 	19.737170
1.361 	18.788771
1.362 	16.698224
1.363 	15.846108
1.364 	16.857860
1.365 	18.351603
1.366 	18.532327
1.367 	17.913500
1.368 	17.934050
1.369 	18.506708
1.370 	18.003625
1.371 	16.372524
1.372 	15.469914
1.373 	16.124463
1.374 	17.438001
1.375 	17.820377
1.376 	17.183336
1.377 	16.940308
1.378 	17.579267
1.379 	17.454777
1.380 	16.153790
1.381 	15.448081
1.382 	16.230021
1.383 	17.301959
1.384 	16.712358
1.385 	14.956656
1.386 	14.309370
1.387 	15.164012
1.388 	16.377600
1.389 	16.812787
1.390 	16.455343
1.391 	15.589271
1.392 	14.302242
1.393 	13.386261
1.394 	13.578476
1.395 	15.065825
1.396 	16.983114
1.397 	17.248800
1.398 	14.718787
1.399 	12.080963
1.400 	11.480667
1.401 	11.905509
1.402 	11.775072
1.403 	11.102006
1.404 	11.407129
1.405 	12.884141
1.406 	13.436481
1.407 	12.326097
1.408 	11.219478
1.409 	11.800315
1.410 	12.338569
1.411 	11.702826
1.412 	10.762710
1.413 	10.821980
1.414 	12.023420
1.415 	12.189630
1.416 	9.925276
1.417 	7.732546
1.418 	8.386687
1.419 	9.896425
1.420 	9.422969
1.421 	8.768127
1.422 	9.963059
1.423 	12.022349
1.424 	12.758742
1.425 	11.362805
1.426 	10.397973
1.427 	11.271339
1.428 	11.647034
1.429 	9.807055
1.430 	7.462767
1.431 	7.832567
1.432 	9.944197
1.433 	9.691981
1.434 	7.650762
1.435 	7.608205
1.436 	10.305084
1.437 	11.894160
1.438 	11.166119
1.439 	10.198124
1.440 	10.231110
1.441 	10.406163
1.442 	9.393921
1.443 	8.004756
1.444 	8.124064
1.445 	9.004997
1.446 	8.927939
1.447 	8.433606
1.448 	9.485658
1.449 	11.780161
1.450 	12.244084
1.451 	9.857662
1.452 	8.358086
1.453 	9.290524
1.454 	9.993352
1.455 	8.734853
1.456 	7.444275
1.457 	8.494737
1.458 	10.325734
1.459 	9.805946
1.460 	8.494242
1.461 	9.813757
1.462 	12.068199
1.463 	11.340749
1.464 	7.567608
1.465 	5.562747
1.466 	7.690792
1.467 	9.336581
1.468 	9.066549
1.469 	9.917035
1.470 	11.884614
1.471 	11.657597
1.472 	9.307624
1.473 	7.955407
1.474 	9.312441
1.475 	11.277676
1.476 	10.384459
1.477 	8.235183
1.478 	8.396885
1.479 	9.756936
1.480 	9.598634
1.481 	8.559327
1.482 	9.036907
1.483 	10.551924
1.484 	10.182452
1.485 	8.486035
1.486 	8.853624
1.487 	11.486602
1.488 	12.995663
1.489 	11.468059
1.490 	10.128730
1.491 	11.513956
1.492 	12.241436
1.493 	9.974935
1.494 	7.413931
1.495 	7.332785
1.496 	8.961769
1.497 	9.338093
1.498 	8.802572
1.499 	10.843915
1.500 	13.758048
1.501 	12.623581
1.502 	9.256722
1.503 	8.652783
1.504 	9.806350
1.505 	9.840308
1.506 	9.274641
1.507 	10.270853
1.508 	12.723007
1.509 	13.128363
1.510 	10.877935
1.511 	10.633009
1.512 	12.892819
1.513 	13.063282
1.514 	9.977229
1.515 	8.038400
1.516 	10.182486
1.517 	12.398098
1.518 	11.851276
1.519 	11.237992
1.520 	11.817553
1.521 	11.313839
1.522 	9.377585
1.523 	9.185470
1.524 	11.878650
1.525 	13.836762
1.526 	11.959413
1.527 	9.188151
1.528 	9.422417
1.529 	10.687177
1.530 	10.439456
1.531 	10.488448
1.532 	12.147967
1.533 	12.793579
1.534 	10.532947
1.535 	8.862141
1.536 	10.874570
1.537 	13.065765
1.538 	12.549840
1.539 	12.340480
1.540 	14.018259
1.541 	14.764185
1.542 	13.006737
1.543 	11.760871
1.544 	12.845202
1.545 	13.186147
1.546 	12.788671
1.547 	13.339612
1.548 	13.636837
1.549 	12.453364
1.550 	11.616591
1.551 	12.461946
1.552 	12.348090
1.553 	10.221577
1.554 	9.090267
1.555 	11.536165
1.556 	15.219012
1.557 	16.373650
1.558 	15.025900
1.559 	14.245415
1.560 	12.891840
1.561 	9.430254
1.562 	7.890492
1.563 	10.951101
1.564 	14.023304
1.565 	13.637291
1.566 	12.876719
1.567 	13.919082
1.568 	13.888007
1.569 	12.418208
1.570 	12.315850
1.571 	13.936647
1.572 	13.883328
1.573 	12.319885
1.574 	12.966182
1.575 	15.346585
1.576 	14.896073
1.577 	12.712480
1.578 	13.993649
1.579 	15.192116
1.580 	11.058224
1.581 	9.577437
1.582 	13.927480
1.583 	15.350443
1.584 	13.407713
1.585 	13.074073
1.586 	14.575065
1.587 	13.661470
1.588 	11.920880
1.589 	13.451101
1.590 	14.373022
1.591 	12.234192
1.592 	12.224548
1.593 	15.831049
1.594 	17.008979
1.595 	14.667990
1.596 	14.468139
1.597 	15.914415
1.598 	14.669430
1.599 	13.552578
1.600 	15.750281
1.601 	16.019952
1.602 	14.127656
1.603 	14.689303
1.604 	15.462254
1.605 	12.076035
1.606 	11.297048
1.607 	17.070968
1.608 	19.172884
1.609 	15.656620
1.610 	14.913347
1.611 	17.795902
1.612 	15.135887
1.613 	12.160502
1.614 	14.417531
1.615 	16.383530
1.616 	14.816404
1.617 	15.514080
1.618 	18.413705
1.619 	15.587531
1.620 	9.790883
1.621 	9.835478
1.622 	11.812493
1.623 	13.404013
1.624 	15.502480
1.625 	16.421344
1.626 	15.153038
1.627 	15.331145
1.628 	17.841866
1.629 	17.027064
1.630 	15.545194
1.631 	17.292761
1.632 	16.055609
1.633 	11.543910
1.634 	11.955782
1.635 	15.111844
1.636 	13.304361
1.637 	14.161815
1.638 	16.180297
1.639 	14.485546
1.640 	16.317159
1.641 	21.201184
1.642 	18.041426
1.643 	13.091161
1.644 	13.896638
1.645 	14.149534
1.646 	11.647948
1.647 	12.348955
1.648 	15.564586
1.649 	16.312357
1.650 	20.629055
1.651 	21.944480
1.652 	13.572670
1.653 	12.100243
1.654 	17.453202
1.655 	17.383496
1.656 	16.178244
1.657 	17.924073
1.658 	16.467669
1.659 	17.221049
1.660 	17.653209
1.661 	12.505015
1.662 	14.570370
1.663 	20.514259
1.664 	17.336968
1.665 	15.208581
1.666 	16.881546
1.667 	13.904563
1.668 	11.939609
1.669 	15.599442
1.670 	14.214824
1.671 	15.618582
1.672 	20.941093
1.673 	17.844523
1.674 	16.045883
1.675 	17.006411
1.676 	8.544924
1.677 	9.625220
1.678 	17.374236
1.679 	16.202971
1.680 	15.472601
1.681 	15.761009
1.682 	12.680466
1.683 	18.025016
1.684 	21.758101
1.685 	14.482088
1.686 	17.880356
1.687 	19.719950
1.688 	15.613626
1.689 	23.014320
1.690 	16.799614
1.691 	14.456796
1.692 	23.509966
1.693 	19.076633
1.694 	26.837466
1.695 	19.139045
1.696 	2.729333
1.697 	10.322927
1.698 	15.134021
1.699 	19.062023
1.700 	29.210804
