0.660 	33.844508
0.661 	32.980855
0.662 	33.854454
0.663 	34.642700
0.664 	31.350416
0.665 	30.132682
0.666 	32.463032
0.667 	34.922376
0.668 	40.841310
0.669 	33.362708
0.670 	25.937679
0.671 	30.858395
0.672 	34.021165
0.673 	33.610889
0.674 	32.837142
0.675 	34.964155
0.676 	34.781242
0.677 	35.570915
0.678 	32.768459
0.679 	34.343645
0.680 	33.755194
0.681 	32.947745
0.682 	35.028201
0.683 	34.531821
0.684 	35.365089
0.685 	31.614322
0.686 	34.572699
0.687 	34.409271
0.688 	33.496914
0.689 	31.303984
0.690 	31.101173
0.691 	35.377941
0.692 	35.435026
0.693 	33.234036
0.694 	32.380440
0.695 	35.002074
0.696 	35.641438
0.697 	35.482405
0.698 	35.511080
0.699 	32.614924
0.700 	33.201724
0.701 	32.868958
0.702 	31.875032
0.703 	33.202666
0.704 	33.796743
0.705 	33.612309
0.706 	33.958077
0.707 	35.882708
0.708 	32.841820
0.709 	32.180543
0.710 	35.271680
0.711 	36.859605
0.712 	34.773965
0.713 	35.749403
0.714 	35.404595
0.715 	32.744897
0.716 	31.716755
0.717 	33.325667
0.718 	34.584785
0.719 	34.471003
0.720 	33.742931
0.721 	33.658706
0.722 	33.486834
0.723 	32.872430
0.724 	34.591950
0.725 	35.543825
0.726 	34.702085
0.727 	33.302416
0.728 	33.901926
0.729 	35.457292
0.730 	34.480589
0.731 	35.075761
0.732 	35.259371
0.733 	33.712472
0.734 	34.051634
0.735 	35.596101
0.736 	34.075487
0.737 	32.376478
0.738 	32.289051
0.739 	32.338143
0.740 	32.244793
0.741 	32.364891
0.742 	33.003907
0.743 	33.638845
0.744 	34.288860
0.745 	33.738164
0.746 	33.347725
0.747 	35.156463
0.748 	35.274892
0.749 	32.901455
0.750 	32.270721
0.751 	32.559129
0.752 	33.042949
0.753 	32.876886
0.754 	32.069124
0.755 	32.423328
0.756 	33.453718
0.757 	34.003653
0.758 	33.250370
0.759 	34.242467
0.760 	35.564031
0.761 	34.900900
0.762 	33.435910
0.763 	31.833505
0.764 	31.814683
0.765 	33.101854
0.766 	33.326040
0.767 	33.195777
0.768 	33.143730
0.769 	31.875167
0.770 	30.377875
0.771 	30.622809
0.772 	32.029078
0.773 	31.780124
0.774 	30.943627
0.775 	31.802561
0.776 	33.664133
0.777 	34.527073
0.778 	34.463373
0.779 	33.382592
0.780 	32.403223
0.781 	32.189364
0.782 	32.757704
0.783 	32.822681
0.784 	32.482315
0.785 	33.163250
0.786 	33.743644
0.787 	33.129171
0.788 	32.445971
0.789 	33.148560
0.790 	33.380150
0.791 	32.391161
0.792 	31.791621
0.793 	31.701025
0.794 	32.236755
0.795 	32.996654
0.796 	33.084037
0.797 	32.745975
0.798 	32.651379
0.799 	32.475250
0.800 	32.293585
0.801 	32.962826
0.802 	33.425774
0.803 	32.266586
0.804 	31.016417
0.805 	30.828522
0.806 	31.307997
0.807 	32.666238
0.808 	33.633356
0.809 	33.375352
0.810 	33.087116
0.811 	33.084989
0.812 	32.679837
0.813 	32.192985
0.814 	32.175564
0.815 	32.212010
0.816 	32.259561
0.817 	32.517976
0.818 	33.033642
0.819 	33.012969
0.820 	31.953389
0.821 	30.443593
0.822 	29.726029
0.823 	30.253379
0.824 	31.183358
0.825 	31.853732
0.826 	32.634152
0.827 	33.168732
0.828 	32.843825
0.829 	31.952811
0.830 	31.431576
0.831 	31.651288
0.832 	32.188233
0.833 	32.519751
0.834 	32.431580
0.835 	31.929333
0.836 	31.588967
0.837 	31.695647
0.838 	31.889388
0.839 	31.828907
0.840 	31.620955
0.841 	31.721226
0.842 	31.806586
0.843 	31.690597
0.844 	31.453374
0.845 	31.166797
0.846 	30.875597
0.847 	30.785599
0.848 	31.087300
0.849 	31.565033
0.850 	31.790876
0.851 	31.575245
0.852 	31.171010
0.853 	30.930235
0.854 	30.823358
0.855 	30.404517
0.856 	30.215981
0.857 	30.889960
0.858 	31.415412
0.859 	31.056095
0.860 	30.731735
0.861 	30.798207
0.862 	30.698617
0.863 	30.855160
0.864 	31.165395
0.865 	30.979248
0.866 	30.739514
0.867 	30.961479
0.868 	31.087749
0.869 	30.611303
0.870 	30.256112
0.871 	30.542379
0.872 	30.881985
0.873 	30.873932
0.874 	30.892220
0.875 	31.137794
0.876 	31.268534
0.877 	31.070683
0.878 	30.958554
0.879 	31.322687
0.880 	31.299712
0.881 	30.905558
0.882 	30.893143
0.883 	30.632642
0.884 	29.635647
0.885 	28.628962
0.886 	28.788020
0.887 	29.863623
0.888 	30.381410
0.889 	30.185506
0.890 	29.953741
0.891 	29.806580
0.892 	29.674626
0.893 	29.835000
0.894 	30.550739
0.895 	31.357618
0.896 	31.158310
0.897 	30.445472
0.898 	30.063756
0.899 	29.961387
0.900 	29.738032
0.901 	29.830031
0.902 	30.248669
0.903 	30.144628
0.904 	29.691794
0.905 	29.876242
0.906 	30.352977
0.907 	30.145937
0.908 	29.539132
0.909 	29.205242
0.910 	29.237583
0.911 	29.238980
0.912 	29.262301
0.913 	29.559214
0.914 	30.179271
0.915 	30.959702
0.916 	31.009100
0.917 	30.183320
0.918 	29.450175
0.919 	29.721018
0.920 	30.203852
0.921 	29.922017
0.922 	29.364665
0.923 	29.454406
0.924 	29.680679
0.925 	29.499479
0.926 	29.527879
0.927 	29.856805
0.928 	30.195309
0.929 	30.065912
0.930 	29.546556
0.931 	29.152878
0.932 	28.924796
0.933 	28.844388
0.934 	28.743376
0.935 	28.584977
0.936 	28.634179
0.937 	28.666416
0.938 	28.608794
0.939 	28.732587
0.940 	29.232803
0.941 	29.287745
0.942 	29.266119
0.943 	29.457747
0.944 	29.171883
0.945 	28.628930
0.946 	28.598802
0.947 	28.706263
0.948 	28.452951
0.949 	28.186053
0.950 	28.001319
0.951 	28.199670
0.952 	28.541957
0.953 	28.537308
0.954 	28.629840
0.955 	28.626723
0.956 	28.656098
0.957 	28.625825
0.958 	28.040922
0.959 	27.487565
0.960 	27.625619
0.961 	28.147619
0.962 	28.462374
0.963 	27.962593
0.964 	27.229842
0.965 	27.023920
0.966 	26.957496
0.967 	26.879494
0.968 	27.470744
0.969 	28.216746
0.970 	28.144459
0.971 	28.205724
0.972 	27.945583
0.973 	27.274807
0.974 	27.683425
0.975 	28.247314
0.976 	27.460677
0.977 	26.370123
0.978 	25.727302
0.979 	26.086633
0.980 	26.933476
0.981 	27.452366
0.982 	26.995957
0.983 	26.626891
0.984 	26.565941
0.985 	26.366393
0.986 	26.085296
0.987 	26.868392
0.988 	27.857175
0.989 	28.307730
0.990 	28.413169
0.991 	27.851299
0.992 	27.087826
0.993 	26.531379
0.994 	26.480749
0.995 	26.586639
0.996 	26.803294
0.997 	26.686437
0.998 	26.765645
0.999 	27.022883
1.000 	27.236916
1.001 	27.394901
1.002 	26.623255
1.003 	25.787714
1.004 	26.423911
1.005 	27.542354
1.006 	27.319332
1.007 	26.396883
1.008 	26.204424
1.009 	26.589116
1.010 	27.556095
1.011 	28.091822
1.012 	27.645561
1.013 	26.308837
1.014 	26.387755
1.015 	26.904174
1.016 	26.636451
1.017 	27.323162
1.018 	28.112671
1.019 	27.750081
1.020 	26.976046
1.021 	26.739490
1.022 	27.209429
1.023 	27.649399
1.024 	27.691368
1.025 	27.364622
1.026 	26.797665
1.027 	26.073423
1.028 	26.229710
1.029 	27.328120
1.030 	27.262733
1.031 	26.935452
1.032 	27.655277
1.033 	28.254028
1.034 	27.598793
1.035 	26.759299
1.036 	27.097426
1.037 	27.705363
1.038 	27.994097
1.039 	28.046868
1.040 	27.937639
1.041 	27.190183
1.042 	26.305352
1.043 	27.022500
1.044 	28.312582
1.045 	28.308235
1.046 	27.871514
1.047 	27.757414
1.048 	27.136800
1.049 	26.672882
1.050 	26.706050
1.051 	26.864371
1.052 	27.032092
1.053 	27.157728
1.054 	27.004780
1.055 	27.284263
1.056 	27.933348
1.057 	27.789169
1.058 	27.862979
1.059 	28.652557
1.060 	28.883423
1.061 	27.967295
1.062 	27.104826
1.063 	27.109446
1.064 	27.072545
1.065 	26.787376
1.066 	27.121077
1.067 	27.300076
1.068 	27.214986
1.069 	27.764159
1.070 	28.534573
1.071 	28.610963
1.072 	28.400930
1.073 	28.116255
1.074 	27.641266
1.075 	27.417495
1.076 	27.296492
1.077 	27.529081
1.078 	27.857589
1.079 	27.484939
1.080 	27.010132
1.081 	27.695225
1.082 	28.807066
1.083 	28.630025
1.084 	27.429326
1.085 	26.558837
1.086 	26.977856
1.087 	27.850260
1.088 	28.241053
1.089 	28.515770
1.090 	28.420461
1.091 	27.869576
1.092 	27.041774
1.093 	26.283429
1.094 	26.559278
1.095 	27.685465
1.096 	28.024119
1.097 	27.405332
1.098 	26.916389
1.099 	26.412592
1.100 	25.958225
1.101 	26.494075
1.102 	27.969341
1.103 	28.802546
1.104 	28.382167
1.105 	27.881690
1.106 	27.833077
1.107 	27.585202
1.108 	26.921845
1.109 	26.025541
1.110 	25.696515
1.111 	26.957997
1.112 	28.626403
1.113 	28.891824
1.114 	28.167886
1.115 	27.230180
1.116 	26.369405
1.117 	26.077428
1.118 	26.155981
1.119 	26.311659
1.120 	26.511196
1.121 	26.633187
1.122 	26.792966
1.123 	26.924856
1.124 	26.982150
1.125 	27.198423
1.126 	27.556396
1.127 	27.642305
1.128 	27.157881
1.129 	26.483219
1.130 	25.812836
1.131 	25.460524
1.132 	25.646351
1.133 	26.115285
1.134 	26.287634
1.135 	26.066032
1.136 	25.987254
1.137 	26.364945
1.138 	26.758929
1.139 	26.553355
1.140 	26.094298
1.141 	25.898464
1.142 	25.820099
1.143 	25.583856
1.144 	25.352431
1.145 	25.243157
1.146 	25.026921
1.147 	24.956664
1.148 	25.201982
1.149 	25.402566
1.150 	25.298453
1.151 	25.139012
1.152 	24.878759
1.153 	24.116138
1.154 	23.110132
1.155 	22.912014
1.156 	23.763317
1.157 	24.681139
1.158 	24.868433
1.159 	24.345691
1.160 	23.507673
1.161 	23.159423
1.162 	23.593371
1.163 	23.852755
1.164 	23.612797
1.165 	23.344191
1.166 	23.311788
1.167 	23.434524
1.168 	23.355234
1.169 	23.061394
1.170 	22.857087
1.171 	22.796096
1.172 	22.866425
1.173 	22.987721
1.174 	23.165075
1.175 	23.236817
1.176 	22.866474
1.177 	22.198149
1.178 	21.893148
1.179 	22.184460
1.180 	22.558658
1.181 	22.590712
1.182 	22.441010
1.183 	22.459479
1.184 	22.896833
1.185 	23.262950
1.186 	22.911784
1.187 	22.469383
1.188 	22.585985
1.189 	22.928626
1.190 	22.573465
1.191 	21.645894
1.192 	21.386942
1.193 	21.930721
1.194 	22.591672
1.195 	22.971596
1.196 	23.074469
1.197 	23.182637
1.198 	23.314574
1.199 	23.079159
1.200 	22.704978
1.201 	22.606486
1.202 	22.642390
1.203 	22.478853
1.204 	22.119319
1.205 	22.116524
1.206 	22.300424
1.207 	22.032217
1.208 	21.772759
1.209 	22.315802
1.210 	23.150228
1.211 	22.947495
1.212 	22.221085
1.213 	22.020600
1.214 	22.243699
1.215 	22.348742
1.216 	22.502835
1.217 	22.645734
1.218 	22.458198
1.219 	22.079403
1.220 	21.909436
1.221 	22.025865
1.222 	22.122365
1.223 	21.957909
1.224 	21.984562
1.225 	22.344110
1.226 	22.538252
1.227 	22.592391
1.228 	22.804245
1.229 	22.934537
1.230 	22.627321
1.231 	22.115750
1.232 	22.332190
1.233 	23.345065
1.234 	23.998318
1.235 	23.630988
1.236 	22.993167
1.237 	22.962478
1.238 	23.319491
1.239 	23.224044
1.240 	22.788564
1.241 	22.646635
1.242 	22.600692
1.243 	22.419751
1.244 	22.401021
1.245 	22.831246
1.246 	23.548173
1.247 	23.745240
1.248 	23.095180
1.249 	22.649004
1.250 	23.309277
1.251 	24.039921
1.252 	23.720277
1.253 	23.256049
1.254 	23.338034
1.255 	23.662569
1.256 	23.789441
1.257 	23.824260
1.258 	23.943384
1.259 	24.098320
1.260 	24.162791
1.261 	23.805448
1.262 	23.280768
1.263 	23.390882
1.264 	24.085812
1.265 	24.228416
1.266 	23.624037
1.267 	23.117822
1.268 	23.359579
1.269 	24.051794
1.270 	24.416096
1.271 	23.645420
1.272 	22.544470
1.273 	22.143547
1.274 	22.728255
1.275 	23.560533
1.276 	24.072309
1.277 	24.409854
1.278 	24.705735
1.279 	24.440058
1.280 	23.671516
1.281 	23.496186
1.282 	24.175527
1.283 	24.477675
1.284 	23.826135
1.285 	22.913052
1.286 	22.709531
1.287 	23.217341
1.288 	23.826121
1.289 	23.749123
1.290 	23.178058
1.291 	22.796542
1.292 	23.137392
1.293 	23.634263
1.294 	23.552750
1.295 	22.823911
1.296 	22.166599
1.297 	21.947464
1.298 	22.298131
1.299 	23.133014
1.300 	23.691621
1.301 	23.501483
1.302 	22.806686
1.303 	22.000125
1.304 	21.758356
1.305 	22.883463
1.306 	24.471777
1.307 	25.437864
1.308 	25.245631
1.309 	24.141287
1.310 	22.563617
1.311 	21.613888
1.312 	21.672981
1.313 	22.259712
1.314 	22.840305
1.315 	23.049205
1.316 	22.584225
1.317 	22.029936
1.318 	22.265398
1.319 	23.052677
1.320 	23.575742
1.321 	23.112441
1.322 	21.766056
1.323 	21.083731
1.324 	21.415023
1.325 	21.555319
1.326 	20.998579
1.327 	20.640253
1.328 	20.692327
1.329 	20.526274
1.330 	20.304075
1.331 	20.382505
1.332 	20.743753
1.333 	21.490410
1.334 	22.117579
1.335 	21.910748
1.336 	21.429863
1.337 	21.453349
1.338 	21.614541
1.339 	21.216721
1.340 	20.610737
1.341 	20.342959
1.342 	20.426674
1.343 	20.478590
1.344 	20.339778
1.345 	20.157405
1.346 	20.195872
1.347 	20.252757
1.348 	19.951026
1.349 	19.555766
1.350 	19.292854
1.351 	19.041626
1.352 	18.774490
1.353 	18.934770
1.354 	19.859245
1.355 	20.538353
1.356 	20.021897
1.357 	19.281107
1.358 	19.386573
1.359 	19.820255
1.360 	19.791904
1.361 	19.333630
1.362 	18.827124
1.363 	18.560514
1.364 	18.210067
1.365 	17.684762
1.366 	17.725265
1.367 	18.711074
1.368 	20.083941
1.369 	20.779500
1.370 	20.394097
1.371 	19.550452
1.372 	19.063757
1.373 	18.558363
1.374 	18.259493
1.375 	18.230832
1.376 	17.738268
1.377 	17.369424
1.378 	17.965246
1.379 	18.474428
1.380 	18.008054
1.381 	17.283279
1.382 	16.715609
1.383 	16.331117
1.384 	16.080372
1.385 	15.803784
1.386 	15.952722
1.387 	16.630559
1.388 	17.237015
1.389 	17.043693
1.390 	16.235143
1.391 	15.467352
1.392 	15.554302
1.393 	16.413808
1.394 	17.487311
1.395 	17.769285
1.396 	17.319620
1.397 	16.497799
1.398 	15.249290
1.399 	14.003986
1.400 	12.969472
1.401 	11.953275
1.402 	11.191618
1.403 	10.935714
1.404 	11.286321
1.405 	12.030659
1.406 	12.547585
1.407 	12.592575
1.408 	12.150732
1.409 	11.811120
1.410 	12.104876
1.411 	12.707832
1.412 	12.750285
1.413 	12.141120
1.414 	11.464683
1.415 	10.769945
1.416 	9.457476
1.417 	8.156613
1.418 	8.739873
1.419 	10.766597
1.420 	11.524751
1.421 	10.771357
1.422 	9.673738
1.423 	9.331047
1.424 	10.116839
1.425 	11.488521
1.426 	12.485453
1.427 	12.837982
1.428 	12.589514
1.429 	11.743629
1.430 	10.125480
1.431 	9.113316
1.432 	9.383218
1.433 	9.418682
1.434 	8.937932
1.435 	9.276435
1.436 	10.289590
1.437 	10.275194
1.438 	9.540077
1.439 	9.889020
1.440 	11.031236
1.441 	11.338478
1.442 	10.995980
1.443 	11.047314
1.444 	10.553715
1.445 	8.614697
1.446 	6.946492
1.447 	7.126403
1.448 	8.760199
1.449 	10.660523
1.450 	11.331593
1.451 	10.342137
1.452 	9.810390
1.453 	10.021532
1.454 	9.653107
1.455 	9.297361
1.456 	9.509811
1.457 	9.686316
1.458 	9.759954
1.459 	9.671514
1.460 	9.958444
1.461 	10.987826
1.462 	11.462929
1.463 	10.638993
1.464 	9.393885
1.465 	9.111348
1.466 	10.023945
1.467 	10.730908
1.468 	11.215939
1.469 	11.920011
1.470 	11.578755
1.471 	9.366990
1.472 	7.552642
1.473 	7.559352
1.474 	8.187275
1.475 	8.593499
1.476 	8.757640
1.477 	9.484032
1.478 	10.841335
1.479 	11.545122
1.480 	11.589056
1.481 	11.931205
1.482 	12.637447
1.483 	12.384081
1.484 	10.003408
1.485 	8.057182
1.486 	8.669112
1.487 	10.051971
1.488 	10.499328
1.489 	9.934372
1.490 	9.404197
1.491 	10.443861
1.492 	11.853113
1.493 	11.515588
1.494 	9.940742
1.495 	8.820450
1.496 	8.361265
1.497 	8.197229
1.498 	9.779420
1.499 	12.208302
1.500 	13.090276
1.501 	12.110652
1.502 	10.417743
1.503 	9.598466
1.504 	9.919450
1.505 	10.485844
1.506 	10.262794
1.507 	10.162399
1.508 	11.558751
1.509 	12.346597
1.510 	11.529503
1.511 	11.695438
1.512 	12.669979
1.513 	12.729998
1.514 	11.966762
1.515 	11.673187
1.516 	12.476975
1.517 	12.045888
1.518 	10.400043
1.519 	10.147568
1.520 	10.667698
1.521 	11.076660
1.522 	10.900239
1.523 	10.377090
1.524 	11.553505
1.525 	13.680783
1.526 	13.497423
1.527 	11.281345
1.528 	10.411163
1.529 	11.422423
1.530 	12.471934
1.531 	13.174321
1.532 	13.334201
1.533 	12.485944
1.534 	10.705879
1.535 	8.991755
1.536 	9.539463
1.537 	13.012442
1.538 	15.568946
1.539 	15.211271
1.540 	13.881432
1.541 	13.247700
1.542 	13.110907
1.543 	13.167768
1.544 	13.136846
1.545 	13.409475
1.546 	15.032449
1.547 	15.181606
1.548 	13.302462
1.549 	11.806556
1.550 	11.600599
1.551 	12.038852
1.552 	12.217024
1.553 	11.928881
1.554 	11.127197
1.555 	12.023611
1.556 	14.964310
1.557 	16.398684
1.558 	14.618379
1.559 	12.672324
1.560 	12.187212
1.561 	10.597951
1.562 	9.617590
1.563 	12.302124
1.564 	14.912191
1.565 	14.197976
1.566 	13.321356
1.567 	13.926219
1.568 	14.588125
1.569 	13.812656
1.570 	12.403608
1.571 	12.776347
1.572 	14.060126
1.573 	14.193031
1.574 	14.208815
1.575 	15.492707
1.576 	15.932697
1.577 	14.337200
1.578 	13.982832
1.579 	14.236882
1.580 	13.701615
1.581 	14.586938
1.582 	15.886572
1.583 	15.738513
1.584 	15.790148
1.585 	15.076839
1.586 	15.104740
1.587 	15.315057
1.588 	13.096514
1.589 	11.862360
1.590 	12.838139
1.591 	13.163268
1.592 	13.366145
1.593 	15.301407
1.594 	16.662991
1.595 	15.714655
1.596 	14.783941
1.597 	15.423796
1.598 	15.010455
1.599 	13.971154
1.600 	14.715717
1.601 	15.514343
1.602 	16.149891
1.603 	17.670868
1.604 	17.512788
1.605 	15.279477
1.606 	14.268253
1.607 	15.387084
1.608 	15.410696
1.609 	13.918399
1.610 	13.078748
1.611 	14.466220
1.612 	15.172901
1.613 	15.205433
1.614 	15.520075
1.615 	16.586445
1.616 	17.667635
1.617 	17.638253
1.618 	18.241250
1.619 	16.547477
1.620 	13.883165
1.621 	15.067915
1.622 	15.739031
1.623 	15.423916
1.624 	15.786185
1.625 	14.940990
1.626 	14.100767
1.627 	15.034314
1.628 	16.430285
1.629 	16.685707
1.630 	17.826335
1.631 	19.383204
1.632 	18.216255
1.633 	14.660829
1.634 	13.241553
1.635 	13.564482
1.636 	13.459326
1.637 	15.778522
1.638 	18.822816
1.639 	20.106548
1.640 	19.011029
1.641 	16.082668
1.642 	14.336693
1.643 	15.630831
1.644 	17.201299
1.645 	16.694214
1.646 	14.099765
1.647 	12.966398
1.648 	14.916753
1.649 	15.759639
1.650 	17.797848
1.651 	18.004010
1.652 	15.647027
1.653 	16.002133
1.654 	19.315775
1.655 	17.909093
1.656 	15.446048
1.657 	16.444867
1.658 	16.798048
1.659 	17.893199
1.660 	18.546078
1.661 	17.104980
1.662 	17.902723
1.663 	19.709615
1.664 	18.110724
1.665 	15.526425
1.666 	16.366905
1.667 	17.315181
1.668 	14.718452
1.669 	12.805761
1.670 	12.926455
1.671 	17.836533
1.672 	22.988015
1.673 	19.105864
1.674 	14.898344
1.675 	14.957821
1.676 	14.916167
1.677 	14.844688
1.678 	18.265375
1.679 	19.852754
1.680 	18.978062
1.681 	18.458764
1.682 	14.196594
1.683 	13.840934
1.684 	13.117999
1.685 	19.128058
1.686 	24.755482
1.687 	19.841641
1.688 	17.485406
1.689 	19.444526
1.690 	13.396300
1.691 	8.821216
1.692 	18.587760
1.693 	21.997051
1.694 	24.058721
1.695 	20.956758
1.696 	13.342279
1.697 	15.401128
1.698 	20.016173
1.699 	18.438236
1.700 	26.353808
