0.660 	32.141891
0.661 	33.883245
0.662 	30.556998
0.663 	30.196726
0.664 	31.462021
0.665 	28.774481
0.666 	26.654534
0.667 	33.846760
0.668 	38.591279
0.669 	32.847278
0.670 	31.320562
0.671 	34.447018
0.672 	32.686367
0.673 	31.079237
0.674 	31.315509
0.675 	30.620882
0.676 	32.384748
0.677 	35.175470
0.678 	31.444815
0.679 	34.339711
0.680 	34.466115
0.681 	30.891544
0.682 	30.700788
0.683 	30.482934
0.684 	34.389826
0.685 	32.161836
0.686 	30.370222
0.687 	31.311849
0.688 	34.994609
0.689 	35.610620
0.690 	31.862518
0.691 	32.927278
0.692 	34.202373
0.693 	32.934076
0.694 	31.342692
0.695 	30.583156
0.696 	32.649036
0.697 	32.433888
0.698 	30.977875
0.699 	31.915874
0.700 	31.875717
0.701 	30.779080
0.702 	28.745875
0.703 	32.428405
0.704 	34.789476
0.705 	34.127130
0.706 	34.262487
0.707 	34.631210
0.708 	31.828134
0.709 	30.481698
0.710 	31.979291
0.711 	32.052993
0.712 	30.308592
0.713 	31.903617
0.714 	34.651636
0.715 	34.317795
0.716 	30.798928
0.717 	28.618408
0.718 	31.406067
0.719 	31.869164
0.720 	31.964479
0.721 	34.134093
0.722 	32.771898
0.723 	31.875724
0.724 	33.234689
0.725 	32.587810
0.726 	30.446763
0.727 	30.298415
0.728 	32.313907
0.729 	33.440277
0.730 	32.165579
0.731 	32.366360
0.732 	32.764986
0.733 	32.897442
0.734 	32.878067
0.735 	31.436810
0.736 	29.445043
0.737 	29.887118
0.738 	31.407185
0.739 	32.859751
0.740 	31.590114
0.741 	30.345992
0.742 	32.212310
0.743 	34.099709
0.744 	32.159718
0.745 	29.834454
0.746 	32.032180
0.747 	34.432928
0.748 	33.250877
0.749 	30.904958
0.750 	29.659548
0.751 	29.771039
0.752 	30.344994
0.753 	30.857068
0.754 	31.607854
0.755 	31.674795
0.756 	31.412513
0.757 	30.547894
0.758 	29.091646
0.759 	30.142125
0.760 	32.703787
0.761 	33.416648
0.762 	31.552456
0.763 	30.557972
0.764 	31.041699
0.765 	31.083640
0.766 	29.787746
0.767 	30.077945
0.768 	31.507666
0.769 	32.035352
0.770 	31.326129
0.771 	30.649126
0.772 	31.084349
0.773 	31.039886
0.774 	30.202572
0.775 	30.159765
0.776 	30.518978
0.777 	30.886655
0.778 	31.461667
0.779 	31.390798
0.780 	30.589162
0.781 	29.986506
0.782 	30.843886
0.783 	31.201915
0.784 	30.172880
0.785 	29.909218
0.786 	30.722725
0.787 	31.345522
0.788 	31.147057
0.789 	30.790918
0.790 	30.566484
0.791 	30.515953
0.792 	30.908818
0.793 	30.926377
0.794 	30.499196
0.795 	30.269060
0.796 	30.207268
0.797 	30.410348
0.798 	30.716336
0.799 	30.538316
0.800 	30.446155
0.801 	31.506963
0.802 	32.231432
0.803 	31.602894
0.804 	30.328058
0.805 	28.734833
0.806 	27.723531
0.807 	28.398420
0.808 	29.451700
0.809 	30.043912
0.810 	30.555483
0.811 	31.020867
0.812 	31.162435
0.813 	30.513648
0.814 	29.461949
0.815 	29.453963
0.816 	30.505118
0.817 	30.624713
0.818 	30.226680
0.819 	30.244057
0.820 	29.915861
0.821 	28.908499
0.822 	28.213055
0.823 	28.491596
0.824 	29.012842
0.825 	29.124841
0.826 	29.301353
0.827 	29.776589
0.828 	29.822296
0.829 	29.635397
0.830 	30.408680
0.831 	31.268603
0.832 	30.630436
0.833 	29.823301
0.834 	29.987764
0.835 	30.183548
0.836 	29.844556
0.837 	29.488887
0.838 	29.228139
0.839 	28.809010
0.840 	28.613121
0.841 	29.342720
0.842 	30.396511
0.843 	30.165512
0.844 	28.894165
0.845 	28.572540
0.846 	29.504275
0.847 	29.872062
0.848 	29.082168
0.849 	28.699359
0.850 	29.153617
0.851 	29.524808
0.852 	29.670105
0.853 	29.715558
0.854 	29.665640
0.855 	29.296103
0.856 	28.623970
0.857 	28.299412
0.858 	28.308249
0.859 	28.133180
0.860 	28.158585
0.861 	28.767742
0.862 	29.497040
0.863 	29.892769
0.864 	29.374370
0.865 	28.157330
0.866 	27.496367
0.867 	27.725938
0.868 	28.196224
0.869 	28.459101
0.870 	28.811138
0.871 	29.162498
0.872 	29.328386
0.873 	29.235770
0.874 	28.909782
0.875 	28.801694
0.876 	28.886942
0.877 	28.689223
0.878 	28.424783
0.879 	28.491466
0.880 	28.614216
0.881 	28.872145
0.882 	29.320888
0.883 	29.291524
0.884 	28.636473
0.885 	27.956448
0.886 	27.942716
0.887 	28.391222
0.888 	28.634849
0.889 	28.381836
0.890 	27.696860
0.891 	27.181935
0.892 	27.661799
0.893 	28.807294
0.894 	29.511719
0.895 	29.443203
0.896 	28.653607
0.897 	28.226730
0.898 	28.592114
0.899 	28.754406
0.900 	28.244971
0.901 	27.635944
0.902 	27.431431
0.903 	27.607351
0.904 	28.118227
0.905 	28.475539
0.906 	28.438675
0.907 	28.327753
0.908 	28.083009
0.909 	27.716151
0.910 	27.348834
0.911 	26.993613
0.912 	27.011506
0.913 	27.539104
0.914 	28.107277
0.915 	28.425074
0.916 	28.319393
0.917 	28.111647
0.918 	27.715188
0.919 	27.144151
0.920 	27.218314
0.921 	27.639017
0.922 	27.488621
0.923 	27.314978
0.924 	27.407980
0.925 	27.380497
0.926 	27.464807
0.927 	27.688073
0.928 	27.515150
0.929 	27.056848
0.930 	26.792628
0.931 	26.876120
0.932 	26.853960
0.933 	26.875515
0.934 	26.778719
0.935 	26.220943
0.936 	25.866738
0.937 	26.579434
0.938 	27.466857
0.939 	27.881742
0.940 	27.866498
0.941 	27.810549
0.942 	27.868528
0.943 	27.695788
0.944 	27.287171
0.945 	27.122693
0.946 	27.050508
0.947 	26.628765
0.948 	26.574537
0.949 	26.910395
0.950 	27.014456
0.951 	26.798889
0.952 	26.113649
0.953 	25.441897
0.954 	25.893211
0.955 	26.862104
0.956 	27.629554
0.957 	27.166824
0.958 	26.109918
0.959 	25.575109
0.960 	26.225900
0.961 	27.193402
0.962 	27.290009
0.963 	26.422946
0.964 	25.725630
0.965 	25.738030
0.966 	25.614491
0.967 	25.965522
0.968 	26.237116
0.969 	26.287608
0.970 	26.550823
0.971 	26.438791
0.972 	25.694232
0.973 	25.654062
0.974 	26.299347
0.975 	25.914166
0.976 	24.842806
0.977 	24.386890
0.978 	24.806862
0.979 	25.782289
0.980 	26.871705
0.981 	26.175456
0.982 	25.112620
0.983 	25.133560
0.984 	25.732228
0.985 	25.972651
0.986 	25.817185
0.987 	25.963058
0.988 	25.770604
0.989 	25.617226
0.990 	25.747016
0.991 	25.756710
0.992 	25.482132
0.993 	25.070058
0.994 	24.963046
0.995 	25.220751
0.996 	24.913653
0.997 	24.909344
0.998 	25.792848
0.999 	26.176694
1.000 	26.034291
1.001 	26.329663
1.002 	26.363982
1.003 	25.989829
1.004 	25.652693
1.005 	25.701597
1.006 	25.637628
1.007 	25.058965
1.008 	24.832763
1.009 	25.156363
1.010 	25.582926
1.011 	25.746656
1.012 	25.860510
1.013 	26.255150
1.014 	26.573601
1.015 	26.200371
1.016 	26.141947
1.017 	26.517695
1.018 	26.025379
1.019 	25.400722
1.020 	25.541719
1.021 	25.693631
1.022 	25.828618
1.023 	25.784756
1.024 	25.170813
1.025 	24.630755
1.026 	24.361900
1.027 	24.684590
1.028 	25.364697
1.029 	26.192871
1.030 	26.495205
1.031 	26.116970
1.032 	26.075231
1.033 	26.131003
1.034 	26.222547
1.035 	26.823552
1.036 	27.206394
1.037 	27.153541
1.038 	26.465638
1.039 	25.601589
1.040 	25.456769
1.041 	25.513940
1.042 	25.242401
1.043 	25.474422
1.044 	26.141949
1.045 	26.405093
1.046 	26.229520
1.047 	26.414690
1.048 	26.742116
1.049 	26.593178
1.050 	26.196916
1.051 	25.666989
1.052 	25.451090
1.053 	26.015453
1.054 	26.638958
1.055 	26.771624
1.056 	27.019072
1.057 	27.162804
1.058 	26.485580
1.059 	25.530619
1.060 	25.353453
1.061 	25.511860
1.062 	25.298177
1.063 	25.416895
1.064 	26.073630
1.065 	26.635755
1.066 	26.793303
1.067 	26.858509
1.068 	26.789633
1.069 	26.268918
1.070 	25.406835
1.071 	25.037652
1.072 	25.893399
1.073 	26.348486
1.074 	25.509089
1.075 	24.893324
1.076 	25.381773
1.077 	26.687016
1.078 	27.744350
1.079 	28.005258
1.080 	27.562307
1.081 	26.902309
1.082 	26.788583
1.083 	26.892648
1.084 	26.396744
1.085 	25.667068
1.086 	25.724681
1.087 	26.225996
1.088 	26.568579
1.089 	26.710547
1.090 	26.514623
1.091 	25.799075
1.092 	25.173157
1.093 	25.104988
1.094 	25.233554
1.095 	25.545108
1.096 	25.734145
1.097 	25.694204
1.098 	25.734972
1.099 	25.665400
1.100 	25.218066
1.101 	25.197869
1.102 	26.227710
1.103 	27.030760
1.104 	26.776800
1.105 	26.443641
1.106 	26.390908
1.107 	25.976231
1.108 	25.383382
1.109 	24.981524
1.110 	24.883897
1.111 	25.413712
1.112 	26.285531
1.113 	26.762908
1.114 	26.405850
1.115 	25.420293
1.116 	24.766270
1.117 	24.898813
1.118 	25.119950
1.119 	25.085747
1.120 	25.078145
1.121 	25.442073
1.122 	26.056264
1.123 	26.377723
1.124 	26.170428
1.125 	25.596216
1.126 	25.228843
1.127 	25.433898
1.128 	25.771900
1.129 	25.871278
1.130 	25.681436
1.131 	25.316611
1.132 	24.924608
1.133 	24.603249
1.134 	24.334681
1.135 	24.020624
1.136 	23.963185
1.137 	24.516504
1.138 	25.454797
1.139 	25.832155
1.140 	25.132924
1.141 	24.629464
1.142 	25.028338
1.143 	24.807486
1.144 	23.669369
1.145 	23.062582
1.146 	23.254982
1.147 	23.803846
1.148 	24.024171
1.149 	23.849871
1.150 	23.878075
1.151 	24.073436
1.152 	23.822209
1.153 	23.023637
1.154 	22.581128
1.155 	22.939626
1.156 	23.111286
1.157 	22.956272
1.158 	23.379993
1.159 	24.028861
1.160 	23.923857
1.161 	23.064352
1.162 	21.910785
1.163 	21.592345
1.164 	22.287775
1.165 	22.423015
1.166 	21.674507
1.167 	21.254706
1.168 	21.419418
1.169 	21.654028
1.170 	21.944725
1.171 	22.234525
1.172 	22.418719
1.173 	22.432540
1.174 	21.908238
1.175 	21.077505
1.176 	20.641847
1.177 	20.569512
1.178 	20.844132
1.179 	21.468204
1.180 	22.091753
1.181 	22.359370
1.182 	22.417075
1.183 	22.380937
1.184 	22.325696
1.185 	22.452629
1.186 	22.430449
1.187 	21.888961
1.188 	21.397182
1.189 	21.284245
1.190 	20.961678
1.191 	20.642054
1.192 	20.673700
1.193 	20.498021
1.194 	20.283397
1.195 	20.804069
1.196 	21.758450
1.197 	22.570847
1.198 	22.911167
1.199 	22.588912
1.200 	21.980617
1.201 	21.361277
1.202 	21.145590
1.203 	21.330838
1.204 	21.104022
1.205 	20.417864
1.206 	19.974166
1.207 	19.902383
1.208 	20.293860
1.209 	20.947312
1.210 	21.329259
1.211 	21.542815
1.212 	22.009774
1.213 	22.065357
1.214 	21.174003
1.215 	20.560925
1.216 	21.041456
1.217 	21.692562
1.218 	21.225052
1.219 	20.214994
1.220 	20.196991
1.221 	20.876959
1.222 	21.135876
1.223 	20.692906
1.224 	20.349752
1.225 	20.528402
1.226 	20.955147
1.227 	21.335584
1.228 	21.649030
1.229 	21.785708
1.230 	21.739892
1.231 	21.748930
1.232 	21.886627
1.233 	21.913420
1.234 	21.796998
1.235 	21.764356
1.236 	21.943863
1.237 	22.415154
1.238 	22.783559
1.239 	22.533184
1.240 	21.997109
1.241 	21.801869
1.242 	21.945943
1.243 	22.358911
1.244 	22.612977
1.245 	22.501095
1.246 	22.299535
1.247 	22.094053
1.248 	21.764442
1.249 	21.326725
1.250 	21.069825
1.251 	21.200932
1.252 	21.567301
1.253 	22.025752
1.254 	22.566364
1.255 	22.827294
1.256 	22.766914
1.257 	22.844093
1.258 	22.792374
1.259 	22.023718
1.260 	21.035786
1.261 	20.851105
1.262 	21.587115
1.263 	22.317029
1.264 	22.474626
1.265 	22.145453
1.266 	21.559778
1.267 	21.156273
1.268 	21.818252
1.269 	22.854557
1.270 	22.768553
1.271 	21.694979
1.272 	21.210896
1.273 	21.711674
1.274 	22.708587
1.275 	23.321229
1.276 	23.091594
1.277 	22.406139
1.278 	22.102215
1.279 	22.352880
1.280 	22.600404
1.281 	22.478474
1.282 	22.220763
1.283 	22.031774
1.284 	21.853777
1.285 	21.757556
1.286 	21.796582
1.287 	21.943756
1.288 	22.366674
1.289 	22.966484
1.290 	23.171014
1.291 	22.741979
1.292 	21.997009
1.293 	21.628948
1.294 	21.758569
1.295 	21.621908
1.296 	20.861536
1.297 	20.407811
1.298 	21.173237
1.299 	22.411770
1.300 	22.825317
1.301 	22.401679
1.302 	21.815301
1.303 	21.220615
1.304 	20.914951
1.305 	21.452589
1.306 	22.235612
1.307 	22.497830
1.308 	22.028424
1.309 	21.568641
1.310 	21.596094
1.311 	21.732060
1.312 	21.606396
1.313 	21.532786
1.314 	21.559780
1.315 	21.043034
1.316 	20.026999
1.317 	19.627775
1.318 	19.914911
1.319 	20.321622
1.320 	20.714875
1.321 	21.048833
1.322 	21.058564
1.323 	20.598210
1.324 	19.935381
1.325 	19.332046
1.326 	19.155175
1.327 	19.561443
1.328 	20.269357
1.329 	20.771420
1.330 	20.718985
1.331 	20.034663
1.332 	18.971542
1.333 	18.457982
1.334 	18.839629
1.335 	19.748026
1.336 	20.387982
1.337 	20.116656
1.338 	19.035390
1.339 	18.331683
1.340 	18.577540
1.341 	19.022175
1.342 	19.039889
1.343 	19.337894
1.344 	20.273804
1.345 	20.769924
1.346 	20.051907
1.347 	18.890361
1.348 	18.655615
1.349 	18.951769
1.350 	18.726227
1.351 	18.143914
1.352 	17.939006
1.353 	18.069593
1.354 	18.470575
1.355 	18.664045
1.356 	18.041967
1.357 	17.440978
1.358 	18.161316
1.359 	19.537960
1.360 	19.905911
1.361 	19.631913
1.362 	19.009593
1.363 	17.661437
1.364 	16.480445
1.365 	16.300245
1.366 	16.599553
1.367 	16.918802
1.368 	17.336600
1.369 	17.555769
1.370 	17.570845
1.371 	17.830236
1.372 	18.219863
1.373 	18.009879
1.374 	17.431362
1.375 	17.436418
1.376 	17.806213
1.377 	17.852598
1.378 	17.475315
1.379 	16.944930
1.380 	16.313815
1.381 	15.802487
1.382 	15.510718
1.383 	15.433222
1.384 	15.393932
1.385 	15.015737
1.386 	14.541932
1.387 	14.749143
1.388 	15.319498
1.389 	15.199903
1.390 	14.594181
1.391 	14.105917
1.392 	14.018840
1.393 	14.281783
1.394 	14.858706
1.395 	15.259565
1.396 	15.006455
1.397 	14.269731
1.398 	13.682101
1.399 	13.348945
1.400 	12.527542
1.401 	10.886396
1.402 	9.537362
1.403 	9.501743
1.404 	10.541172
1.405 	11.822131
1.406 	12.311779
1.407 	12.060454
1.408 	11.546356
1.409 	11.041909
1.410 	10.819164
1.411 	11.196394
1.412 	11.397886
1.413 	10.625066
1.414 	9.666123
1.415 	9.295094
1.416 	9.105161
1.417 	9.049371
1.418 	9.410416
1.419 	9.870897
1.420 	10.029252
1.421 	9.879633
1.422 	9.059496
1.423 	8.338243
1.424 	8.898653
1.425 	9.812875
1.426 	9.517636
1.427 	8.758126
1.428 	8.865548
1.429 	9.352359
1.430 	9.528122
1.431 	9.304498
1.432 	8.798554
1.433 	8.096316
1.434 	7.518513
1.435 	7.252455
1.436 	7.487949
1.437 	8.586076
1.438 	10.131337
1.439 	10.746490
1.440 	10.219866
1.441 	9.260703
1.442 	8.869704
1.443 	9.156897
1.444 	8.997076
1.445 	7.807660
1.446 	6.336085
1.447 	6.250405
1.448 	8.193691
1.449 	10.699616
1.450 	11.613789
1.451 	9.893295
1.452 	7.962228
1.453 	7.229529
1.454 	7.022364
1.455 	7.342923
1.456 	8.482263
1.457 	9.354008
1.458 	9.737697
1.459 	9.974878
1.460 	10.294958
1.461 	10.431646
1.462 	10.117062
1.463 	9.100377
1.464 	7.481257
1.465 	6.519192
1.466 	7.234921
1.467 	8.669471
1.468 	10.491760
1.469 	11.507471
1.470 	10.674780
1.471 	9.046334
1.472 	8.358574
1.473 	8.333236
1.474 	7.714591
1.475 	7.259961
1.476 	7.582743
1.477 	7.815534
1.478 	7.750071
1.479 	7.477000
1.480 	7.340086
1.481 	8.412010
1.482 	10.213808
1.483 	10.538971
1.484 	8.845740
1.485 	8.003466
1.486 	9.660532
1.487 	11.410753
1.488 	11.549769
1.489 	10.687115
1.490 	10.019548
1.491 	9.940402
1.492 	9.520019
1.493 	8.648037
1.494 	8.111480
1.495 	7.714165
1.496 	7.506098
1.497 	7.443719
1.498 	8.118899
1.499 	9.793384
1.500 	11.044039
1.501 	10.743224
1.502 	9.924012
1.503 	9.862190
1.504 	10.181204
1.505 	10.700808
1.506 	11.612557
1.507 	11.736687
1.508 	10.492971
1.509 	9.436401
1.510 	10.504152
1.511 	12.331726
1.512 	12.293685
1.513 	11.430404
1.514 	10.603865
1.515 	9.481062
1.516 	9.543390
1.517 	10.838901
1.518 	11.219769
1.519 	10.421022
1.520 	9.882692
1.521 	10.070704
1.522 	10.324998
1.523 	10.407402
1.524 	10.923185
1.525 	11.922989
1.526 	11.715881
1.527 	10.263378
1.528 	9.823230
1.529 	10.347823
1.530 	10.260493
1.531 	9.916860
1.532 	9.914001
1.533 	10.598446
1.534 	11.667449
1.535 	11.695179
1.536 	11.187719
1.537 	12.290081
1.538 	14.122406
1.539 	13.817445
1.540 	10.875406
1.541 	8.627848
1.542 	9.600968
1.543 	11.702604
1.544 	12.610244
1.545 	12.545888
1.546 	12.875355
1.547 	12.930618
1.548 	11.620509
1.549 	10.447658
1.550 	11.061230
1.551 	11.903808
1.552 	11.720579
1.553 	12.066117
1.554 	12.096314
1.555 	11.006303
1.556 	11.782694
1.557 	13.552783
1.558 	13.694869
1.559 	13.557192
1.560 	13.538339
1.561 	12.430396
1.562 	11.812483
1.563 	12.253047
1.564 	12.610991
1.565 	11.663436
1.566 	10.345590
1.567 	10.716783
1.568 	12.270726
1.569 	13.056550
1.570 	11.066569
1.571 	9.451510
1.572 	11.337931
1.573 	13.649352
1.574 	14.416831
1.575 	14.567407
1.576 	14.061599
1.577 	12.153268
1.578 	11.996083
1.579 	14.001182
1.580 	14.756951
1.581 	13.884329
1.582 	12.648404
1.583 	12.652750
1.584 	14.062204
1.585 	15.258407
1.586 	15.564849
1.587 	14.190646
1.588 	11.891449
1.589 	11.046771
1.590 	11.906634
1.591 	12.281591
1.592 	12.016460
1.593 	13.437936
1.594 	15.321253
1.595 	15.336954
1.596 	13.674491
1.597 	12.318458
1.598 	12.933513
1.599 	13.972179
1.600 	14.235930
1.601 	14.808135
1.602 	15.720101
1.603 	15.121476
1.604 	14.027378
1.605 	13.686007
1.606 	13.376797
1.607 	12.687743
1.608 	12.253695
1.609 	13.697858
1.610 	15.660428
1.611 	16.471386
1.612 	15.043349
1.613 	13.216853
1.614 	13.176256
1.615 	13.771811
1.616 	15.017071
1.617 	15.700630
1.618 	15.400090
1.619 	14.875306
1.620 	13.257453
1.621 	11.170054
1.622 	11.293952
1.623 	14.039097
1.624 	15.929021
1.625 	16.079387
1.626 	15.700095
1.627 	14.878925
1.628 	16.192058
1.629 	17.994726
1.630 	17.660559
1.631 	15.627087
1.632 	13.671588
1.633 	13.403629
1.634 	14.458777
1.635 	14.371925
1.636 	11.697838
1.637 	11.019868
1.638 	13.433480
1.639 	16.387545
1.640 	17.131380
1.641 	15.211607
1.642 	13.693454
1.643 	14.752024
1.644 	15.111895
1.645 	15.390332
1.646 	13.757723
1.647 	11.503534
1.648 	14.185752
1.649 	17.401666
1.650 	20.214168
1.651 	19.191432
1.652 	15.617887
1.653 	11.857389
1.654 	12.830241
1.655 	16.724234
1.656 	16.757495
1.657 	16.091641
1.658 	17.488830
1.659 	17.628426
1.660 	13.882897
1.661 	11.726002
1.662 	14.959334
1.663 	17.653933
1.664 	15.287431
1.665 	12.897729
1.666 	13.774282
1.667 	15.183553
1.668 	14.242434
1.669 	14.914395
1.670 	14.191375
1.671 	16.338457
1.672 	19.785765
1.673 	17.306050
1.674 	15.870585
1.675 	16.597327
1.676 	16.943470
1.677 	13.943651
1.678 	12.443498
1.679 	16.017106
1.680 	15.183253
1.681 	10.604286
1.682 	12.381952
1.683 	16.211185
1.684 	16.302928
1.685 	15.931022
1.686 	17.893935
1.687 	18.530971
1.688 	16.585618
1.689 	14.080572
1.690 	13.055728
1.691 	15.274244
1.692 	19.667027
1.693 	16.428395
1.694 	20.109787
1.695 	24.130177
1.696 	16.818198
1.697 	14.364893
1.698 	19.934162
1.699 	19.150062
1.700 	20.741661
