0.660 	40.569026
0.661 	29.862300
0.662 	38.685507
0.663 	37.886973
0.664 	32.535881
0.665 	31.965332
0.666 	36.557889
0.667 	37.101606
0.668 	36.202540
0.669 	36.081262
0.670 	33.575333
0.671 	30.654577
0.672 	32.212373
0.673 	38.881386
0.674 	32.984213
0.675 	35.354755
0.676 	37.273469
0.677 	34.655214
0.678 	32.645068
0.679 	29.005534
0.680 	29.733715
0.681 	35.197287
0.682 	35.276662
0.683 	34.219420
0.684 	37.215945
0.685 	36.113983
0.686 	31.622759
0.687 	36.703001
0.688 	37.369011
0.689 	33.293247
0.690 	32.758233
0.691 	33.211882
0.692 	29.815179
0.693 	28.846091
0.694 	31.306575
0.695 	34.438069
0.696 	32.697669
0.697 	31.286256
0.698 	32.098969
0.699 	32.849289
0.700 	31.638030
0.701 	34.790369
0.702 	34.257988
0.703 	29.385843
0.704 	32.699745
0.705 	37.040174
0.706 	35.624565
0.707 	31.161913
0.708 	30.759385
0.709 	32.701068
0.710 	34.286367
0.711 	36.818268
0.712 	32.694161
0.713 	29.880827
0.714 	32.523111
0.715 	30.567156
0.716 	30.880844
0.717 	31.777460
0.718 	31.441849
0.719 	31.792935
0.720 	32.000117
0.721 	34.542110
0.722 	35.377271
0.723 	32.161231
0.724 	29.323549
0.725 	31.355193
0.726 	33.257431
0.727 	32.363651
0.728 	30.012665
0.729 	28.921994
0.730 	31.050405
0.731 	31.995225
0.732 	32.342937
0.733 	32.019124
0.734 	31.023133
0.735 	29.923633
0.736 	29.660312
0.737 	29.667176
0.738 	32.434522
0.739 	33.480683
0.740 	31.732242
0.741 	30.423702
0.742 	29.391544
0.743 	29.569252
0.744 	30.519384
0.745 	31.586714
0.746 	32.388748
0.747 	30.829241
0.748 	30.648428
0.749 	32.396702
0.750 	31.414367
0.751 	28.816883
0.752 	29.687163
0.753 	30.925130
0.754 	30.118047
0.755 	30.348820
0.756 	31.720240
0.757 	31.127194
0.758 	31.719380
0.759 	32.022964
0.760 	30.316839
0.761 	29.260570
0.762 	30.023282
0.763 	30.826393
0.764 	30.196855
0.765 	29.609957
0.766 	30.189308
0.767 	30.178784
0.768 	28.836753
0.769 	28.649329
0.770 	28.700662
0.771 	29.435918
0.772 	30.266340
0.773 	30.299087
0.774 	30.138363
0.775 	30.181580
0.776 	30.828462
0.777 	30.654505
0.778 	29.192137
0.779 	27.869994
0.780 	29.121495
0.781 	31.332389
0.782 	30.499201
0.783 	28.061006
0.784 	28.403543
0.785 	31.243260
0.786 	32.127059
0.787 	31.752660
0.788 	31.483043
0.789 	30.462585
0.790 	29.298727
0.791 	29.312279
0.792 	29.702870
0.793 	29.035792
0.794 	28.694380
0.795 	28.892003
0.796 	29.088334
0.797 	29.018041
0.798 	29.157708
0.799 	29.609604
0.800 	29.827385
0.801 	30.128251
0.802 	30.263803
0.803 	29.415137
0.804 	28.457945
0.805 	28.884078
0.806 	30.629958
0.807 	30.408547
0.808 	28.771187
0.809 	28.204105
0.810 	28.761447
0.811 	29.705569
0.812 	28.893452
0.813 	28.012635
0.814 	29.544555
0.815 	30.962391
0.816 	30.137113
0.817 	28.579684
0.818 	28.360469
0.819 	28.818799
0.820 	29.033865
0.821 	28.942930
0.822 	28.708696
0.823 	28.050474
0.824 	27.943817
0.825 	28.678638
0.826 	29.216595
0.827 	29.222253
0.828 	28.864926
0.829 	28.816454
0.830 	28.934998
0.831 	28.481249
0.832 	27.924958
0.833 	27.906463
0.834 	27.354218
0.835 	27.433621
0.836 	29.027559
0.837 	29.774531
0.838 	29.151815
0.839 	28.576334
0.840 	28.244261
0.841 	27.825730
0.842 	28.326842
0.843 	29.583535
0.844 	29.406752
0.845 	27.810188
0.846 	26.845671
0.847 	26.768175
0.848 	27.469854
0.849 	28.770517
0.850 	29.583153
0.851 	29.285827
0.852 	28.051486
0.853 	27.483266
0.854 	27.703768
0.855 	27.177849
0.856 	26.605451
0.857 	26.996057
0.858 	28.048167
0.859 	28.380468
0.860 	27.854263
0.861 	27.590147
0.862 	27.870699
0.863 	28.247059
0.864 	28.701068
0.865 	28.840580
0.866 	28.178311
0.867 	27.413402
0.868 	26.993713
0.869 	26.440839
0.870 	26.233514
0.871 	26.768988
0.872 	27.693553
0.873 	28.301618
0.874 	28.396263
0.875 	28.289082
0.876 	27.631821
0.877 	27.052245
0.878 	27.360961
0.879 	27.341207
0.880 	26.411202
0.881 	26.329113
0.882 	27.602182
0.883 	28.247483
0.884 	27.724464
0.885 	27.352464
0.886 	27.467786
0.887 	27.578923
0.888 	27.743380
0.889 	28.141946
0.890 	28.378755
0.891 	28.135406
0.892 	27.590537
0.893 	27.015095
0.894 	26.463533
0.895 	26.143979
0.896 	26.233124
0.897 	26.344630
0.898 	26.202435
0.899 	26.775899
0.900 	28.090584
0.901 	28.698536
0.902 	28.373265
0.903 	28.118965
0.904 	27.856487
0.905 	26.785106
0.906 	25.207248
0.907 	24.522528
0.908 	25.052982
0.909 	25.808477
0.910 	26.249177
0.911 	26.589582
0.912 	26.711277
0.913 	26.911524
0.914 	27.423936
0.915 	27.440950
0.916 	26.986451
0.917 	26.712185
0.918 	26.445124
0.919 	26.092154
0.920 	25.718920
0.921 	25.696569
0.922 	26.223472
0.923 	26.852457
0.924 	27.033409
0.925 	26.735501
0.926 	26.095124
0.927 	25.871563
0.928 	26.574927
0.929 	27.275172
0.930 	27.054728
0.931 	26.151532
0.932 	25.754378
0.933 	25.511390
0.934 	25.151734
0.935 	24.975361
0.936 	25.250388
0.937 	25.927906
0.938 	26.142295
0.939 	25.500333
0.940 	25.020087
0.941 	25.272806
0.942 	25.537948
0.943 	25.445445
0.944 	25.260081
0.945 	25.360603
0.946 	25.434237
0.947 	25.307963
0.948 	25.392343
0.949 	25.591580
0.950 	26.089458
0.951 	26.320453
0.952 	25.518423
0.953 	24.332856
0.954 	23.593114
0.955 	24.366700
0.956 	24.889538
0.957 	24.805955
0.958 	24.854518
0.959 	24.608026
0.960 	24.383296
0.961 	24.097990
0.962 	23.282992
0.963 	24.445946
0.964 	25.229356
0.965 	24.523428
0.966 	23.997017
0.967 	24.008174
0.968 	23.806631
0.969 	23.908799
0.970 	23.394638
0.971 	22.869954
0.972 	23.290287
0.973 	23.586608
0.974 	23.552521
0.975 	23.639622
0.976 	24.416837
0.977 	24.269613
0.978 	23.281171
0.979 	23.478335
0.980 	23.781308
0.981 	23.424027
0.982 	23.358524
0.983 	23.588119
0.984 	22.907569
0.985 	23.073660
0.986 	23.676146
0.987 	23.660250
0.988 	23.721661
0.989 	23.890961
0.990 	23.601912
0.991 	22.628463
0.992 	22.670250
0.993 	22.401520
0.994 	22.234548
0.995 	22.440544
0.996 	22.168217
0.997 	22.340417
0.998 	22.983185
0.999 	23.594458
1.000 	23.580451
1.001 	23.097793
1.002 	22.303462
1.003 	22.380246
1.004 	24.001160
1.005 	24.126888
1.006 	23.042594
1.007 	22.990289
1.008 	23.557040
1.009 	23.835174
1.010 	23.640338
1.011 	23.051091
1.012 	22.690409
1.013 	22.845687
1.014 	23.512055
1.015 	24.391294
1.016 	23.897905
1.017 	23.025655
1.018 	22.227093
1.019 	22.158564
1.020 	23.316068
1.021 	24.778282
1.022 	24.481003
1.023 	23.294303
1.024 	21.873609
1.025 	21.249741
1.026 	21.292256
1.027 	21.612124
1.028 	23.130119
1.029 	24.358747
1.030 	23.683702
1.031 	22.318060
1.032 	22.432806
1.033 	22.899245
1.034 	23.247693
1.035 	23.212036
1.036 	22.360776
1.037 	22.226911
1.038 	22.792564
1.039 	23.041151
1.040 	22.479538
1.041 	22.844233
1.042 	23.968943
1.043 	24.274526
1.044 	23.382545
1.045 	22.369329
1.046 	22.130570
1.047 	22.461437
1.048 	22.695083
1.049 	22.345736
1.050 	21.922413
1.051 	22.174436
1.052 	23.264898
1.053 	24.145087
1.054 	23.751925
1.055 	23.179264
1.056 	22.827689
1.057 	22.923972
1.058 	23.107431
1.059 	22.849221
1.060 	22.471861
1.061 	22.960138
1.062 	23.717576
1.063 	24.096416
1.064 	24.718591
1.065 	24.887657
1.066 	24.149623
1.067 	23.527276
1.068 	23.161043
1.069 	22.810655
1.070 	22.437237
1.071 	22.654234
1.072 	23.288991
1.073 	24.317079
1.074 	24.635906
1.075 	23.902096
1.076 	23.363468
1.077 	23.017737
1.078 	22.330325
1.079 	21.637188
1.080 	20.994357
1.081 	20.913766
1.082 	21.484720
1.083 	22.494184
1.084 	23.664249
1.085 	24.593864
1.086 	25.072010
1.087 	24.737124
1.088 	24.381419
1.089 	23.645602
1.090 	22.804767
1.091 	22.840358
1.092 	23.501320
1.093 	23.622159
1.094 	23.023276
1.095 	23.024455
1.096 	23.748664
1.097 	24.451250
1.098 	24.464511
1.099 	23.289948
1.100 	22.020118
1.101 	21.623643
1.102 	22.248531
1.103 	22.877843
1.104 	22.896609
1.105 	23.042803
1.106 	23.495351
1.107 	23.159889
1.108 	22.218995
1.109 	22.225814
1.110 	23.111065
1.111 	23.459150
1.112 	23.183536
1.113 	22.860893
1.114 	22.258991
1.115 	21.803847
1.116 	21.815401
1.117 	22.248554
1.118 	22.562853
1.119 	22.470155
1.120 	22.407427
1.121 	22.663404
1.122 	23.116455
1.123 	23.582544
1.124 	24.009996
1.125 	23.908059
1.126 	23.552469
1.127 	23.283828
1.128 	22.614504
1.129 	21.409246
1.130 	20.783903
1.131 	21.412945
1.132 	22.233258
1.133 	22.367273
1.134 	21.967898
1.135 	21.666929
1.136 	21.866163
1.137 	22.177778
1.138 	21.668276
1.139 	20.205759
1.140 	19.629200
1.141 	20.535812
1.142 	21.937484
1.143 	22.799252
1.144 	22.856899
1.145 	22.591999
1.146 	22.077938
1.147 	21.401440
1.148 	20.764023
1.149 	20.541593
1.150 	20.828924
1.151 	21.409581
1.152 	21.157030
1.153 	19.806520
1.154 	19.278293
1.155 	19.975428
1.156 	20.593571
1.157 	20.747280
1.158 	20.449112
1.159 	19.997127
1.160 	19.740079
1.161 	19.379359
1.162 	19.406463
1.163 	19.613998
1.164 	19.267276
1.165 	19.258529
1.166 	19.963992
1.167 	20.212633
1.168 	19.692058
1.169 	19.376854
1.170 	19.400474
1.171 	18.933760
1.172 	18.327310
1.173 	18.061986
1.174 	17.854301
1.175 	18.041550
1.176 	18.807453
1.177 	19.691166
1.178 	19.979435
1.179 	19.923308
1.180 	20.427462
1.181 	21.099493
1.182 	20.754458
1.183 	19.593538
1.184 	18.774011
1.185 	18.272335
1.186 	18.201044
1.187 	19.079057
1.188 	20.079295
1.189 	19.946123
1.190 	18.976401
1.191 	18.219155
1.192 	18.276538
1.193 	19.047605
1.194 	19.987003
1.195 	20.580167
1.196 	20.118065
1.197 	18.993596
1.198 	18.968047
1.199 	20.215300
1.200 	20.529845
1.201 	19.749234
1.202 	19.094743
1.203 	18.607922
1.204 	18.469633
1.205 	18.847379
1.206 	19.008513
1.207 	18.734994
1.208 	18.430524
1.209 	18.117962
1.210 	18.137772
1.211 	18.447170
1.212 	18.363698
1.213 	17.853542
1.214 	17.674136
1.215 	18.424273
1.216 	19.423662
1.217 	19.723575
1.218 	19.672302
1.219 	19.800758
1.220 	20.053165
1.221 	20.567241
1.222 	21.107611
1.223 	20.774443
1.224 	19.677678
1.225 	18.818760
1.226 	18.638245
1.227 	19.054413
1.228 	19.323701
1.229 	18.637538
1.230 	17.660698
1.231 	17.450084
1.232 	18.212293
1.233 	19.555698
1.234 	20.507969
1.235 	20.548511
1.236 	19.871467
1.237 	19.028166
1.238 	18.906554
1.239 	19.914716
1.240 	20.727594
1.241 	20.731857
1.242 	20.322540
1.243 	19.613305
1.244 	19.224752
1.245 	19.602165
1.246 	20.277689
1.247 	20.462103
1.248 	20.566997
1.249 	20.987438
1.250 	20.834894
1.251 	19.736263
1.252 	18.891616
1.253 	19.115005
1.254 	20.024242
1.255 	20.745814
1.256 	20.790056
1.257 	20.410202
1.258 	20.005192
1.259 	19.379308
1.260 	18.570349
1.261 	18.070570
1.262 	18.242361
1.263 	18.841336
1.264 	19.440632
1.265 	19.817294
1.266 	19.936825
1.267 	20.038041
1.268 	19.931873
1.269 	19.407420
1.270 	19.171142
1.271 	19.417019
1.272 	19.871376
1.273 	20.399038
1.274 	20.485154
1.275 	20.112840
1.276 	19.549997
1.277 	18.978165
1.278 	18.451794
1.279 	18.112893
1.280 	18.161455
1.281 	18.434684
1.282 	18.771676
1.283 	19.264953
1.284 	19.574954
1.285 	19.601241
1.286 	19.763237
1.287 	20.004363
1.288 	20.021186
1.289 	19.891033
1.290 	19.672546
1.291 	19.629793
1.292 	20.327125
1.293 	21.228043
1.294 	21.312203
1.295 	20.053839
1.296 	18.596664
1.297 	18.630549
1.298 	19.589968
1.299 	20.038690
1.300 	19.648894
1.301 	19.087776
1.302 	18.868645
1.303 	19.132926
1.304 	19.329216
1.305 	18.963924
1.306 	18.649358
1.307 	18.547937
1.308 	18.374342
1.309 	18.212373
1.310 	18.134109
1.311 	17.998396
1.312 	18.306198
1.313 	18.982152
1.314 	19.228217
1.315 	19.126211
1.316 	19.476414
1.317 	20.058991
1.318 	19.428666
1.319 	18.064935
1.320 	17.820114
1.321 	18.440991
1.322 	18.436562
1.323 	17.434613
1.324 	16.525592
1.325 	16.208571
1.326 	16.651954
1.327 	17.548821
1.328 	18.028807
1.329 	17.670032
1.330 	17.041992
1.331 	17.362763
1.332 	18.359646
1.333 	18.616326
1.334 	18.036399
1.335 	17.330843
1.336 	17.245190
1.337 	17.850034
1.338 	18.286185
1.339 	18.055362
1.340 	17.423404
1.341 	16.777181
1.342 	16.887466
1.343 	17.631559
1.344 	17.581727
1.345 	16.584206
1.346 	15.518768
1.347 	14.918590
1.348 	14.935058
1.349 	14.858443
1.350 	14.507821
1.351 	14.554242
1.352 	15.217509
1.353 	16.074784
1.354 	16.149437
1.355 	15.037216
1.356 	13.828464
1.357 	13.765458
1.358 	14.861511
1.359 	16.127641
1.360 	16.676742
1.361 	16.358840
1.362 	16.102817
1.363 	16.511028
1.364 	17.159589
1.365 	17.511601
1.366 	17.133293
1.367 	15.874581
1.368 	14.112359
1.369 	13.054940
1.370 	13.038426
1.371 	13.840262
1.372 	15.005563
1.373 	14.965964
1.374 	13.725117
1.375 	12.966759
1.376 	13.570705
1.377 	14.407721
1.378 	14.636063
1.379 	13.732147
1.380 	11.606019
1.381 	10.722942
1.382 	12.111220
1.383 	14.098968
1.384 	15.119052
1.385 	14.629883
1.386 	13.694989
1.387 	12.810895
1.388 	11.847583
1.389 	11.153507
1.390 	10.965699
1.391 	10.668731
1.392 	10.215814
1.393 	10.536515
1.394 	11.578362
1.395 	11.924161
1.396 	11.335518
1.397 	10.390344
1.398 	9.841343
1.399 	9.653732
1.400 	8.835386
1.401 	7.848054
1.402 	8.282131
1.403 	9.735634
1.404 	10.494028
1.405 	10.075533
1.406 	9.512353
1.407 	9.466726
1.408 	9.608732
1.409 	9.339208
1.410 	8.589537
1.411 	8.566595
1.412 	9.308667
1.413 	9.571488
1.414 	9.497027
1.415 	9.461156
1.416 	8.854974
1.417 	7.899946
1.418 	7.560937
1.419 	7.780141
1.420 	8.145925
1.421 	8.339492
1.422 	8.442888
1.423 	8.636216
1.424 	8.639977
1.425 	7.730533
1.426 	6.418676
1.427 	6.072069
1.428 	6.560419
1.429 	7.291717
1.430 	7.745713
1.431 	7.415790
1.432 	6.551976
1.433 	6.426872
1.434 	7.251352
1.435 	8.392699
1.436 	9.086726
1.437 	7.936699
1.438 	5.831859
1.439 	5.223560
1.440 	6.097298
1.441 	7.365250
1.442 	8.904817
1.443 	10.133406
1.444 	10.101224
1.445 	9.712988
1.446 	9.651247
1.447 	8.695998
1.448 	7.697933
1.449 	7.866307
1.450 	8.716633
1.451 	8.898285
1.452 	7.543542
1.453 	6.399765
1.454 	6.896827
1.455 	8.113965
1.456 	8.325782
1.457 	7.468279
1.458 	6.896910
1.459 	7.670296
1.460 	8.842561
1.461 	9.027945
1.462 	7.968285
1.463 	6.461390
1.464 	6.513608
1.465 	8.778483
1.466 	11.050559
1.467 	11.261920
1.468 	9.521044
1.469 	7.208295
1.470 	6.411588
1.471 	7.462595
1.472 	8.112254
1.473 	8.161766
1.474 	8.593441
1.475 	8.418184
1.476 	8.026619
1.477 	7.904568
1.478 	7.497430
1.479 	7.872072
1.480 	9.280829
1.481 	10.590377
1.482 	10.596993
1.483 	9.289313
1.484 	8.057114
1.485 	8.288767
1.486 	8.576136
1.487 	7.958295
1.488 	7.905981
1.489 	8.303120
1.490 	8.024408
1.491 	7.975563
1.492 	9.248712
1.493 	10.155259
1.494 	9.207956
1.495 	7.645964
1.496 	7.569253
1.497 	9.633082
1.498 	11.214282
1.499 	10.236584
1.500 	8.343744
1.501 	7.755574
1.502 	8.607327
1.503 	8.938625
1.504 	8.632972
1.505 	8.788693
1.506 	9.517257
1.507 	9.290713
1.508 	8.324534
1.509 	7.528321
1.510 	8.100558
1.511 	10.037106
1.512 	10.211733
1.513 	8.547234
1.514 	9.005795
1.515 	11.430821
1.516 	12.810237
1.517 	11.897306
1.518 	10.362384
1.519 	10.419496
1.520 	11.448822
1.521 	11.298665
1.522 	9.443119
1.523 	7.914358
1.524 	8.161785
1.525 	9.154286
1.526 	9.384130
1.527 	8.693219
1.528 	9.468601
1.529 	11.604545
1.530 	12.770003
1.531 	13.254300
1.532 	13.669218
1.533 	12.396192
1.534 	9.001105
1.535 	6.397123
1.536 	7.203083
1.537 	8.716166
1.538 	10.684367
1.539 	12.456974
1.540 	12.380596
1.541 	11.386317
1.542 	10.625258
1.543 	10.680723
1.544 	10.888663
1.545 	10.789416
1.546 	11.395396
1.547 	12.587889
1.548 	13.031682
1.549 	12.194394
1.550 	10.311250
1.551 	9.995464
1.552 	10.931514
1.553 	12.207662
1.554 	13.353447
1.555 	13.679356
1.556 	12.437715
1.557 	9.769320
1.558 	9.345708
1.559 	10.782548
1.560 	10.908929
1.561 	10.890426
1.562 	11.674535
1.563 	10.343206
1.564 	9.266618
1.565 	10.436698
1.566 	11.751113
1.567 	10.933675
1.568 	9.644874
1.569 	11.485214
1.570 	13.380723
1.571 	12.554135
1.572 	11.398378
1.573 	9.791083
1.574 	10.228173
1.575 	12.116061
1.576 	11.557802
1.577 	10.816469
1.578 	9.897888
1.579 	9.313694
1.580 	11.488840
1.581 	13.894526
1.582 	13.773098
1.583 	12.570548
1.584 	12.419562
1.585 	12.154031
1.586 	11.916516
1.587 	13.450551
1.588 	14.667921
1.589 	14.954194
1.590 	12.925278
1.591 	12.482424
1.592 	14.421980
1.593 	13.255830
1.594 	12.295498
1.595 	12.453875
1.596 	13.367662
1.597 	13.845223
1.598 	14.220315
1.599 	13.588445
1.600 	11.092869
1.601 	11.727091
1.602 	13.328828
1.603 	12.901567
1.604 	12.982796
1.605 	12.262312
1.606 	11.476480
1.607 	14.886632
1.608 	16.078203
1.609 	13.017881
1.610 	10.886423
1.611 	12.935597
1.612 	14.500850
1.613 	15.375785
1.614 	16.766268
1.615 	15.679256
1.616 	12.993657
1.617 	9.799474
1.618 	8.781566
1.619 	11.907541
1.620 	13.794154
1.621 	13.358297
1.622 	12.390932
1.623 	12.280654
1.624 	12.475627
1.625 	13.212820
1.626 	14.441052
1.627 	13.580719
1.628 	11.931895
1.629 	12.449774
1.630 	13.849402
1.631 	13.447093
1.632 	10.683584
1.633 	11.802313
1.634 	14.579465
1.635 	15.289285
1.636 	15.099256
1.637 	15.467101
1.638 	15.793589
1.639 	13.528704
1.640 	11.839072
1.641 	10.950267
1.642 	12.060241
1.643 	14.251976
1.644 	12.807442
1.645 	10.489999
1.646 	14.820302
1.647 	17.490276
1.648 	13.805619
1.649 	9.410382
1.650 	12.457047
1.651 	16.312614
1.652 	13.189672
1.653 	11.281859
1.654 	13.733785
1.655 	14.163292
1.656 	14.383164
1.657 	16.144945
1.658 	16.292008
1.659 	14.906169
1.660 	16.658337
1.661 	15.642272
1.662 	17.326511
1.663 	16.079098
1.664 	15.128202
1.665 	7.441876
1.666 	9.879878
1.667 	18.445622
1.668 	12.812539
1.669 	7.821030
1.670 	10.513085
1.671 	16.617873
1.672 	15.329469
1.673 	11.102824
1.674 	14.203416
1.675 	13.997434
1.676 	15.998054
1.677 	15.112603
1.678 	2.757293
1.679 	13.323616
1.680 	20.513174
1.681 	11.636340
1.682 	14.531969
1.683 	12.710939
1.684 	13.919630
1.685 	12.596176
1.686 	15.038013
1.687 	10.255923
1.688 	1.920398
1.689 	18.578978
1.690 	21.170232
1.691 	11.346625
1.692 	4.401292
1.693 	17.602559
1.694 	23.634323
1.695 	5.675372
1.696 	-2.004506
1.697 	21.256481
1.698 	2.503857
1.699 	16.507075
1.700 	37.050947
