0.660 	37.698383
0.661 	33.426526
0.662 	33.892698
0.663 	32.577915
0.664 	36.743738
0.665 	32.883217
0.666 	28.935448
0.667 	37.548199
0.668 	32.890134
0.669 	36.055132
0.670 	33.510026
0.671 	28.876834
0.672 	34.083393
0.673 	32.461869
0.674 	27.965838
0.675 	33.582636
0.676 	39.251054
0.677 	34.555728
0.678 	31.809819
0.679 	30.845017
0.680 	33.209433
0.681 	38.067029
0.682 	30.763603
0.683 	28.444702
0.684 	32.903752
0.685 	34.803960
0.686 	34.827630
0.687 	33.702430
0.688 	34.005417
0.689 	32.990209
0.690 	30.201477
0.691 	31.911768
0.692 	32.055386
0.693 	29.712615
0.694 	32.347193
0.695 	35.188973
0.696 	34.263220
0.697 	32.174362
0.698 	30.597580
0.699 	30.308138
0.700 	28.114085
0.701 	31.302903
0.702 	33.092381
0.703 	28.713586
0.704 	31.038945
0.705 	33.924348
0.706 	37.266252
0.707 	33.179317
0.708 	30.654166
0.709 	32.152635
0.710 	32.381580
0.711 	29.342515
0.712 	27.577157
0.713 	29.819594
0.714 	31.171904
0.715 	30.114680
0.716 	30.853351
0.717 	30.271747
0.718 	29.253952
0.719 	31.218298
0.720 	31.052476
0.721 	33.047004
0.722 	32.209764
0.723 	28.672225
0.724 	28.474903
0.725 	30.672537
0.726 	31.276187
0.727 	30.440412
0.728 	30.277861
0.729 	29.142687
0.730 	30.435238
0.731 	30.521516
0.732 	31.476393
0.733 	32.196667
0.734 	29.119060
0.735 	27.884880
0.736 	31.895003
0.737 	33.734093
0.738 	33.409533
0.739 	31.212614
0.740 	28.098972
0.741 	27.692460
0.742 	28.833406
0.743 	29.109701
0.744 	29.563163
0.745 	30.994449
0.746 	30.977945
0.747 	29.379802
0.748 	29.607515
0.749 	31.971216
0.750 	32.643232
0.751 	31.624116
0.752 	30.140428
0.753 	29.809589
0.754 	29.496478
0.755 	29.804081
0.756 	30.236044
0.757 	29.111110
0.758 	30.272070
0.759 	31.221783
0.760 	30.521200
0.761 	30.572464
0.762 	30.563130
0.763 	30.230934
0.764 	29.930779
0.765 	29.246413
0.766 	28.887619
0.767 	30.508304
0.768 	30.802526
0.769 	29.653869
0.770 	28.929058
0.771 	28.809560
0.772 	28.306587
0.773 	29.128482
0.774 	30.287477
0.775 	30.783934
0.776 	31.119401
0.777 	30.683661
0.778 	28.466901
0.779 	27.009898
0.780 	28.390230
0.781 	29.569706
0.782 	29.407891
0.783 	28.900326
0.784 	29.615854
0.785 	30.371762
0.786 	29.577449
0.787 	29.584015
0.788 	30.081377
0.789 	29.673641
0.790 	30.140832
0.791 	30.854573
0.792 	30.961560
0.793 	29.607113
0.794 	28.296192
0.795 	28.487414
0.796 	28.733452
0.797 	28.593670
0.798 	28.527396
0.799 	28.853062
0.800 	28.897550
0.801 	28.662219
0.802 	28.379504
0.803 	28.435850
0.804 	29.273244
0.805 	29.606430
0.806 	28.603264
0.807 	27.421292
0.808 	27.026256
0.809 	27.652400
0.810 	28.254180
0.811 	28.683140
0.812 	29.261039
0.813 	29.719278
0.814 	29.805991
0.815 	29.012841
0.816 	27.922696
0.817 	27.662562
0.818 	28.661808
0.819 	29.535753
0.820 	28.850704
0.821 	28.188508
0.822 	28.302732
0.823 	28.300300
0.824 	28.831450
0.825 	29.455605
0.826 	29.103243
0.827 	28.539368
0.828 	28.048262
0.829 	27.780719
0.830 	28.053417
0.831 	28.116345
0.832 	27.855218
0.833 	27.753621
0.834 	28.132405
0.835 	28.617283
0.836 	29.000466
0.837 	29.100068
0.838 	28.778526
0.839 	28.340304
0.840 	28.142576
0.841 	28.050993
0.842 	28.398215
0.843 	29.150034
0.844 	28.856992
0.845 	27.815982
0.846 	27.726981
0.847 	27.506324
0.848 	26.726845
0.849 	27.019322
0.850 	28.054701
0.851 	28.437252
0.852 	27.923806
0.853 	27.182375
0.854 	26.923877
0.855 	27.511852
0.856 	28.246397
0.857 	28.473833
0.858 	28.377883
0.859 	27.446216
0.860 	26.645821
0.861 	27.323634
0.862 	28.063285
0.863 	27.978653
0.864 	28.243442
0.865 	28.549886
0.866 	27.827591
0.867 	26.913007
0.868 	26.605671
0.869 	26.531753
0.870 	26.832625
0.871 	27.473642
0.872 	28.044247
0.873 	28.435916
0.874 	28.414033
0.875 	27.396870
0.876 	26.020241
0.877 	25.610834
0.878 	25.990574
0.879 	26.475654
0.880 	26.920115
0.881 	27.386904
0.882 	28.134503
0.883 	28.722636
0.884 	28.575135
0.885 	27.977343
0.886 	27.280091
0.887 	26.939435
0.888 	26.995565
0.889 	27.014752
0.890 	26.679636
0.891 	25.961630
0.892 	25.549424
0.893 	25.953614
0.894 	26.407368
0.895 	26.567876
0.896 	26.808062
0.897 	27.165490
0.898 	27.740984
0.899 	28.048528
0.900 	27.403598
0.901 	26.827670
0.902 	27.295913
0.903 	27.967993
0.904 	28.237489
0.905 	27.785385
0.906 	26.513237
0.907 	25.274185
0.908 	25.021943
0.909 	25.771476
0.910 	26.426883
0.911 	26.386509
0.912 	25.802017
0.913 	25.062812
0.914 	24.653540
0.915 	24.952841
0.916 	26.181619
0.917 	27.117085
0.918 	26.915861
0.919 	26.350789
0.920 	26.189183
0.921 	26.354541
0.922 	26.412480
0.923 	26.197566
0.924 	25.857059
0.925 	25.555814
0.926 	25.391606
0.927 	26.014471
0.928 	27.480614
0.929 	28.045706
0.930 	27.292715
0.931 	26.223333
0.932 	25.782125
0.933 	25.913049
0.934 	25.735888
0.935 	25.045862
0.936 	24.868459
0.937 	25.330200
0.938 	25.378068
0.939 	25.045354
0.940 	24.930162
0.941 	25.337840
0.942 	25.398345
0.943 	25.185605
0.944 	24.719923
0.945 	24.570697
0.946 	24.414537
0.947 	24.509571
0.948 	25.323754
0.949 	25.499563
0.950 	25.319402
0.951 	25.563007
0.952 	25.035605
0.953 	24.050009
0.954 	23.914993
0.955 	24.212399
0.956 	24.680123
0.957 	25.099348
0.958 	24.566905
0.959 	24.165471
0.960 	23.820200
0.961 	23.641199
0.962 	23.667466
0.963 	24.468197
0.964 	24.532183
0.965 	24.430057
0.966 	24.678503
0.967 	24.655991
0.968 	24.233513
0.969 	23.981508
0.970 	23.000956
0.971 	22.782706
0.972 	23.387470
0.973 	23.671612
0.974 	23.827415
0.975 	23.865724
0.976 	24.328036
0.977 	24.083431
0.978 	23.347438
0.979 	23.692079
0.980 	23.591531
0.981 	22.918234
0.982 	23.487023
0.983 	24.818796
0.984 	23.992475
0.985 	22.364606
0.986 	22.635794
0.987 	23.935516
0.988 	24.098186
0.989 	23.553762
0.990 	23.028262
0.991 	22.352460
0.992 	22.425233
0.993 	23.038922
0.994 	23.123840
0.995 	23.198288
0.996 	22.930233
0.997 	22.272503
0.998 	21.644391
0.999 	22.128084
1.000 	23.638992
1.001 	24.208414
1.002 	23.168462
1.003 	21.928943
1.004 	21.436944
1.005 	21.447670
1.006 	22.259587
1.007 	22.994896
1.008 	23.147272
1.009 	23.536146
1.010 	23.530746
1.011 	23.173168
1.012 	23.180208
1.013 	23.563744
1.014 	22.938764
1.015 	22.926130
1.016 	23.515549
1.017 	23.371203
1.018 	23.704465
1.019 	24.261943
1.020 	24.555612
1.021 	23.574856
1.022 	22.613257
1.023 	22.889870
1.024 	22.530854
1.025 	21.579316
1.026 	21.589425
1.027 	22.454125
1.028 	22.796640
1.029 	22.319104
1.030 	21.612962
1.031 	21.710969
1.032 	22.424860
1.033 	23.350747
1.034 	23.577671
1.035 	22.505154
1.036 	21.667055
1.037 	21.877065
1.038 	22.270997
1.039 	22.649741
1.040 	22.676440
1.041 	23.681582
1.042 	24.488525
1.043 	23.967646
1.044 	22.611484
1.045 	21.875202
1.046 	22.441646
1.047 	23.572111
1.048 	23.856072
1.049 	22.810142
1.050 	21.903828
1.051 	21.825829
1.052 	22.796607
1.053 	24.154920
1.054 	24.223819
1.055 	23.420680
1.056 	22.306165
1.057 	22.215734
1.058 	22.840484
1.059 	22.400795
1.060 	21.382995
1.061 	21.894456
1.062 	23.513752
1.063 	24.282262
1.064 	23.715787
1.065 	23.286658
1.066 	23.547520
1.067 	23.642396
1.068 	23.579381
1.069 	23.436743
1.070 	22.734642
1.071 	21.865560
1.072 	21.955258
1.073 	23.235787
1.074 	24.572811
1.075 	24.141397
1.076 	22.569091
1.077 	21.634425
1.078 	21.943333
1.079 	22.777495
1.080 	23.091791
1.081 	23.158426
1.082 	22.860264
1.083 	22.710002
1.084 	22.978459
1.085 	23.664045
1.086 	24.305806
1.087 	24.132406
1.088 	23.503970
1.089 	23.005020
1.090 	23.093303
1.091 	23.331099
1.092 	22.939066
1.093 	22.353285
1.094 	22.109237
1.095 	21.782807
1.096 	21.541940
1.097 	22.605653
1.098 	24.091616
1.099 	23.924085
1.100 	23.106441
1.101 	23.536997
1.102 	24.378980
1.103 	24.430239
1.104 	23.918862
1.105 	23.522022
1.106 	23.414733
1.107 	22.974852
1.108 	22.161493
1.109 	21.832487
1.110 	22.117765
1.111 	22.212050
1.112 	22.510573
1.113 	23.051587
1.114 	22.894560
1.115 	22.292181
1.116 	21.621355
1.117 	21.953980
1.118 	22.785832
1.119 	22.935234
1.120 	22.756470
1.121 	22.633765
1.122 	22.743797
1.123 	23.002060
1.124 	22.979331
1.125 	22.634773
1.126 	22.626048
1.127 	22.852513
1.128 	22.712846
1.129 	21.742401
1.130 	20.439320
1.131 	20.271578
1.132 	20.913700
1.133 	21.432683
1.134 	21.589855
1.135 	21.825266
1.136 	22.471690
1.137 	22.407400
1.138 	21.317225
1.139 	20.700892
1.140 	21.164055
1.141 	21.377138
1.142 	21.183229
1.143 	21.469221
1.144 	22.063098
1.145 	22.300479
1.146 	22.085527
1.147 	21.061103
1.148 	19.626277
1.149 	19.305324
1.150 	19.922606
1.151 	20.497711
1.152 	20.507423
1.153 	20.079582
1.154 	19.705668
1.155 	19.226112
1.156 	19.079740
1.157 	19.574437
1.158 	19.780039
1.159 	19.606403
1.160 	20.008007
1.161 	20.857529
1.162 	21.250756
1.163 	20.778179
1.164 	19.632526
1.165 	18.576233
1.166 	18.491656
1.167 	19.174556
1.168 	19.466890
1.169 	19.107456
1.170 	18.944248
1.171 	19.075430
1.172 	18.744889
1.173 	18.057321
1.174 	17.780831
1.175 	18.045494
1.176 	18.571359
1.177 	19.204165
1.178 	19.504119
1.179 	19.662902
1.180 	20.016322
1.181 	20.147342
1.182 	19.748910
1.183 	19.122179
1.184 	18.799465
1.185 	19.240004
1.186 	20.486084
1.187 	21.179906
1.188 	20.071721
1.189 	18.028737
1.190 	16.839160
1.191 	17.297788
1.192 	18.577757
1.193 	19.464887
1.194 	19.541913
1.195 	19.519658
1.196 	19.826021
1.197 	19.709465
1.198 	19.121093
1.199 	18.941343
1.200 	19.354210
1.201 	19.650863
1.202 	19.297867
1.203 	18.522090
1.204 	18.366879
1.205 	18.882647
1.206 	19.048762
1.207 	18.767887
1.208 	18.473662
1.209 	18.366306
1.210 	18.759040
1.211 	19.384563
1.212 	19.110545
1.213 	17.897793
1.214 	17.590071
1.215 	18.671993
1.216 	19.572762
1.217 	19.495739
1.218 	19.041576
1.219 	18.723738
1.220 	18.465698
1.221 	18.565553
1.222 	19.360189
1.223 	19.950689
1.224 	19.627479
1.225 	18.988846
1.226 	18.763770
1.227 	19.061842
1.228 	18.916354
1.229 	17.986980
1.230 	17.068117
1.231 	16.743587
1.232 	17.510730
1.233 	19.116920
1.234 	20.174082
1.235 	20.197169
1.236 	20.002284
1.237 	19.866932
1.238 	19.606095
1.239 	19.398705
1.240 	19.344121
1.241 	19.748168
1.242 	20.138381
1.243 	19.627328
1.244 	18.526362
1.245 	18.155738
1.246 	19.036716
1.247 	20.031436
1.248 	20.841541
1.249 	21.623200
1.250 	21.541441
1.251 	19.971907
1.252 	18.308023
1.253 	17.985100
1.254 	19.060774
1.255 	20.389301
1.256 	21.094994
1.257 	20.657242
1.258 	19.750171
1.259 	19.255538
1.260 	18.932200
1.261 	18.850628
1.262 	19.211759
1.263 	19.330362
1.264 	18.843333
1.265 	18.507718
1.266 	18.611601
1.267 	19.223603
1.268 	20.032427
1.269 	20.453542
1.270 	20.864438
1.271 	21.147504
1.272 	20.509024
1.273 	19.359492
1.274 	18.925808
1.275 	19.359509
1.276 	19.521249
1.277 	18.925434
1.278 	18.361189
1.279 	18.355356
1.280 	18.651371
1.281 	18.681998
1.282 	18.406593
1.283 	18.237431
1.284 	18.458581
1.285 	19.506275
1.286 	20.567230
1.287 	20.252866
1.288 	19.255463
1.289 	18.384095
1.290 	18.411027
1.291 	19.298386
1.292 	19.722288
1.293 	19.229688
1.294 	18.912655
1.295 	19.058535
1.296 	19.113941
1.297 	19.110584
1.298 	19.427643
1.299 	19.792116
1.300 	19.271827
1.301 	18.302728
1.302 	17.902661
1.303 	18.310467
1.304 	18.816666
1.305 	18.935115
1.306 	19.282604
1.307 	19.313122
1.308 	18.607405
1.309 	18.277700
1.310 	18.566618
1.311 	18.578574
1.312 	18.332243
1.313 	18.333528
1.314 	18.781961
1.315 	19.365420
1.316 	19.412111
1.317 	18.691643
1.318 	17.478331
1.319 	16.490637
1.320 	16.411530
1.321 	16.984164
1.322 	17.259612
1.323 	16.972226
1.324 	16.768073
1.325 	16.662552
1.326 	17.191649
1.327 	18.272485
1.328 	18.756481
1.329 	18.576496
1.330 	18.135790
1.331 	17.623308
1.332 	17.366962
1.333 	17.444223
1.334 	17.069054
1.335 	16.385838
1.336 	16.193439
1.337 	16.437735
1.338 	16.632266
1.339 	16.546695
1.340 	16.917792
1.341 	17.957824
1.342 	18.419676
1.343 	17.347109
1.344 	16.233687
1.345 	16.294320
1.346 	17.069398
1.347 	18.096502
1.348 	18.506046
1.349 	17.308988
1.350 	15.250530
1.351 	13.854019
1.352 	13.735885
1.353 	15.051392
1.354 	16.224376
1.355 	15.897080
1.356 	15.258831
1.357 	16.068575
1.358 	17.791915
1.359 	18.822307
1.360 	18.386425
1.361 	16.526350
1.362 	14.868823
1.363 	14.780057
1.364 	15.613223
1.365 	16.485502
1.366 	16.792711
1.367 	16.298314
1.368 	14.623294
1.369 	12.870517
1.370 	12.910814
1.371 	14.464616
1.372 	15.894983
1.373 	15.901974
1.374 	14.476829
1.375 	12.959262
1.376 	12.688465
1.377 	12.957147
1.378 	12.981467
1.379 	12.493209
1.380 	11.903394
1.381 	12.365331
1.382 	13.714186
1.383 	14.860529
1.384 	15.188763
1.385 	14.803533
1.386 	14.324263
1.387 	13.457338
1.388 	12.296161
1.389 	11.689061
1.390 	11.936931
1.391 	12.113969
1.392 	12.042312
1.393 	12.510189
1.394 	13.078969
1.395 	12.745016
1.396 	11.920544
1.397 	11.039997
1.398 	9.924354
1.399 	9.488001
1.400 	10.346865
1.401 	11.109250
1.402 	10.737675
1.403 	9.895206
1.404 	9.841496
1.405 	10.827463
1.406 	11.354191
1.407 	10.653153
1.408 	10.729723
1.409 	11.636157
1.410 	10.838372
1.411 	9.041335
1.412 	8.713063
1.413 	9.858892
1.414 	11.102205
1.415 	11.540951
1.416 	10.536663
1.417 	8.765227
1.418 	7.988868
1.419 	9.010181
1.420 	10.755992
1.421 	11.124708
1.422 	9.831047
1.423 	8.819726
1.424 	7.999833
1.425 	6.940713
1.426 	7.420280
1.427 	9.225732
1.428 	10.095947
1.429 	10.253259
1.430 	10.147862
1.431 	9.744171
1.432 	10.189425
1.433 	11.072873
1.434 	10.772506
1.435 	9.924850
1.436 	9.622750
1.437 	8.965416
1.438 	8.072394
1.439 	8.043027
1.440 	7.997223
1.441 	7.164504
1.442 	7.786017
1.443 	10.117061
1.444 	10.875034
1.445 	9.547346
1.446 	8.531935
1.447 	8.767665
1.448 	10.351254
1.449 	11.957606
1.450 	11.829801
1.451 	10.254713
1.452 	9.292867
1.453 	9.694206
1.454 	9.575142
1.455 	8.787744
1.456 	8.627277
1.457 	8.917885
1.458 	9.432282
1.459 	10.274742
1.460 	10.194012
1.461 	9.153130
1.462 	8.142917
1.463 	7.935326
1.464 	9.450267
1.465 	11.873673
1.466 	12.903728
1.467 	11.931411
1.468 	10.467633
1.469 	9.084738
1.470 	8.260824
1.471 	8.866380
1.472 	9.404517
1.473 	9.652757
1.474 	10.002777
1.475 	8.867386
1.476 	7.553694
1.477 	8.071595
1.478 	10.027646
1.479 	11.911937
1.480 	12.430139
1.481 	12.052012
1.482 	10.268590
1.483 	7.307283
1.484 	6.197225
1.485 	7.835040
1.486 	9.706376
1.487 	10.462051
1.488 	11.391510
1.489 	12.517282
1.490 	11.860063
1.491 	9.382100
1.492 	7.858950
1.493 	8.888016
1.494 	10.610866
1.495 	11.326893
1.496 	10.742024
1.497 	9.149171
1.498 	8.266275
1.499 	9.286523
1.500 	10.447073
1.501 	10.946660
1.502 	9.713100
1.503 	8.002805
1.504 	9.096267
1.505 	11.381197
1.506 	12.842106
1.507 	12.908112
1.508 	12.234551
1.509 	11.173765
1.510 	10.990783
1.511 	12.167190
1.512 	11.656955
1.513 	10.160902
1.514 	11.733640
1.515 	13.974057
1.516 	13.323686
1.517 	10.588870
1.518 	7.452516
1.519 	7.198907
1.520 	10.025610
1.521 	12.525700
1.522 	13.082092
1.523 	11.336777
1.524 	10.092948
1.525 	10.524963
1.526 	10.824122
1.527 	10.361357
1.528 	10.857019
1.529 	12.102309
1.530 	11.843826
1.531 	10.904645
1.532 	11.727440
1.533 	13.454874
1.534 	13.470141
1.535 	10.640723
1.536 	8.454818
1.537 	9.111168
1.538 	11.652424
1.539 	13.291763
1.540 	12.696456
1.541 	11.238317
1.542 	10.360696
1.543 	10.423956
1.544 	9.892489
1.545 	9.428052
1.546 	10.566753
1.547 	12.182198
1.548 	12.496404
1.549 	13.084268
1.550 	14.468409
1.551 	14.856814
1.552 	13.364957
1.553 	10.226173
1.554 	9.249690
1.555 	11.799311
1.556 	13.520512
1.557 	12.398562
1.558 	12.487550
1.559 	13.468586
1.560 	12.473577
1.561 	11.083968
1.562 	11.305033
1.563 	11.873582
1.564 	11.379103
1.565 	13.082419
1.566 	14.757137
1.567 	13.029618
1.568 	12.418460
1.569 	14.323345
1.570 	14.432393
1.571 	12.432136
1.572 	10.496476
1.573 	10.043773
1.574 	12.457077
1.575 	13.122796
1.576 	11.300937
1.577 	11.948935
1.578 	14.060970
1.579 	13.414094
1.580 	12.354961
1.581 	10.805794
1.582 	9.954219
1.583 	11.129837
1.584 	11.431376
1.585 	11.833203
1.586 	12.317194
1.587 	13.428962
1.588 	14.450054
1.589 	14.275272
1.590 	13.035493
1.591 	13.560750
1.592 	16.089834
1.593 	16.598254
1.594 	15.263031
1.595 	13.016489
1.596 	12.240442
1.597 	12.930357
1.598 	13.784604
1.599 	13.419933
1.600 	12.615903
1.601 	14.261914
1.602 	15.374942
1.603 	13.329580
1.604 	12.107231
1.605 	13.495172
1.606 	13.219644
1.607 	13.222419
1.608 	13.530835
1.609 	13.026917
1.610 	12.559138
1.611 	12.747123
1.612 	13.609158
1.613 	13.779381
1.614 	13.914315
1.615 	13.920986
1.616 	12.854239
1.617 	11.515325
1.618 	11.775369
1.619 	14.725435
1.620 	14.936447
1.621 	13.715190
1.622 	13.769308
1.623 	13.469877
1.624 	13.395967
1.625 	15.506655
1.626 	15.099712
1.627 	12.338327
1.628 	11.355569
1.629 	11.054762
1.630 	11.722498
1.631 	13.368429
1.632 	14.929303
1.633 	14.526789
1.634 	14.464755
1.635 	15.937077
1.636 	15.847113
1.637 	15.167836
1.638 	16.483272
1.639 	15.495879
1.640 	12.750500
1.641 	11.351596
1.642 	12.127222
1.643 	14.101400
1.644 	15.926295
1.645 	12.797611
1.646 	11.220790
1.647 	12.164859
1.648 	11.744422
1.649 	11.953143
1.650 	12.322023
1.651 	11.949653
1.652 	11.819553
1.653 	14.329124
1.654 	16.063275
1.655 	13.149506
1.656 	10.375282
1.657 	14.640140
1.658 	20.105891
1.659 	14.272990
1.660 	11.455512
1.661 	15.412316
1.662 	18.115367
1.663 	20.287974
1.664 	21.686979
1.665 	14.235733
1.666 	10.047672
1.667 	10.211863
1.668 	6.502653
1.669 	6.543167
1.670 	11.131394
1.671 	18.598645
1.672 	13.495691
1.673 	8.220989
1.674 	18.479022
1.675 	15.323638
1.676 	11.114610
1.677 	16.853105
1.678 	9.762617
1.679 	11.214719
1.680 	22.514647
1.681 	20.674385
1.682 	8.533294
1.683 	5.642953
1.684 	4.031079
1.685 	8.337250
1.686 	17.181603
1.687 	22.611990
1.688 	11.664310
1.689 	5.683905
1.690 	14.493772
1.691 	16.357096
1.692 	-0.099133
1.693 	1.410109
1.694 	9.735025
1.695 	17.263411
1.696 	4.381759
1.697 	18.704348
1.698 	8.660602
1.699 	0.498103
1.700 	24.525293
