0.660 	35.465872
0.661 	31.362102
0.662 	33.972026
0.663 	32.781272
0.664 	37.913607
0.665 	32.495541
0.666 	37.424971
0.667 	33.924223
0.668 	31.040176
0.669 	36.799660
0.670 	31.418539
0.671 	33.544371
0.672 	34.678030
0.673 	34.364940
0.674 	32.667508
0.675 	34.335589
0.676 	33.366451
0.677 	32.469152
0.678 	34.474498
0.679 	34.529272
0.680 	33.511921
0.681 	35.513414
0.682 	32.559738
0.683 	33.712289
0.684 	34.324483
0.685 	33.419654
0.686 	33.621084
0.687 	33.950935
0.688 	32.700445
0.689 	32.513581
0.690 	34.353484
0.691 	34.381280
0.692 	33.087455
0.693 	33.202369
0.694 	32.600103
0.695 	33.785045
0.696 	34.605956
0.697 	32.955998
0.698 	33.722036
0.699 	34.156869
0.700 	33.987086
0.701 	33.909575
0.702 	33.049000
0.703 	30.594781
0.704 	30.887078
0.705 	33.985305
0.706 	33.565800
0.707 	33.085317
0.708 	33.579182
0.709 	33.214761
0.710 	33.947229
0.711 	34.470442
0.712 	32.926041
0.713 	32.445301
0.714 	33.530849
0.715 	33.733977
0.716 	32.380081
0.717 	32.123787
0.718 	32.939450
0.719 	32.876711
0.720 	34.176290
0.721 	34.451832
0.722 	32.203696
0.723 	32.112495
0.724 	33.561763
0.725 	34.967987
0.726 	34.534793
0.727 	33.472651
0.728 	31.421023
0.729 	30.936803
0.730 	31.542341
0.731 	29.822251
0.732 	31.643530
0.733 	34.092122
0.734 	32.506647
0.735 	30.349558
0.736 	31.103713
0.737 	32.489868
0.738 	31.995255
0.739 	31.639642
0.740 	32.196587
0.741 	31.977014
0.742 	31.757528
0.743 	32.634927
0.744 	32.338812
0.745 	32.429668
0.746 	32.520914
0.747 	32.685000
0.748 	32.649095
0.749 	32.495263
0.750 	31.945413
0.751 	31.189393
0.752 	31.853945
0.753 	32.383153
0.754 	31.883655
0.755 	31.216968
0.756 	31.079882
0.757 	31.861023
0.758 	32.747166
0.759 	31.774083
0.760 	31.178310
0.761 	32.308540
0.762 	32.219887
0.763 	31.393644
0.764 	31.262171
0.765 	31.180231
0.766 	31.307997
0.767 	31.523272
0.768 	32.241543
0.769 	32.331628
0.770 	31.658989
0.771 	32.251357
0.772 	32.694012
0.773 	32.258330
0.774 	31.818695
0.775 	30.868832
0.776 	30.277338
0.777 	30.697435
0.778 	31.335421
0.779 	30.799604
0.780 	29.800083
0.781 	30.186323
0.782 	31.012808
0.783 	31.020817
0.784 	30.913963
0.785 	31.200919
0.786 	31.866922
0.787 	31.961034
0.788 	30.833406
0.789 	30.248052
0.790 	31.102414
0.791 	32.031979
0.792 	30.953746
0.793 	29.631484
0.794 	30.015569
0.795 	31.041298
0.796 	31.300098
0.797 	30.774588
0.798 	29.970418
0.799 	29.666493
0.800 	30.086773
0.801 	31.020663
0.802 	31.571396
0.803 	31.171553
0.804 	30.702374
0.805 	30.922174
0.806 	30.874434
0.807 	30.707080
0.808 	30.777732
0.809 	30.419104
0.810 	29.968920
0.811 	29.491432
0.812 	29.662617
0.813 	30.601404
0.814 	31.217109
0.815 	31.050201
0.816 	30.274884
0.817 	29.884629
0.818 	30.367970
0.819 	30.802261
0.820 	30.741018
0.821 	30.258809
0.822 	29.804272
0.823 	29.660823
0.824 	30.183980
0.825 	31.184888
0.826 	31.736833
0.827 	31.651282
0.828 	30.901951
0.829 	29.686552
0.830 	28.933267
0.831 	29.504690
0.832 	30.586273
0.833 	30.386654
0.834 	29.487308
0.835 	29.770309
0.836 	30.540513
0.837 	30.293859
0.838 	29.722719
0.839 	29.955744
0.840 	30.682525
0.841 	30.480902
0.842 	29.294448
0.843 	28.708725
0.844 	29.421007
0.845 	30.336644
0.846 	30.102740
0.847 	28.932662
0.848 	28.581702
0.849 	29.359239
0.850 	30.015267
0.851 	30.113884
0.852 	29.891268
0.853 	29.601659
0.854 	29.521535
0.855 	29.602505
0.856 	29.632451
0.857 	29.309884
0.858 	28.636078
0.859 	28.129725
0.860 	28.056506
0.861 	28.276032
0.862 	28.731715
0.863 	29.130792
0.864 	29.156063
0.865 	28.847191
0.866 	28.716666
0.867 	28.782372
0.868 	28.922862
0.869 	29.255334
0.870 	29.727664
0.871 	29.780312
0.872 	29.312499
0.873 	28.999766
0.874 	29.006378
0.875 	29.152046
0.876 	29.076235
0.877 	28.556661
0.878 	28.160213
0.879 	28.624961
0.880 	29.430181
0.881 	29.577364
0.882 	29.074375
0.883 	28.416695
0.884 	27.948078
0.885 	28.046748
0.886 	28.600043
0.887 	28.780729
0.888 	28.354249
0.889 	28.268284
0.890 	28.552287
0.891 	28.718540
0.892 	28.772821
0.893 	28.507558
0.894 	28.226719
0.895 	28.355191
0.896 	28.574798
0.897 	28.842265
0.898 	28.948016
0.899 	28.619981
0.900 	28.186680
0.901 	27.849919
0.902 	27.637296
0.903 	27.607424
0.904 	27.948401
0.905 	28.378115
0.906 	28.386515
0.907 	28.308682
0.908 	28.273069
0.909 	28.255600
0.910 	28.479551
0.911 	28.611070
0.912 	28.212994
0.913 	27.645259
0.914 	27.477111
0.915 	27.771651
0.916 	28.086205
0.917 	28.019478
0.918 	27.757552
0.919 	27.682620
0.920 	28.011945
0.921 	28.350788
0.922 	28.283475
0.923 	28.009456
0.924 	28.030591
0.925 	28.176130
0.926 	27.765092
0.927 	27.185157
0.928 	27.261332
0.929 	27.692685
0.930 	27.705309
0.931 	27.218337
0.932 	26.711262
0.933 	26.963009
0.934 	27.391446
0.935 	27.234446
0.936 	27.088965
0.937 	27.401620
0.938 	27.596774
0.939 	27.269260
0.940 	26.923440
0.941 	26.597330
0.942 	26.078436
0.943 	25.875663
0.944 	26.209407
0.945 	26.737571
0.946 	27.194462
0.947 	27.211807
0.948 	26.876965
0.949 	26.663973
0.950 	26.769312
0.951 	26.781071
0.952 	26.476482
0.953 	26.655709
0.954 	26.751838
0.955 	26.534583
0.956 	26.662741
0.957 	26.977720
0.958 	27.238929
0.959 	26.808139
0.960 	25.379589
0.961 	24.968863
0.962 	25.625019
0.963 	26.048375
0.964 	26.434645
0.965 	26.284551
0.966 	25.782542
0.967 	25.953253
0.968 	26.434985
0.969 	26.933084
0.970 	27.148561
0.971 	26.608336
0.972 	25.967742
0.973 	25.834969
0.974 	26.225573
0.975 	26.152407
0.976 	25.633480
0.977 	25.402195
0.978 	25.854341
0.979 	26.248491
0.980 	25.807171
0.981 	25.964712
0.982 	26.309641
0.983 	26.042223
0.984 	25.543401
0.985 	25.264506
0.986 	25.785783
0.987 	26.045907
0.988 	26.441272
0.989 	26.259110
0.990 	25.869397
0.991 	25.706395
0.992 	25.889659
0.993 	26.429613
0.994 	26.912824
0.995 	26.383929
0.996 	25.883980
0.997 	26.113460
0.998 	26.387206
0.999 	26.096826
1.000 	25.779329
1.001 	26.015591
1.002 	26.111374
1.003 	25.922596
1.004 	25.751693
1.005 	25.967389
1.006 	26.156461
1.007 	26.189898
1.008 	26.284072
1.009 	26.486998
1.010 	26.789635
1.011 	26.917473
1.012 	26.086104
1.013 	25.209877
1.014 	25.188580
1.015 	25.594083
1.016 	26.030159
1.017 	26.429842
1.018 	26.372678
1.019 	26.660059
1.020 	26.700168
1.021 	26.542336
1.022 	26.500067
1.023 	26.713426
1.024 	27.202302
1.025 	26.950441
1.026 	26.476898
1.027 	26.238157
1.028 	26.323699
1.029 	26.778963
1.030 	26.817346
1.031 	26.071360
1.032 	25.457826
1.033 	25.785483
1.034 	26.371306
1.035 	26.186232
1.036 	26.214800
1.037 	27.215709
1.038 	26.617573
1.039 	25.080418
1.040 	24.973174
1.041 	25.746570
1.042 	26.381633
1.043 	26.870827
1.044 	26.626525
1.045 	26.513207
1.046 	26.948782
1.047 	26.671132
1.048 	26.212967
1.049 	26.689074
1.050 	26.552734
1.051 	25.553705
1.052 	25.166969
1.053 	25.710963
1.054 	26.472298
1.055 	27.083805
1.056 	27.297088
1.057 	27.195662
1.058 	26.884272
1.059 	26.402830
1.060 	26.422477
1.061 	26.716537
1.062 	26.942445
1.063 	26.881579
1.064 	26.485353
1.065 	26.147838
1.066 	26.038124
1.067 	26.174277
1.068 	26.405243
1.069 	26.299829
1.070 	26.377690
1.071 	26.964756
1.072 	26.991582
1.073 	26.106822
1.074 	25.974511
1.075 	26.913790
1.076 	27.390974
1.077 	27.321683
1.078 	27.245741
1.079 	26.995544
1.080 	26.869907
1.081 	26.770385
1.082 	26.302787
1.083 	25.599430
1.084 	25.283435
1.085 	25.887252
1.086 	26.499439
1.087 	26.227752
1.088 	25.692756
1.089 	25.796676
1.090 	26.224674
1.091 	26.267709
1.092 	26.001080
1.093 	25.879433
1.094 	25.871386
1.095 	26.129670
1.096 	26.258953
1.097 	26.057768
1.098 	25.945814
1.099 	26.127462
1.100 	26.181932
1.101 	25.569626
1.102 	25.339307
1.103 	25.846208
1.104 	25.887409
1.105 	25.482165
1.106 	25.451336
1.107 	25.557487
1.108 	25.658964
1.109 	26.012208
1.110 	26.539874
1.111 	26.980781
1.112 	26.749345
1.113 	26.139992
1.114 	25.950366
1.115 	26.266939
1.116 	26.540004
1.117 	26.109858
1.118 	25.904104
1.119 	26.391343
1.120 	26.481617
1.121 	25.985466
1.122 	25.316366
1.123 	24.884217
1.124 	25.136262
1.125 	25.468184
1.126 	25.162523
1.127 	24.958210
1.128 	25.439863
1.129 	25.887865
1.130 	25.969211
1.131 	25.815521
1.132 	25.541028
1.133 	25.418648
1.134 	24.880520
1.135 	23.991585
1.136 	24.030882
1.137 	24.623444
1.138 	24.620745
1.139 	24.198874
1.140 	23.840625
1.141 	23.491817
1.142 	23.514215
1.143 	24.391765
1.144 	25.019136
1.145 	24.252641
1.146 	23.199078
1.147 	22.982257
1.148 	23.260517
1.149 	23.297991
1.150 	23.006375
1.151 	23.004623
1.152 	23.359588
1.153 	23.419165
1.154 	23.108220
1.155 	22.636008
1.156 	22.462692
1.157 	22.803467
1.158 	23.256237
1.159 	23.485766
1.160 	23.263311
1.161 	22.543417
1.162 	21.865209
1.163 	21.681783
1.164 	21.945561
1.165 	22.604461
1.166 	22.954978
1.167 	22.151516
1.168 	21.454402
1.169 	21.917938
1.170 	22.415482
1.171 	22.513620
1.172 	22.781738
1.173 	23.026250
1.174 	22.707839
1.175 	22.048855
1.176 	21.611602
1.177 	21.472790
1.178 	21.550415
1.179 	21.803248
1.180 	22.059503
1.181 	22.220756
1.182 	22.360244
1.183 	22.329569
1.184 	22.114551
1.185 	21.986142
1.186 	21.959262
1.187 	21.945545
1.188 	21.970638
1.189 	22.027402
1.190 	22.251101
1.191 	22.439291
1.192 	22.359058
1.193 	21.981230
1.194 	21.753757
1.195 	21.962196
1.196 	22.205831
1.197 	22.341900
1.198 	22.403268
1.199 	22.387729
1.200 	22.321827
1.201 	22.191941
1.202 	21.921166
1.203 	21.490254
1.204 	21.093856
1.205 	20.856160
1.206 	20.790334
1.207 	20.936271
1.208 	21.338777
1.209 	21.486993
1.210 	21.174108
1.211 	21.055419
1.212 	21.258105
1.213 	21.614627
1.214 	22.052750
1.215 	22.506349
1.216 	22.553684
1.217 	22.095523
1.218 	21.738884
1.219 	21.769561
1.220 	22.007183
1.221 	22.102918
1.222 	22.158668
1.223 	22.197181
1.224 	22.077799
1.225 	21.992815
1.226 	22.407600
1.227 	22.909707
1.228 	22.864911
1.229 	22.824811
1.230 	22.968163
1.231 	22.819915
1.232 	22.503956
1.233 	22.393084
1.234 	22.331651
1.235 	22.328275
1.236 	22.390770
1.237 	22.235707
1.238 	22.119166
1.239 	22.308325
1.240 	22.296445
1.241 	21.846458
1.242 	21.634514
1.243 	21.928737
1.244 	22.290296
1.245 	22.667576
1.246 	22.978231
1.247 	22.771044
1.248 	22.275135
1.249 	21.973378
1.250 	21.779962
1.251 	21.817172
1.252 	22.391235
1.253 	23.209217
1.254 	23.547646
1.255 	23.476228
1.256 	23.322655
1.257 	22.926034
1.258 	22.261204
1.259 	21.940379
1.260 	22.124352
1.261 	22.337932
1.262 	22.273457
1.263 	22.310310
1.264 	22.585856
1.265 	22.744636
1.266 	22.648809
1.267 	22.578180
1.268 	22.840359
1.269 	23.173922
1.270 	23.026003
1.271 	22.631117
1.272 	22.344500
1.273 	21.964670
1.274 	21.597851
1.275 	22.003682
1.276 	23.133990
1.277 	23.949367
1.278 	23.712120
1.279 	23.217375
1.280 	22.691689
1.281 	22.246886
1.282 	22.040893
1.283 	21.979486
1.284 	22.027567
1.285 	22.076528
1.286 	21.985198
1.287 	22.011538
1.288 	21.913365
1.289 	21.399581
1.290 	21.067949
1.291 	21.173939
1.292 	21.463997
1.293 	21.758615
1.294 	21.771758
1.295 	21.670433
1.296 	22.156319
1.297 	23.252073
1.298 	23.701282
1.299 	23.257780
1.300 	22.701816
1.301 	22.418697
1.302 	22.317690
1.303 	21.950472
1.304 	21.494196
1.305 	21.792063
1.306 	22.428442
1.307 	22.592763
1.308 	22.127234
1.309 	21.489456
1.310 	21.140315
1.311 	21.158117
1.312 	21.225086
1.313 	21.149345
1.314 	21.463269
1.315 	22.399328
1.316 	22.831528
1.317 	22.296217
1.318 	21.835263
1.319 	21.816168
1.320 	21.655993
1.321 	21.214555
1.322 	20.791492
1.323 	20.506210
1.324 	20.553708
1.325 	21.103017
1.326 	21.486460
1.327 	20.908682
1.328 	20.111398
1.329 	20.319777
1.330 	21.314704
1.331 	22.082289
1.332 	21.774917
1.333 	20.827405
1.334 	19.954424
1.335 	19.765956
1.336 	20.215801
1.337 	20.511895
1.338 	19.987289
1.339 	19.139495
1.340 	18.800519
1.341 	19.046775
1.342 	19.861272
1.343 	20.622196
1.344 	20.824101
1.345 	20.374422
1.346 	19.580744
1.347 	19.202970
1.348 	19.662665
1.349 	20.041727
1.350 	19.815227
1.351 	19.450207
1.352 	19.160275
1.353 	19.019806
1.354 	19.416184
1.355 	20.004301
1.356 	19.514466
1.357 	18.191577
1.358 	17.912980
1.359 	19.074991
1.360 	19.998623
1.361 	19.336953
1.362 	18.062850
1.363 	17.356943
1.364 	17.728593
1.365 	18.742548
1.366 	19.131654
1.367 	18.826370
1.368 	18.461714
1.369 	17.657647
1.370 	16.656774
1.371 	16.375575
1.372 	16.792467
1.373 	17.515526
1.374 	17.993587
1.375 	18.041916
1.376 	17.937100
1.377 	17.842843
1.378 	17.577341
1.379 	17.318610
1.380 	17.259949
1.381 	17.339433
1.382 	17.690323
1.383 	17.926939
1.384 	17.395028
1.385 	16.583270
1.386 	15.442258
1.387 	13.784601
1.388 	12.668506
1.389 	12.811052
1.390 	13.262648
1.391 	13.754858
1.392 	14.170940
1.393 	14.488477
1.394 	14.912175
1.395 	15.257357
1.396 	15.333736
1.397 	15.082442
1.398 	14.824426
1.399 	14.786268
1.400 	14.268699
1.401 	12.852672
1.402 	11.674407
1.403 	11.972310
1.404 	13.265544
1.405 	13.772755
1.406 	12.949077
1.407 	12.000080
1.408 	11.290834
1.409 	10.966869
1.410 	11.296398
1.411 	12.144511
1.412 	13.185837
1.413 	13.588461
1.414 	12.790648
1.415 	11.665755
1.416 	11.189378
1.417 	11.250488
1.418 	11.500185
1.419 	11.670581
1.420 	12.121937
1.421 	12.860863
1.422 	12.821538
1.423 	11.607362
1.424 	10.607757
1.425 	11.019224
1.426 	12.008478
1.427 	12.071360
1.428 	10.741942
1.429 	9.431296
1.430 	9.742065
1.431 	11.057356
1.432 	12.091498
1.433 	12.120282
1.434 	11.307178
1.435 	10.624682
1.436 	10.696741
1.437 	11.753922
1.438 	13.010022
1.439 	13.188553
1.440 	12.274615
1.441 	11.058774
1.442 	10.197475
1.443 	9.742055
1.444 	9.733258
1.445 	10.361643
1.446 	11.113498
1.447 	11.221144
1.448 	11.176745
1.449 	11.515570
1.450 	11.576802
1.451 	11.120233
1.452 	10.989281
1.453 	11.582352
1.454 	11.784482
1.455 	10.945724
1.456 	10.360007
1.457 	11.116047
1.458 	11.963061
1.459 	11.355367
1.460 	9.725881
1.461 	9.052422
1.462 	9.677178
1.463 	10.053718
1.464 	10.121467
1.465 	11.038754
1.466 	12.276971
1.467 	12.595334
1.468 	12.035630
1.469 	10.810494
1.470 	9.970881
1.471 	10.880258
1.472 	12.102205
1.473 	12.438922
1.474 	12.192539
1.475 	11.849454
1.476 	11.562880
1.477 	11.658987
1.478 	12.636910
1.479 	13.688284
1.480 	13.490815
1.481 	12.484160
1.482 	11.677484
1.483 	11.141081
1.484 	10.779956
1.485 	11.169801
1.486 	11.835583
1.487 	11.987542
1.488 	12.063422
1.489 	12.621029
1.490 	13.373619
1.491 	13.158202
1.492 	12.152395
1.493 	12.916155
1.494 	14.314921
1.495 	12.822213
1.496 	10.497208
1.497 	10.107382
1.498 	10.979018
1.499 	12.224976
1.500 	12.675400
1.501 	12.432005
1.502 	12.231681
1.503 	12.696765
1.504 	13.303787
1.505 	12.604013
1.506 	11.252048
1.507 	11.651315
1.508 	13.857148
1.509 	14.736437
1.510 	13.001155
1.511 	11.678063
1.512 	13.117963
1.513 	14.463460
1.514 	13.880817
1.515 	12.785149
1.516 	12.196169
1.517 	12.307410
1.518 	13.009268
1.519 	13.051610
1.520 	12.294862
1.521 	12.532288
1.522 	13.736187
1.523 	14.287955
1.524 	14.149354
1.525 	13.878044
1.526 	14.079433
1.527 	13.834446
1.528 	12.005803
1.529 	11.258097
1.530 	12.763366
1.531 	14.444052
1.532 	14.691464
1.533 	13.612400
1.534 	12.952541
1.535 	12.491275
1.536 	12.060830
1.537 	12.679744
1.538 	14.268354
1.539 	15.032114
1.540 	14.390312
1.541 	14.254020
1.542 	14.709361
1.543 	14.528839
1.544 	14.227836
1.545 	14.052449
1.546 	13.185256
1.547 	12.164831
1.548 	13.005368
1.549 	15.087395
1.550 	15.740783
1.551 	15.236658
1.552 	15.232168
1.553 	15.078484
1.554 	14.565823
1.555 	14.467494
1.556 	14.725776
1.557 	14.687922
1.558 	14.904101
1.559 	15.514284
1.560 	15.055654
1.561 	13.648035
1.562 	12.754109
1.563 	12.563197
1.564 	13.302614
1.565 	14.106943
1.566 	14.309535
1.567 	14.626645
1.568 	15.180829
1.569 	14.786627
1.570 	14.145671
1.571 	15.079370
1.572 	16.378422
1.573 	16.638532
1.574 	15.853456
1.575 	15.367461
1.576 	15.317535
1.577 	14.326377
1.578 	15.131669
1.579 	16.828314
1.580 	15.943831
1.581 	14.365491
1.582 	14.891174
1.583 	16.836707
1.584 	18.503919
1.585 	18.712266
1.586 	16.062839
1.587 	13.351077
1.588 	13.148202
1.589 	13.127397
1.590 	13.973570
1.591 	15.118246
1.592 	15.776131
1.593 	15.706667
1.594 	15.307472
1.595 	15.997558
1.596 	16.991175
1.597 	14.463269
1.598 	12.185957
1.599 	14.418125
1.600 	16.659932
1.601 	16.332648
1.602 	15.662356
1.603 	15.541376
1.604 	15.338491
1.605 	15.576825
1.606 	16.609165
1.607 	16.979490
1.608 	16.554554
1.609 	15.795411
1.610 	14.018661
1.611 	14.180687
1.612 	17.108355
1.613 	16.704803
1.614 	15.850788
1.615 	17.458525
1.616 	17.735340
1.617 	16.155377
1.618 	15.912807
1.619 	16.457612
1.620 	16.374830
1.621 	14.232846
1.622 	15.444415
1.623 	17.776345
1.624 	16.764532
1.625 	13.751062
1.626 	14.687946
1.627 	17.476177
1.628 	18.459102
1.629 	17.707537
1.630 	15.771846
1.631 	15.582518
1.632 	16.868367
1.633 	15.224802
1.634 	13.031283
1.635 	14.372814
1.636 	18.326200
1.637 	20.223201
1.638 	18.015807
1.639 	15.269097
1.640 	16.599276
1.641 	16.757094
1.642 	16.250692
1.643 	17.781862
1.644 	15.782674
1.645 	15.700823
1.646 	16.023550
1.647 	14.678030
1.648 	16.065301
1.649 	15.717426
1.650 	15.779060
1.651 	17.832390
1.652 	17.317950
1.653 	16.563690
1.654 	16.849754
1.655 	17.957454
1.656 	20.432395
1.657 	18.234083
1.658 	15.204970
1.659 	14.800343
1.660 	16.098919
1.661 	16.632744
1.662 	14.200785
1.663 	16.458231
1.664 	21.069982
1.665 	20.264436
1.666 	15.568587
1.667 	12.412409
1.668 	15.011470
1.669 	17.244211
1.670 	16.514774
1.671 	16.904723
1.672 	14.129465
1.673 	15.090374
1.674 	20.008633
1.675 	20.041234
1.676 	17.935286
1.677 	21.518706
1.678 	26.261979
1.679 	17.584661
1.680 	11.772827
1.681 	21.597058
1.682 	17.044263
1.683 	12.935378
1.684 	22.056057
1.685 	18.016910
1.686 	8.555398
1.687 	6.645479
1.688 	13.192916
1.689 	16.969355
1.690 	18.845025
1.691 	9.969745
1.692 	13.979353
1.693 	18.809742
1.694 	11.685042
1.695 	17.193296
1.696 	21.506726
1.697 	22.971207
1.698 	9.008142
1.699 	16.910837
1.700 	24.315093
