0.660 	38.265982
0.661 	37.575013
0.662 	35.525828
0.663 	34.288524
0.664 	35.509338
0.665 	37.884016
0.666 	36.678181
0.667 	36.160939
0.668 	39.895184
0.669 	38.360220
0.670 	36.554794
0.671 	37.624523
0.672 	36.815923
0.673 	36.764577
0.674 	37.411823
0.675 	36.732064
0.676 	36.168242
0.677 	36.717042
0.678 	36.485805
0.679 	34.803207
0.680 	34.252626
0.681 	35.716786
0.682 	36.755001
0.683 	39.491646
0.684 	38.154945
0.685 	35.435095
0.686 	35.886829
0.687 	38.312705
0.688 	36.991666
0.689 	35.806034
0.690 	35.683470
0.691 	35.222834
0.692 	36.858779
0.693 	38.141943
0.694 	36.982298
0.695 	35.799389
0.696 	35.523574
0.697 	35.318161
0.698 	37.258931
0.699 	37.420550
0.700 	35.564411
0.701 	34.909535
0.702 	35.824653
0.703 	37.178536
0.704 	37.460251
0.705 	35.603526
0.706 	35.382413
0.707 	34.927951
0.708 	34.024068
0.709 	35.417879
0.710 	35.773731
0.711 	36.233854
0.712 	36.221765
0.713 	34.870959
0.714 	35.521285
0.715 	36.548467
0.716 	35.073342
0.717 	34.699956
0.718 	35.921967
0.719 	36.812319
0.720 	36.041312
0.721 	34.879454
0.722 	34.645430
0.723 	35.889254
0.724 	35.694336
0.725 	35.106754
0.726 	34.999040
0.727 	35.149691
0.728 	34.806415
0.729 	34.014458
0.730 	33.594661
0.731 	33.972762
0.732 	34.593224
0.733 	34.055149
0.734 	35.028590
0.735 	35.504002
0.736 	33.425528
0.737 	32.739464
0.738 	33.728547
0.739 	34.422926
0.740 	34.510830
0.741 	33.893324
0.742 	33.885657
0.743 	34.684475
0.744 	35.082469
0.745 	35.349662
0.746 	35.383677
0.747 	34.954946
0.748 	34.622263
0.749 	34.854570
0.750 	35.269446
0.751 	35.078029
0.752 	34.602555
0.753 	34.605750
0.754 	34.366195
0.755 	33.844708
0.756 	33.656294
0.757 	34.111295
0.758 	34.607104
0.759 	34.491416
0.760 	34.145041
0.761 	33.476908
0.762 	33.078296
0.763 	34.026483
0.764 	34.911784
0.765 	35.453068
0.766 	34.973208
0.767 	33.973798
0.768 	33.601439
0.769 	33.708689
0.770 	33.547187
0.771 	32.716151
0.772 	32.837209
0.773 	33.610240
0.774 	34.006290
0.775 	33.577362
0.776 	32.716900
0.777 	32.731519
0.778 	33.454728
0.779 	34.562090
0.780 	34.133190
0.781 	32.964813
0.782 	32.672811
0.783 	32.755398
0.784 	32.891031
0.785 	32.822640
0.786 	32.892802
0.787 	33.550399
0.788 	34.554013
0.789 	34.631079
0.790 	33.852342
0.791 	33.607401
0.792 	33.946837
0.793 	33.368382
0.794 	31.931703
0.795 	31.475127
0.796 	32.430510
0.797 	33.042933
0.798 	32.959740
0.799 	32.866235
0.800 	32.889471
0.801 	33.216196
0.802 	33.240239
0.803 	32.702639
0.804 	32.504132
0.805 	32.734913
0.806 	32.853908
0.807 	32.720150
0.808 	32.768798
0.809 	32.990308
0.810 	33.055962
0.811 	33.340893
0.812 	33.446311
0.813 	32.739339
0.814 	31.771309
0.815 	31.676037
0.816 	32.321883
0.817 	32.745840
0.818 	32.773121
0.819 	32.726712
0.820 	32.713314
0.821 	32.707292
0.822 	32.765309
0.823 	32.553226
0.824 	32.070524
0.825 	31.889611
0.826 	32.032209
0.827 	32.316932
0.828 	32.373945
0.829 	31.705756
0.830 	31.198449
0.831 	31.609799
0.832 	32.571967
0.833 	33.337816
0.834 	33.341578
0.835 	32.734400
0.836 	31.926489
0.837 	31.599499
0.838 	31.951701
0.839 	32.297974
0.840 	31.980619
0.841 	31.306950
0.842 	31.135510
0.843 	31.660745
0.844 	32.333549
0.845 	32.272869
0.846 	31.847035
0.847 	31.696984
0.848 	31.621970
0.849 	31.778253
0.850 	31.998899
0.851 	31.711545
0.852 	31.285688
0.853 	31.431768
0.854 	32.018979
0.855 	32.172483
0.856 	31.473150
0.857 	30.779767
0.858 	30.593947
0.859 	30.836133
0.860 	31.348802
0.861 	31.956907
0.862 	32.171990
0.863 	31.587120
0.864 	30.774952
0.865 	30.454227
0.866 	30.613547
0.867 	30.907873
0.868 	31.085535
0.869 	31.056016
0.870 	30.983157
0.871 	30.966599
0.872 	31.016961
0.873 	31.263922
0.874 	31.363175
0.875 	31.066653
0.876 	30.932848
0.877 	30.984503
0.878 	30.919536
0.879 	31.043724
0.880 	31.071306
0.881 	30.363514
0.882 	29.607538
0.883 	29.490658
0.884 	29.908472
0.885 	30.531710
0.886 	30.926425
0.887 	30.860923
0.888 	30.743473
0.889 	30.802603
0.890 	30.750220
0.891 	30.422458
0.892 	30.236159
0.893 	30.455982
0.894 	30.528283
0.895 	30.421760
0.896 	30.454267
0.897 	30.340621
0.898 	30.091367
0.899 	30.098996
0.900 	30.410471
0.901 	30.495322
0.902 	30.086176
0.903 	29.615693
0.904 	29.650964
0.905 	29.853880
0.906 	29.844509
0.907 	29.830876
0.908 	30.039717
0.909 	30.282551
0.910 	29.998849
0.911 	29.228137
0.912 	29.023966
0.913 	29.506673
0.914 	29.880779
0.915 	29.711799
0.916 	29.031817
0.917 	28.368985
0.918 	28.474781
0.919 	29.721064
0.920 	30.911731
0.921 	30.490205
0.922 	28.981193
0.923 	28.080774
0.924 	27.884517
0.925 	28.225892
0.926 	28.922558
0.927 	29.198515
0.928 	28.840776
0.929 	28.441526
0.930 	28.465369
0.931 	28.791580
0.932 	28.886271
0.933 	28.233403
0.934 	27.367815
0.935 	27.483582
0.936 	28.236083
0.937 	28.627113
0.938 	28.627941
0.939 	28.481299
0.940 	27.997146
0.941 	27.863643
0.942 	27.854541
0.943 	27.335491
0.944 	26.769970
0.945 	26.479833
0.946 	26.683638
0.947 	27.151642
0.948 	27.293662
0.949 	27.220253
0.950 	27.392054
0.951 	27.586568
0.952 	27.818009
0.953 	27.759628
0.954 	27.843115
0.955 	28.093420
0.956 	27.847760
0.957 	27.593744
0.958 	27.364478
0.959 	26.971630
0.960 	27.077585
0.961 	27.312369
0.962 	27.454431
0.963 	27.710398
0.964 	27.810903
0.965 	27.662585
0.966 	27.820859
0.967 	28.345281
0.968 	28.438959
0.969 	28.398149
0.970 	28.187190
0.971 	27.311421
0.972 	26.995728
0.973 	27.311096
0.974 	26.998929
0.975 	26.626022
0.976 	26.974106
0.977 	27.941643
0.978 	28.582833
0.979 	28.490571
0.980 	28.038246
0.981 	27.442149
0.982 	27.178360
0.983 	27.262343
0.984 	28.238880
0.985 	29.152615
0.986 	29.026826
0.987 	27.980540
0.988 	27.357218
0.989 	27.820045
0.990 	28.469569
0.991 	28.386461
0.992 	28.029114
0.993 	27.918411
0.994 	28.174243
0.995 	28.313473
0.996 	28.235437
0.997 	27.793934
0.998 	26.954821
0.999 	26.718369
1.000 	27.535681
1.001 	28.324898
1.002 	28.428370
1.003 	27.962245
1.004 	27.730144
1.005 	28.017973
1.006 	28.796555
1.007 	29.544316
1.008 	29.406755
1.009 	28.513070
1.010 	27.767792
1.011 	27.820970
1.012 	27.987610
1.013 	28.108484
1.014 	28.615248
1.015 	28.573360
1.016 	27.999059
1.017 	28.150852
1.018 	28.568397
1.019 	28.502016
1.020 	28.681975
1.021 	28.772723
1.022 	28.809466
1.023 	29.286113
1.024 	29.403309
1.025 	28.660577
1.026 	27.845586
1.027 	27.834574
1.028 	27.982330
1.029 	27.926973
1.030 	28.283806
1.031 	29.097907
1.032 	29.304917
1.033 	28.421140
1.034 	27.602736
1.035 	27.939210
1.036 	28.844180
1.037 	29.327870
1.038 	29.083651
1.039 	28.818314
1.040 	29.170785
1.041 	29.213422
1.042 	28.430286
1.043 	27.775420
1.044 	27.941678
1.045 	28.350733
1.046 	28.248470
1.047 	27.901942
1.048 	27.874336
1.049 	28.269441
1.050 	28.912883
1.051 	29.420414
1.052 	28.971631
1.053 	28.240499
1.054 	28.033712
1.055 	28.410352
1.056 	29.009943
1.057 	28.828793
1.058 	28.041682
1.059 	27.718546
1.060 	28.359365
1.061 	29.357288
1.062 	29.499256
1.063 	28.954125
1.064 	28.602895
1.065 	28.206924
1.066 	27.766181
1.067 	27.703905
1.068 	27.900847
1.069 	28.063496
1.070 	28.200108
1.071 	28.082770
1.072 	27.547751
1.073 	27.005146
1.074 	27.114763
1.075 	28.050615
1.076 	29.009239
1.077 	29.021906
1.078 	28.669423
1.079 	28.605443
1.080 	28.301897
1.081 	27.484625
1.082 	26.888506
1.083 	27.280405
1.084 	28.295315
1.085 	28.676671
1.086 	28.022139
1.087 	27.546561
1.088 	27.717750
1.089 	27.987823
1.090 	28.077547
1.091 	28.002210
1.092 	27.893511
1.093 	27.542116
1.094 	26.942014
1.095 	26.830473
1.096 	27.318721
1.097 	27.894060
1.098 	28.326640
1.099 	28.457170
1.100 	28.191673
1.101 	27.778105
1.102 	27.686973
1.103 	27.720558
1.104 	27.303969
1.105 	26.667342
1.106 	26.251938
1.107 	26.166062
1.108 	26.353725
1.109 	26.583790
1.110 	26.802924
1.111 	27.040131
1.112 	27.242595
1.113 	27.071806
1.114 	26.818444
1.115 	26.886030
1.116 	26.981305
1.117 	26.586966
1.118 	25.827452
1.119 	25.405780
1.120 	25.656108
1.121 	26.016410
1.122 	25.740875
1.123 	25.191214
1.124 	25.035857
1.125 	24.736270
1.126 	24.079171
1.127 	24.044240
1.128 	24.407603
1.129 	24.381754
1.130 	24.194882
1.131 	24.042629
1.132 	23.977791
1.133 	23.867619
1.134 	23.720763
1.135 	23.573335
1.136 	23.349810
1.137 	23.073004
1.138 	22.847061
1.139 	22.874190
1.140 	23.233218
1.141 	23.583812
1.142 	23.744785
1.143 	23.923089
1.144 	24.047713
1.145 	23.861398
1.146 	23.122538
1.147 	22.096380
1.148 	21.774615
1.149 	22.336913
1.150 	23.169157
1.151 	23.471668
1.152 	23.055475
1.153 	22.510060
1.154 	22.633529
1.155 	23.201733
1.156 	23.292159
1.157 	22.980845
1.158 	22.557066
1.159 	22.374081
1.160 	22.840957
1.161 	23.360688
1.162 	23.541837
1.163 	23.462441
1.164 	23.298676
1.165 	23.159554
1.166 	22.789618
1.167 	22.144917
1.168 	21.868287
1.169 	22.057087
1.170 	22.290259
1.171 	22.643470
1.172 	23.044623
1.173 	22.982084
1.174 	22.648050
1.175 	22.462827
1.176 	22.514788
1.177 	22.779224
1.178 	23.122627
1.179 	23.224678
1.180 	22.733627
1.181 	21.728534
1.182 	20.959811
1.183 	21.150343
1.184 	21.665433
1.185 	21.811642
1.186 	21.571740
1.187 	21.623973
1.188 	22.168860
1.189 	22.760626
1.190 	23.352098
1.191 	23.399108
1.192 	22.711980
1.193 	22.311144
1.194 	22.705933
1.195 	22.992607
1.196 	22.884400
1.197 	22.909856
1.198 	23.122175
1.199 	22.980328
1.200 	22.523766
1.201 	22.212647
1.202 	22.206687
1.203 	22.371424
1.204 	22.616575
1.205 	22.718138
1.206 	22.849755
1.207 	23.186056
1.208 	23.230921
1.209 	22.761439
1.210 	22.471786
1.211 	22.934754
1.212 	23.624323
1.213 	23.654452
1.214 	23.306326
1.215 	22.969901
1.216 	22.671481
1.217 	22.526983
1.218 	22.611754
1.219 	22.711941
1.220 	22.854889
1.221 	23.144142
1.222 	23.303406
1.223 	23.121553
1.224 	22.876285
1.225 	22.768420
1.226 	22.251444
1.227 	21.203572
1.228 	20.839547
1.229 	21.880058
1.230 	23.239006
1.231 	23.819381
1.232 	23.460902
1.233 	23.001001
1.234 	23.052488
1.235 	23.508405
1.236 	23.724224
1.237 	23.460063
1.238 	22.994265
1.239 	22.870784
1.240 	23.143483
1.241 	23.330409
1.242 	23.281230
1.243 	23.274945
1.244 	23.271140
1.245 	22.995720
1.246 	22.559719
1.247 	22.437539
1.248 	22.470915
1.249 	22.280729
1.250 	22.321303
1.251 	22.761043
1.252 	22.788449
1.253 	22.414243
1.254 	22.394946
1.255 	23.135071
1.256 	24.007627
1.257 	24.268170
1.258 	23.712076
1.259 	23.304349
1.260 	23.207587
1.261 	22.819390
1.262 	22.429817
1.263 	22.550815
1.264 	22.784833
1.265 	22.727852
1.266 	22.655890
1.267 	22.812436
1.268 	23.131100
1.269 	23.513890
1.270 	23.658655
1.271 	23.399974
1.272 	22.982327
1.273 	22.669416
1.274 	22.469741
1.275 	22.631942
1.276 	23.082313
1.277 	23.406972
1.278 	23.280117
1.279 	22.761961
1.280 	22.279448
1.281 	22.278263
1.282 	22.419209
1.283 	22.478389
1.284 	22.439884
1.285 	22.515039
1.286 	22.731803
1.287 	22.764339
1.288 	22.509112
1.289 	22.068478
1.290 	21.720976
1.291 	21.771846
1.292 	22.209379
1.293 	22.534826
1.294 	22.491001
1.295 	21.995111
1.296 	21.121917
1.297 	20.251423
1.298 	20.188412
1.299 	20.817567
1.300 	21.408211
1.301 	21.793257
1.302 	22.039603
1.303 	21.691392
1.304 	20.906450
1.305 	20.495130
1.306 	20.320224
1.307 	19.916857
1.308 	19.829715
1.309 	20.512292
1.310 	21.278146
1.311 	21.445095
1.312 	21.316271
1.313 	21.262098
1.314 	20.949384
1.315 	20.244542
1.316 	19.600696
1.317 	19.137451
1.318 	18.808014
1.319 	18.997687
1.320 	19.746141
1.321 	20.094827
1.322 	19.681893
1.323 	19.063234
1.324 	18.873737
1.325 	19.143129
1.326 	19.280081
1.327 	18.795477
1.328 	18.429776
1.329 	18.403821
1.330 	18.081174
1.331 	17.746961
1.332 	18.048020
1.333 	18.627488
1.334 	18.983457
1.335 	18.940569
1.336 	18.530397
1.337 	17.763064
1.338 	17.232112
1.339 	17.432863
1.340 	18.085152
1.341 	18.425410
1.342 	18.158024
1.343 	17.687785
1.344 	17.921770
1.345 	18.703236
1.346 	18.749190
1.347 	17.845193
1.348 	17.296925
1.349 	18.178423
1.350 	19.341764
1.351 	19.546208
1.352 	18.458034
1.353 	17.211083
1.354 	16.581326
1.355 	16.534873
1.356 	16.753933
1.357 	17.224922
1.358 	17.644793
1.359 	17.362216
1.360 	16.164085
1.361 	15.237300
1.362 	15.431057
1.363 	16.146532
1.364 	16.284620
1.365 	15.602587
1.366 	15.095151
1.367 	15.074387
1.368 	14.877301
1.369 	14.614713
1.370 	14.728079
1.371 	15.014913
1.372 	15.376963
1.373 	15.483836
1.374 	14.913137
1.375 	14.053839
1.376 	13.554837
1.377 	13.703785
1.378 	14.399408
1.379 	15.007344
1.380 	15.105340
1.381 	14.257501
1.382 	12.683209
1.383 	11.592579
1.384 	11.909497
1.385 	12.479325
1.386 	12.787353
1.387 	13.163546
1.388 	13.543057
1.389 	13.665295
1.390 	13.401380
1.391 	12.991335
1.392 	13.011495
1.393 	13.172435
1.394 	13.204074
1.395 	12.979227
1.396 	12.392491
1.397 	12.243445
1.398 	12.488697
1.399 	12.182690
1.400 	11.844580
1.401 	12.392611
1.402 	13.288429
1.403 	13.520498
1.404 	13.116865
1.405 	12.625692
1.406 	12.158993
1.407 	12.060447
1.408 	12.576787
1.409 	13.058974
1.410 	12.953501
1.411 	12.748925
1.412 	12.547251
1.413 	12.043270
1.414 	11.743808
1.415 	12.034571
1.416 	12.742051
1.417 	13.210963
1.418 	13.222050
1.419 	13.148928
1.420 	13.054450
1.421 	12.607261
1.422 	12.062751
1.423 	11.752160
1.424 	11.820293
1.425 	12.124508
1.426 	12.104369
1.427 	11.870912
1.428 	11.794327
1.429 	11.961054
1.430 	12.571038
1.431 	13.512364
1.432 	14.064251
1.433 	12.860089
1.434 	10.667284
1.435 	10.172422
1.436 	11.777405
1.437 	13.398943
1.438 	14.065853
1.439 	13.863627
1.440 	13.202983
1.441 	12.578467
1.442 	11.710220
1.443 	10.841878
1.444 	10.884836
1.445 	12.212927
1.446 	13.211568
1.447 	12.317676
1.448 	10.638525
1.449 	9.943163
1.450 	10.927519
1.451 	12.321258
1.452 	12.622986
1.453 	12.382278
1.454 	12.479009
1.455 	12.396232
1.456 	12.494230
1.457 	13.593380
1.458 	13.734696
1.459 	12.699175
1.460 	12.365050
1.461 	12.587848
1.462 	12.844078
1.463 	12.967599
1.464 	12.644233
1.465 	12.471548
1.466 	13.002593
1.467 	13.319198
1.468 	13.146982
1.469 	12.529187
1.470 	11.922926
1.471 	12.103765
1.472 	12.724016
1.473 	13.534162
1.474 	13.827969
1.475 	12.484773
1.476 	11.353926
1.477 	12.140200
1.478 	13.217664
1.479 	13.122229
1.480 	12.523455
1.481 	12.780145
1.482 	13.542395
1.483 	13.592451
1.484 	13.283837
1.485 	13.118071
1.486 	13.269617
1.487 	14.073573
1.488 	14.556483
1.489 	13.986561
1.490 	12.775403
1.491 	11.691539
1.492 	11.867756
1.493 	13.451873
1.494 	14.869330
1.495 	14.975941
1.496 	14.116878
1.497 	13.350881
1.498 	12.927043
1.499 	12.929006
1.500 	13.230141
1.501 	13.173371
1.502 	13.013793
1.503 	13.160687
1.504 	12.908761
1.505 	12.154648
1.506 	11.422178
1.507 	11.691722
1.508 	12.961391
1.509 	14.177511
1.510 	15.125243
1.511 	15.454940
1.512 	15.599608
1.513 	15.540652
1.514 	14.758452
1.515 	13.950814
1.516 	13.582176
1.517 	13.533166
1.518 	13.414411
1.519 	13.652987
1.520 	13.605237
1.521 	13.512500
1.522 	14.105294
1.523 	13.695294
1.524 	12.422838
1.525 	12.724012
1.526 	14.488505
1.527 	15.513713
1.528 	14.697914
1.529 	14.001566
1.530 	14.432117
1.531 	14.725672
1.532 	15.062645
1.533 	15.347255
1.534 	14.273630
1.535 	13.174164
1.536 	12.748724
1.537 	12.917301
1.538 	13.649326
1.539 	14.885740
1.540 	15.613295
1.541 	14.785192
1.542 	13.679730
1.543 	13.921138
1.544 	15.023117
1.545 	15.166944
1.546 	15.121658
1.547 	15.451477
1.548 	15.084865
1.549 	14.372950
1.550 	13.912234
1.551 	13.701396
1.552 	13.973909
1.553 	14.717353
1.554 	14.840998
1.555 	14.429065
1.556 	15.516028
1.557 	15.842386
1.558 	14.832910
1.559 	14.731426
1.560 	15.591140
1.561 	16.196734
1.562 	16.098062
1.563 	15.776309
1.564 	15.315735
1.565 	15.437634
1.566 	15.821705
1.567 	15.519559
1.568 	15.347300
1.569 	15.598091
1.570 	16.412396
1.571 	16.351612
1.572 	14.800059
1.573 	13.678752
1.574 	13.791336
1.575 	15.185974
1.576 	16.592202
1.577 	16.548654
1.578 	15.557285
1.579 	15.321146
1.580 	15.369131
1.581 	14.008206
1.582 	13.243188
1.583 	14.122864
1.584 	15.596251
1.585 	17.234609
1.586 	18.736438
1.587 	18.871337
1.588 	16.543013
1.589 	14.692810
1.590 	13.733142
1.591 	13.725206
1.592 	15.574871
1.593 	16.796285
1.594 	15.800890
1.595 	14.972132
1.596 	14.922938
1.597 	14.874444
1.598 	15.249119
1.599 	16.925122
1.600 	17.425511
1.601 	16.244928
1.602 	14.823417
1.603 	14.870962
1.604 	16.845898
1.605 	16.622208
1.606 	16.285768
1.607 	17.213486
1.608 	15.638937
1.609 	14.823425
1.610 	16.938331
1.611 	16.506906
1.612 	16.033819
1.613 	16.592795
1.614 	15.947355
1.615 	15.640117
1.616 	16.616774
1.617 	16.733005
1.618 	15.540532
1.619 	14.619203
1.620 	14.688443
1.621 	16.922512
1.622 	16.842255
1.623 	15.369376
1.624 	16.402841
1.625 	17.123004
1.626 	15.924316
1.627 	14.893904
1.628 	15.253140
1.629 	16.435432
1.630 	15.564262
1.631 	16.633767
1.632 	19.127007
1.633 	17.067776
1.634 	15.803045
1.635 	16.585949
1.636 	15.586136
1.637 	16.116122
1.638 	17.665476
1.639 	17.413095
1.640 	17.211920
1.641 	16.836008
1.642 	13.503261
1.643 	14.011451
1.644 	15.645220
1.645 	15.764874
1.646 	16.349012
1.647 	16.783787
1.648 	15.394081
1.649 	18.670108
1.650 	18.767454
1.651 	12.179268
1.652 	12.198134
1.653 	18.201509
1.654 	20.443023
1.655 	18.092536
1.656 	16.461480
1.657 	14.475650
1.658 	14.640466
1.659 	15.532957
1.660 	18.904016
1.661 	20.101430
1.662 	17.946031
1.663 	16.387136
1.664 	16.070075
1.665 	18.429167
1.666 	19.342096
1.667 	18.011438
1.668 	15.561306
1.669 	13.353337
1.670 	14.689685
1.671 	17.919262
1.672 	17.184556
1.673 	13.325213
1.674 	20.197211
1.675 	17.694394
1.676 	10.722713
1.677 	14.548976
1.678 	11.411107
1.679 	16.951516
1.680 	23.795598
1.681 	20.508083
1.682 	18.426278
1.683 	26.417282
1.684 	20.815384
1.685 	9.174454
1.686 	11.299659
1.687 	11.405754
1.688 	17.942087
1.689 	24.696103
1.690 	11.588930
1.691 	5.145558
1.692 	15.214399
1.693 	32.304384
1.694 	26.656335
1.695 	7.074545
1.696 	10.521485
1.697 	13.020116
1.698 	0.199626
1.699 	14.834198
1.700 	25.524554
