0.660 	36.442341
0.661 	37.362989
0.662 	34.009284
0.663 	34.711042
0.664 	35.515825
0.665 	36.079466
0.666 	36.186428
0.667 	34.964212
0.668 	33.652545
0.669 	35.755136
0.670 	35.194879
0.671 	35.915693
0.672 	35.766505
0.673 	35.282847
0.674 	33.455811
0.675 	34.884956
0.676 	35.736970
0.677 	36.129110
0.678 	35.343128
0.679 	33.713204
0.680 	33.034145
0.681 	33.915728
0.682 	35.941921
0.683 	37.697431
0.684 	34.219137
0.685 	31.416436
0.686 	34.260774
0.687 	36.652691
0.688 	35.839401
0.689 	35.453777
0.690 	35.424280
0.691 	34.395241
0.692 	34.809436
0.693 	34.871554
0.694 	34.197581
0.695 	34.775870
0.696 	35.344858
0.697 	35.636047
0.698 	35.667049
0.699 	36.526703
0.700 	34.850390
0.701 	33.555752
0.702 	33.514688
0.703 	33.888322
0.704 	34.659972
0.705 	33.569603
0.706 	33.126633
0.707 	33.488822
0.708 	33.743267
0.709 	34.363511
0.710 	33.952508
0.711 	33.608739
0.712 	34.495515
0.713 	33.881673
0.714 	33.740109
0.715 	34.636315
0.716 	33.782721
0.717 	33.093857
0.718 	35.098574
0.719 	35.476591
0.720 	34.417197
0.721 	34.477610
0.722 	34.472623
0.723 	34.479082
0.724 	34.294876
0.725 	34.974717
0.726 	35.067483
0.727 	33.733219
0.728 	32.859107
0.729 	32.886040
0.730 	33.154668
0.731 	33.048183
0.732 	32.574996
0.733 	32.406599
0.734 	33.482637
0.735 	33.817573
0.736 	33.336685
0.737 	33.627053
0.738 	33.397836
0.739 	32.976371
0.740 	34.041734
0.741 	33.917181
0.742 	33.370909
0.743 	33.098788
0.744 	32.832083
0.745 	33.405080
0.746 	34.109248
0.747 	34.070955
0.748 	33.714009
0.749 	33.552296
0.750 	33.432747
0.751 	34.046613
0.752 	34.521452
0.753 	33.771706
0.754 	32.937352
0.755 	32.175759
0.756 	32.562039
0.757 	34.334900
0.758 	34.981295
0.759 	33.899896
0.760 	33.344729
0.761 	33.557872
0.762 	33.625392
0.763 	33.646256
0.764 	33.458869
0.765 	32.609735
0.766 	31.606918
0.767 	32.356783
0.768 	33.963948
0.769 	33.968434
0.770 	33.978028
0.771 	33.727910
0.772 	33.001926
0.773 	33.199917
0.774 	33.693537
0.775 	33.310725
0.776 	32.812637
0.777 	32.906705
0.778 	33.318890
0.779 	33.519281
0.780 	32.596699
0.781 	32.026527
0.782 	32.576429
0.783 	32.515721
0.784 	31.795597
0.785 	31.754578
0.786 	32.797204
0.787 	33.903426
0.788 	34.398466
0.789 	34.191877
0.790 	33.408835
0.791 	32.753018
0.792 	32.702831
0.793 	32.771492
0.794 	32.579513
0.795 	32.690095
0.796 	33.269224
0.797 	33.442966
0.798 	33.036791
0.799 	32.328222
0.800 	32.116780
0.801 	32.738678
0.802 	32.859448
0.803 	32.431563
0.804 	32.549921
0.805 	32.738333
0.806 	32.705075
0.807 	33.134739
0.808 	33.585574
0.809 	33.333271
0.810 	32.815461
0.811 	32.624003
0.812 	32.843326
0.813 	33.095477
0.814 	32.990707
0.815 	32.884813
0.816 	33.057066
0.817 	33.103036
0.818 	33.304532
0.819 	33.596608
0.820 	33.328538
0.821 	32.702346
0.822 	32.026757
0.823 	31.574553
0.824 	31.775828
0.825 	32.250144
0.826 	32.084452
0.827 	31.992074
0.828 	32.369952
0.829 	32.374390
0.830 	32.579544
0.831 	33.004628
0.832 	32.925493
0.833 	33.046304
0.834 	33.260852
0.835 	32.939215
0.836 	32.283355
0.837 	31.597895
0.838 	31.441881
0.839 	32.097579
0.840 	32.582497
0.841 	32.117340
0.842 	31.834254
0.843 	32.660630
0.844 	33.449672
0.845 	32.921305
0.846 	32.196717
0.847 	32.287019
0.848 	32.576018
0.849 	32.531467
0.850 	31.935060
0.851 	31.155828
0.852 	31.095810
0.853 	31.815787
0.854 	32.506008
0.855 	32.771709
0.856 	32.468712
0.857 	31.823608
0.858 	31.750637
0.859 	32.350227
0.860 	32.718558
0.861 	32.767624
0.862 	32.908858
0.863 	32.772711
0.864 	32.208091
0.865 	31.696541
0.866 	31.590594
0.867 	31.794677
0.868 	31.823519
0.869 	31.570867
0.870 	31.194198
0.871 	30.824838
0.872 	30.744105
0.873 	31.208544
0.874 	31.807079
0.875 	32.153362
0.876 	32.488138
0.877 	32.447551
0.878 	31.730522
0.879 	31.282738
0.880 	31.506981
0.881 	31.706664
0.882 	31.635173
0.883 	31.516341
0.884 	31.413071
0.885 	31.397381
0.886 	31.597609
0.887 	31.649284
0.888 	31.410520
0.889 	31.288893
0.890 	31.311559
0.891 	31.517212
0.892 	31.855186
0.893 	32.100238
0.894 	31.997290
0.895 	31.475030
0.896 	31.043882
0.897 	31.027675
0.898 	31.163978
0.899 	31.356632
0.900 	31.594736
0.901 	31.553278
0.902 	31.159805
0.903 	30.944756
0.904 	31.031255
0.905 	31.072795
0.906 	31.078156
0.907 	31.201623
0.908 	31.404926
0.909 	31.587719
0.910 	31.538874
0.911 	30.861132
0.912 	29.944183
0.913 	29.703112
0.914 	30.240558
0.915 	30.721491
0.916 	31.004306
0.917 	30.939330
0.918 	30.752097
0.919 	31.073899
0.920 	31.733765
0.921 	31.772838
0.922 	31.169755
0.923 	30.921654
0.924 	31.168275
0.925 	31.250507
0.926 	30.923032
0.927 	30.456207
0.928 	30.006615
0.929 	29.752986
0.930 	29.976788
0.931 	30.527956
0.932 	30.642114
0.933 	30.032819
0.934 	29.125849
0.935 	28.937004
0.936 	29.692101
0.937 	30.493688
0.938 	30.714729
0.939 	30.668180
0.940 	30.152800
0.941 	29.798012
0.942 	30.050441
0.943 	30.148154
0.944 	29.784875
0.945 	29.050020
0.946 	28.713325
0.947 	29.193497
0.948 	29.536133
0.949 	29.505616
0.950 	29.685548
0.951 	30.063480
0.952 	30.040330
0.953 	29.755147
0.954 	29.649325
0.955 	29.549031
0.956 	29.710519
0.957 	29.738598
0.958 	29.582026
0.959 	29.292365
0.960 	28.955291
0.961 	28.843778
0.962 	29.250620
0.963 	30.166247
0.964 	30.531089
0.965 	29.836813
0.966 	29.315093
0.967 	29.462568
0.968 	29.893631
0.969 	30.199174
0.970 	30.179876
0.971 	29.937781
0.972 	29.652625
0.973 	29.093109
0.974 	28.590508
0.975 	29.083141
0.976 	29.893421
0.977 	30.315496
0.978 	30.433682
0.979 	30.354172
0.980 	30.016250
0.981 	29.388014
0.982 	29.195278
0.983 	29.296281
0.984 	29.306330
0.985 	29.511176
0.986 	29.483446
0.987 	29.389050
0.988 	29.631166
0.989 	29.867627
0.990 	29.851817
0.991 	29.488286
0.992 	29.319404
0.993 	29.146634
0.994 	29.356008
0.995 	29.676424
0.996 	29.917169
0.997 	29.903667
0.998 	29.719184
0.999 	29.507550
1.000 	29.681726
1.001 	29.808028
1.002 	29.292290
1.003 	29.090888
1.004 	29.760263
1.005 	30.531378
1.006 	30.714540
1.007 	30.130529
1.008 	29.760202
1.009 	29.832368
1.010 	29.858546
1.011 	29.778228
1.012 	29.495635
1.013 	29.501635
1.014 	30.105717
1.015 	30.418131
1.016 	30.559714
1.017 	30.790641
1.018 	30.475523
1.019 	29.739581
1.020 	29.446204
1.021 	29.562620
1.022 	29.697097
1.023 	29.771649
1.024 	29.884509
1.025 	29.703619
1.026 	29.187336
1.027 	29.326076
1.028 	29.955874
1.029 	29.792715
1.030 	29.551330
1.031 	30.148312
1.032 	30.190122
1.033 	29.479121
1.034 	29.792719
1.035 	30.594085
1.036 	30.816883
1.037 	30.969250
1.038 	30.775741
1.039 	30.465459
1.040 	30.665603
1.041 	30.939522
1.042 	31.008301
1.043 	30.324623
1.044 	29.442026
1.045 	29.786744
1.046 	30.418328
1.047 	29.981008
1.048 	29.487797
1.049 	29.850021
1.050 	30.468738
1.051 	30.700720
1.052 	30.382685
1.053 	30.231555
1.054 	30.105569
1.055 	29.821991
1.056 	30.112037
1.057 	30.485653
1.058 	30.209390
1.059 	29.630798
1.060 	29.760687
1.061 	30.273786
1.062 	30.421630
1.063 	30.499100
1.064 	30.632994
1.065 	30.617345
1.066 	30.590354
1.067 	30.424730
1.068 	29.771059
1.069 	29.670115
1.070 	30.641887
1.071 	31.118871
1.072 	30.585528
1.073 	30.029391
1.074 	29.554380
1.075 	29.482485
1.076 	30.385618
1.077 	31.106098
1.078 	30.888124
1.079 	30.281216
1.080 	29.942621
1.081 	29.960872
1.082 	29.882903
1.083 	29.581085
1.084 	29.602354
1.085 	29.922940
1.086 	29.844034
1.087 	29.727130
1.088 	30.079296
1.089 	30.449290
1.090 	30.373565
1.091 	30.229953
1.092 	30.283072
1.093 	30.093438
1.094 	29.321389
1.095 	28.848113
1.096 	29.014033
1.097 	29.042162
1.098 	29.252753
1.099 	29.761142
1.100 	29.897597
1.101 	29.774482
1.102 	29.942725
1.103 	30.167685
1.104 	30.096452
1.105 	29.870004
1.106 	29.521969
1.107 	29.073283
1.108 	28.948083
1.109 	28.993259
1.110 	28.655492
1.111 	28.338205
1.112 	28.777831
1.113 	29.785761
1.114 	30.289584
1.115 	29.885017
1.116 	29.595318
1.117 	29.682357
1.118 	29.325087
1.119 	28.404136
1.120 	27.827285
1.121 	28.045287
1.122 	28.236850
1.123 	27.798378
1.124 	27.354326
1.125 	27.261606
1.126 	27.137439
1.127 	27.013860
1.128 	26.992054
1.129 	27.222124
1.130 	27.709375
1.131 	27.922579
1.132 	27.663976
1.133 	27.014198
1.134 	26.569589
1.135 	26.656341
1.136 	26.607706
1.137 	26.058590
1.138 	25.520720
1.139 	25.448471
1.140 	25.696299
1.141 	25.947858
1.142 	26.174416
1.143 	26.470529
1.144 	26.612271
1.145 	26.244729
1.146 	25.581999
1.147 	25.343663
1.148 	25.903111
1.149 	26.524748
1.150 	26.495965
1.151 	26.032011
1.152 	25.574921
1.153 	25.701932
1.154 	26.283417
1.155 	26.237306
1.156 	25.531552
1.157 	25.072038
1.158 	25.249196
1.159 	25.774341
1.160 	26.288162
1.161 	26.503254
1.162 	26.502277
1.163 	26.405513
1.164 	26.265931
1.165 	25.959881
1.166 	25.206248
1.167 	24.401721
1.168 	24.617687
1.169 	25.374996
1.170 	25.395982
1.171 	24.930084
1.172 	24.692761
1.173 	24.748419
1.174 	24.869907
1.175 	25.129774
1.176 	25.477115
1.177 	25.725025
1.178 	25.656056
1.179 	25.254004
1.180 	24.730478
1.181 	24.392638
1.182 	24.424692
1.183 	24.677765
1.184 	24.576816
1.185 	24.279144
1.186 	24.270779
1.187 	24.301477
1.188 	24.119373
1.189 	24.019384
1.190 	24.310247
1.191 	24.598476
1.192 	24.463174
1.193 	24.417255
1.194 	24.800182
1.195 	24.937793
1.196 	24.472177
1.197 	24.037766
1.198 	24.245218
1.199 	24.994199
1.200 	25.521703
1.201 	25.485035
1.202 	25.243854
1.203 	25.379179
1.204 	25.632160
1.205 	25.416180
1.206 	25.044130
1.207 	25.345704
1.208 	26.369539
1.209 	27.223885
1.210 	26.961953
1.211 	26.075732
1.212 	25.451714
1.213 	25.694797
1.214 	26.332407
1.215 	26.474905
1.216 	26.037423
1.217 	25.837516
1.218 	26.180242
1.219 	26.791555
1.220 	27.444090
1.221 	27.646208
1.222 	27.353002
1.223 	26.803129
1.224 	26.262396
1.225 	26.150621
1.226 	26.401304
1.227 	26.424189
1.228 	26.103083
1.229 	25.811581
1.230 	26.066366
1.231 	26.630087
1.232 	26.972169
1.233 	26.941204
1.234 	26.594680
1.235 	26.172716
1.236 	26.119723
1.237 	26.539592
1.238 	26.759556
1.239 	26.532440
1.240 	26.363510
1.241 	26.493815
1.242 	26.879139
1.243 	27.449706
1.244 	27.538816
1.245 	27.027786
1.246 	26.547830
1.247 	26.702431
1.248 	27.276741
1.249 	27.744067
1.250 	27.796582
1.251 	27.477165
1.252 	27.059976
1.253 	26.842472
1.254 	26.858436
1.255 	26.990252
1.256 	27.227000
1.257 	27.329938
1.258 	26.841784
1.259 	26.330474
1.260 	26.034642
1.261 	26.039168
1.262 	26.814132
1.263 	27.904499
1.264 	27.995995
1.265 	27.126858
1.266 	26.343669
1.267 	26.211705
1.268 	26.319957
1.269 	26.475006
1.270 	26.515997
1.271 	26.400766
1.272 	26.397100
1.273 	26.508294
1.274 	26.384817
1.275 	26.150687
1.276 	26.509892
1.277 	27.230887
1.278 	27.365938
1.279 	26.988022
1.280 	26.799398
1.281 	27.091009
1.282 	27.051295
1.283 	26.382735
1.284 	25.979838
1.285 	26.300571
1.286 	26.625189
1.287 	26.438074
1.288 	26.378170
1.289 	26.737558
1.290 	26.882862
1.291 	26.423828
1.292 	25.844365
1.293 	25.615714
1.294 	25.506820
1.295 	25.304279
1.296 	25.014061
1.297 	24.925146
1.298 	25.199922
1.299 	25.497032
1.300 	25.716466
1.301 	25.934126
1.302 	25.911200
1.303 	25.466228
1.304 	25.038613
1.305 	25.003663
1.306 	25.121102
1.307 	25.044866
1.308 	24.801664
1.309 	24.826426
1.310 	25.553253
1.311 	26.202907
1.312 	25.868298
1.313 	24.874932
1.314 	24.200655
1.315 	23.967733
1.316 	23.914391
1.317 	24.219803
1.318 	24.824818
1.319 	24.999838
1.320 	24.806074
1.321 	24.849382
1.322 	24.721251
1.323 	24.253591
1.324 	24.002180
1.325 	23.933021
1.326 	23.643232
1.327 	23.226356
1.328 	22.950580
1.329 	22.661910
1.330 	22.418908
1.331 	22.500501
1.332 	22.806512
1.333 	23.141430
1.334 	23.518291
1.335 	23.503116
1.336 	23.015071
1.337 	22.634479
1.338 	22.898539
1.339 	23.372690
1.340 	23.648570
1.341 	23.763317
1.342 	23.524729
1.343 	22.726061
1.344 	22.418452
1.345 	23.154425
1.346 	23.843417
1.347 	23.757246
1.348 	23.392445
1.349 	22.924125
1.350 	22.330127
1.351 	21.989932
1.352 	22.022567
1.353 	22.156567
1.354 	22.542833
1.355 	22.646749
1.356 	21.967158
1.357 	21.321849
1.358 	21.429272
1.359 	21.773964
1.360 	21.473513
1.361 	20.578747
1.362 	19.957279
1.363 	20.667413
1.364 	21.848652
1.365 	21.778588
1.366 	20.614882
1.367 	19.488283
1.368 	19.357338
1.369 	19.976868
1.370 	20.535383
1.371 	20.324430
1.372 	19.698567
1.373 	19.198726
1.374 	18.703912
1.375 	17.825453
1.376 	16.815263
1.377 	16.719687
1.378 	17.837332
1.379 	19.156292
1.380 	19.775296
1.381 	19.304846
1.382 	18.165723
1.383 	17.370158
1.384 	17.646876
1.385 	17.994685
1.386 	17.705964
1.387 	17.228168
1.388 	17.187693
1.389 	17.222044
1.390 	16.957453
1.391 	17.027894
1.392 	17.075823
1.393 	16.379317
1.394 	16.039073
1.395 	16.626573
1.396 	17.258648
1.397 	17.393548
1.398 	17.001049
1.399 	16.136964
1.400 	15.468290
1.401 	15.494984
1.402 	16.176160
1.403 	16.527384
1.404 	16.303501
1.405 	16.485462
1.406 	16.836659
1.407 	16.605284
1.408 	16.292690
1.409 	16.338723
1.410 	16.340188
1.411 	16.407629
1.412 	16.772444
1.413 	16.848769
1.414 	16.559739
1.415 	16.371151
1.416 	16.457908
1.417 	16.585021
1.418 	16.435254
1.419 	15.960705
1.420 	15.540703
1.421 	15.602534
1.422 	16.336234
1.423 	16.950866
1.424 	16.619102
1.425 	16.210045
1.426 	16.402900
1.427 	16.538106
1.428 	16.234945
1.429 	15.797076
1.430 	15.754385
1.431 	16.047622
1.432 	16.276683
1.433 	16.522140
1.434 	16.596655
1.435 	16.604679
1.436 	16.792477
1.437 	16.689569
1.438 	16.453440
1.439 	16.529192
1.440 	16.385336
1.441 	15.679733
1.442 	14.811784
1.443 	14.456124
1.444 	15.191298
1.445 	16.388189
1.446 	16.542508
1.447 	15.696117
1.448 	15.294222
1.449 	15.438121
1.450 	15.637969
1.451 	16.390802
1.452 	17.581579
1.453 	18.265202
1.454 	18.148054
1.455 	17.685681
1.456 	16.979119
1.457 	16.417387
1.458 	16.247474
1.459 	16.256258
1.460 	16.203208
1.461 	15.904274
1.462 	16.018796
1.463 	16.959955
1.464 	17.644208
1.465 	17.295833
1.466 	16.491580
1.467 	16.562279
1.468 	17.367736
1.469 	16.905710
1.470 	15.898273
1.471 	16.794117
1.472 	18.180807
1.473 	17.541804
1.474 	15.795073
1.475 	14.906449
1.476 	15.416177
1.477 	16.352650
1.478 	16.692011
1.479 	16.613629
1.480 	16.511506
1.481 	16.500721
1.482 	16.450357
1.483 	16.659859
1.484 	17.939031
1.485 	19.416171
1.486 	19.227596
1.487 	17.665562
1.488 	16.370495
1.489 	15.810531
1.490 	15.822582
1.491 	16.299225
1.492 	17.480048
1.493 	18.978220
1.494 	19.552373
1.495 	19.374581
1.496 	19.131237
1.497 	18.706323
1.498 	18.078983
1.499 	17.329557
1.500 	17.041583
1.501 	16.685563
1.502 	15.726262
1.503 	15.412926
1.504 	16.246245
1.505 	17.011041
1.506 	17.073669
1.507 	17.457581
1.508 	17.919356
1.509 	18.449021
1.510 	19.950341
1.511 	20.724092
1.512 	20.003310
1.513 	18.831521
1.514 	18.053067
1.515 	18.067697
1.516 	18.249380
1.517 	17.850464
1.518 	17.648045
1.519 	18.744995
1.520 	19.879417
1.521 	19.830776
1.522 	19.499652
1.523 	19.145837
1.524 	18.407963
1.525 	18.100706
1.526 	19.055761
1.527 	19.949196
1.528 	19.272463
1.529 	18.089371
1.530 	17.622812
1.531 	17.307805
1.532 	17.487240
1.533 	18.604286
1.534 	19.542925
1.535 	20.003533
1.536 	19.872534
1.537 	19.025366
1.538 	18.363697
1.539 	18.039839
1.540 	17.271968
1.541 	17.121502
1.542 	19.392148
1.543 	21.645285
1.544 	21.544673
1.545 	20.271739
1.546 	19.934601
1.547 	19.962012
1.548 	19.233831
1.549 	19.284729
1.550 	20.368107
1.551 	20.342704
1.552 	19.122181
1.553 	18.100055
1.554 	17.387270
1.555 	18.200414
1.556 	20.733570
1.557 	21.569608
1.558 	20.523037
1.559 	20.401853
1.560 	21.056800
1.561 	21.008908
1.562 	20.158977
1.563 	18.927037
1.564 	19.004752
1.565 	19.851838
1.566 	19.815011
1.567 	20.339928
1.568 	21.255563
1.569 	20.687040
1.570 	20.253436
1.571 	20.954253
1.572 	20.965861
1.573 	20.011851
1.574 	19.389548
1.575 	19.892845
1.576 	20.651962
1.577 	21.410997
1.578 	21.601828
1.579 	20.951669
1.580 	19.866406
1.581 	19.383383
1.582 	20.891971
1.583 	21.608604
1.584 	21.195139
1.585 	20.243341
1.586 	20.302414
1.587 	20.718873
1.588 	19.945198
1.589 	20.372362
1.590 	20.285764
1.591 	20.641560
1.592 	22.237094
1.593 	22.671865
1.594 	21.719861
1.595 	20.846256
1.596 	19.826858
1.597 	19.242667
1.598 	19.777928
1.599 	22.117944
1.600 	22.628897
1.601 	21.656247
1.602 	21.231604
1.603 	22.035364
1.604 	22.762720
1.605 	21.656486
1.606 	20.315658
1.607 	19.652880
1.608 	19.429123
1.609 	21.111892
1.610 	22.398339
1.611 	21.947450
1.612 	21.645126
1.613 	21.119300
1.614 	21.599291
1.615 	21.816663
1.616 	21.873324
1.617 	21.537099
1.618 	20.027459
1.619 	19.693727
1.620 	20.934328
1.621 	21.846858
1.622 	21.704672
1.623 	21.358565
1.624 	19.857050
1.625 	19.353039
1.626 	21.386190
1.627 	22.928017
1.628 	22.884126
1.629 	21.088720
1.630 	19.165290
1.631 	19.937255
1.632 	22.802425
1.633 	22.910168
1.634 	22.108645
1.635 	23.095379
1.636 	23.238262
1.637 	22.155481
1.638 	21.624978
1.639 	22.218322
1.640 	22.755327
1.641 	22.872519
1.642 	21.951672
1.643 	21.676779
1.644 	21.183897
1.645 	19.673277
1.646 	20.113720
1.647 	19.883481
1.648 	17.719972
1.649 	21.104029
1.650 	22.711544
1.651 	20.516645
1.652 	20.213110
1.653 	24.037364
1.654 	25.989198
1.655 	23.141669
1.656 	20.423715
1.657 	18.128072
1.658 	19.696569
1.659 	24.472970
1.660 	23.982209
1.661 	23.424001
1.662 	24.180039
1.663 	19.718603
1.664 	19.261218
1.665 	20.859439
1.666 	21.610107
1.667 	23.603846
1.668 	21.424199
1.669 	18.192485
1.670 	19.273887
1.671 	20.959418
1.672 	22.233246
1.673 	17.008915
1.674 	17.203462
1.675 	20.375216
1.676 	16.975322
1.677 	20.535666
1.678 	23.008859
1.679 	24.481474
1.680 	27.158653
1.681 	23.943431
1.682 	14.463200
1.683 	25.075554
1.684 	22.516939
1.685 	15.953163
1.686 	18.216974
1.687 	2.905648
1.688 	5.712812
1.689 	31.729860
1.690 	33.069163
1.691 	20.165814
1.692 	25.781339
1.693 	23.393140
1.694 	6.436965
1.695 	6.360941
1.696 	27.719608
1.697 	22.722458
1.698 	-0.051945
1.699 	27.280181
1.700 	42.083263
