0.660 	28.412242
0.661 	30.730789
0.662 	27.570141
0.663 	27.687526
0.664 	28.958982
0.665 	26.720305
0.666 	26.674192
0.667 	25.770221
0.668 	26.210314
0.669 	29.943533
0.670 	30.887962
0.671 	29.401246
0.672 	28.073535
0.673 	28.871867
0.674 	31.443632
0.675 	29.311739
0.676 	25.256512
0.677 	26.390962
0.678 	29.300617
0.679 	29.433668
0.680 	26.402353
0.681 	26.624372
0.682 	29.171792
0.683 	30.868231
0.684 	29.532144
0.685 	26.060620
0.686 	25.459127
0.687 	28.294237
0.688 	27.907574
0.689 	26.878355
0.690 	27.724189
0.691 	27.052403
0.692 	29.006501
0.693 	29.548516
0.694 	27.640469
0.695 	27.575580
0.696 	27.489571
0.697 	26.761888
0.698 	27.357114
0.699 	29.099169
0.700 	28.513748
0.701 	26.482714
0.702 	25.887926
0.703 	27.291001
0.704 	27.985029
0.705 	27.651356
0.706 	26.663345
0.707 	27.024788
0.708 	26.677645
0.709 	26.862901
0.710 	27.399521
0.711 	27.473935
0.712 	27.653134
0.713 	28.162437
0.714 	28.461936
0.715 	28.196822
0.716 	27.865299
0.717 	27.212777
0.718 	27.678475
0.719 	28.124759
0.720 	26.644485
0.721 	25.084451
0.722 	24.775875
0.723 	26.574686
0.724 	27.788536
0.725 	27.875122
0.726 	28.776586
0.727 	28.600544
0.728 	26.659175
0.729 	25.448242
0.730 	25.682536
0.731 	26.591482
0.732 	26.346402
0.733 	25.186292
0.734 	25.378682
0.735 	26.107065
0.736 	25.958340
0.737 	26.236782
0.738 	26.130180
0.739 	26.055467
0.740 	26.773326
0.741 	25.434272
0.742 	24.744492
0.743 	26.066885
0.744 	27.455279
0.745 	27.643771
0.746 	27.612339
0.747 	27.651631
0.748 	26.963152
0.749 	26.116539
0.750 	25.982595
0.751 	26.018021
0.752 	26.181225
0.753 	26.675004
0.754 	26.523198
0.755 	25.529818
0.756 	25.336614
0.757 	26.316891
0.758 	27.238980
0.759 	27.477848
0.760 	26.425162
0.761 	25.360343
0.762 	25.447073
0.763 	26.115763
0.764 	26.159355
0.765 	26.268856
0.766 	25.675826
0.767 	25.668465
0.768 	26.146061
0.769 	25.697776
0.770 	25.849248
0.771 	26.647132
0.772 	26.788880
0.773 	26.599241
0.774 	26.601519
0.775 	25.801562
0.776 	24.674142
0.777 	25.012731
0.778 	26.078835
0.779 	26.753030
0.780 	25.695551
0.781 	24.147162
0.782 	24.694565
0.783 	25.768504
0.784 	25.427540
0.785 	24.783515
0.786 	25.082373
0.787 	25.794192
0.788 	26.568071
0.789 	26.977520
0.790 	26.652028
0.791 	26.028460
0.792 	25.487304
0.793 	25.213312
0.794 	24.979340
0.795 	24.663305
0.796 	24.971088
0.797 	24.969840
0.798 	24.330463
0.799 	24.545810
0.800 	25.297036
0.801 	25.798060
0.802 	25.780656
0.803 	25.109938
0.804 	24.954358
0.805 	25.250078
0.806 	25.364591
0.807 	25.526674
0.808 	25.858874
0.809 	25.606290
0.810 	25.087741
0.811 	25.552482
0.812 	26.279225
0.813 	25.697104
0.814 	24.482494
0.815 	24.505617
0.816 	25.110590
0.817 	25.099082
0.818 	25.226848
0.819 	25.792493
0.820 	25.545456
0.821 	24.415293
0.822 	23.745320
0.823 	23.716229
0.824 	23.797192
0.825 	24.013135
0.826 	23.976434
0.827 	23.939500
0.828 	24.241270
0.829 	24.273143
0.830 	24.408905
0.831 	24.802319
0.832 	24.618346
0.833 	24.514361
0.834 	25.123104
0.835 	25.703264
0.836 	25.438382
0.837 	24.696240
0.838 	24.304456
0.839 	24.428597
0.840 	24.455850
0.841 	23.808907
0.842 	23.169951
0.843 	23.660836
0.844 	24.732061
0.845 	24.843078
0.846 	24.151813
0.847 	23.484129
0.848 	23.380297
0.849 	23.949014
0.850 	24.515206
0.851 	24.668187
0.852 	24.698920
0.853 	25.089248
0.854 	25.320227
0.855 	24.780165
0.856 	23.833672
0.857 	23.241767
0.858 	23.205728
0.859 	23.318704
0.860 	23.455408
0.861 	24.099759
0.862 	24.651912
0.863 	24.023781
0.864 	23.258901
0.865 	23.565489
0.866 	23.931323
0.867 	23.554951
0.868 	22.995236
0.869 	23.145111
0.870 	23.917690
0.871 	24.153295
0.872 	23.384103
0.873 	23.018562
0.874 	23.614748
0.875 	23.883094
0.876 	23.917247
0.877 	24.257865
0.878 	24.141576
0.879 	23.651220
0.880 	23.472312
0.881 	23.447569
0.882 	23.327602
0.883 	23.323597
0.884 	23.458956
0.885 	23.316292
0.886 	22.996758
0.887 	22.922502
0.888 	23.031435
0.889 	23.197091
0.890 	23.358540
0.891 	23.490134
0.892 	23.453818
0.893 	23.251407
0.894 	23.205482
0.895 	23.722824
0.896 	24.573550
0.897 	24.636545
0.898 	23.741445
0.899 	22.871625
0.900 	22.698945
0.901 	22.569122
0.902 	22.391916
0.903 	22.677705
0.904 	22.997156
0.905 	22.707436
0.906 	22.620734
0.907 	23.081330
0.908 	23.100416
0.909 	22.583326
0.910 	22.182860
0.911 	22.235243
0.912 	22.305566
0.913 	22.298033
0.914 	22.464975
0.915 	22.817371
0.916 	23.073152
0.917 	22.837537
0.918 	22.536341
0.919 	22.695285
0.920 	22.786660
0.921 	22.549841
0.922 	22.169260
0.923 	21.759626
0.924 	21.784407
0.925 	22.312211
0.926 	22.662323
0.927 	22.672042
0.928 	22.628264
0.929 	22.589332
0.930 	22.624828
0.931 	22.648042
0.932 	22.321936
0.933 	21.698752
0.934 	21.369102
0.935 	21.826643
0.936 	22.623970
0.937 	22.879516
0.938 	22.199426
0.939 	21.649385
0.940 	21.473797
0.941 	21.391087
0.942 	21.258928
0.943 	21.099016
0.944 	21.093095
0.945 	20.932346
0.946 	20.584792
0.947 	20.283294
0.948 	20.354878
0.949 	20.811412
0.950 	21.135846
0.951 	21.065335
0.952 	21.155555
0.953 	21.347294
0.954 	21.447270
0.955 	21.289966
0.956 	21.113434
0.957 	21.064545
0.958 	20.988339
0.959 	20.941782
0.960 	21.204697
0.961 	21.457091
0.962 	21.451514
0.963 	21.279383
0.964 	21.171002
0.965 	21.274302
0.966 	21.208025
0.967 	21.007125
0.968 	21.003313
0.969 	21.086099
0.970 	21.274857
0.971 	21.253452
0.972 	21.188725
0.973 	21.429453
0.974 	20.659115
0.975 	19.859302
0.976 	19.925422
0.977 	20.447833
0.978 	20.822341
0.979 	21.135351
0.980 	21.058230
0.981 	20.710775
0.982 	20.881353
0.983 	20.980631
0.984 	20.733715
0.985 	20.794893
0.986 	20.674948
0.987 	19.702735
0.988 	19.580645
0.989 	20.703482
0.990 	21.676857
0.991 	21.414048
0.992 	20.235364
0.993 	19.451544
0.994 	19.854862
0.995 	20.619219
0.996 	20.708718
0.997 	20.851857
0.998 	20.839687
0.999 	20.385905
1.000 	20.452487
1.001 	20.697536
1.002 	20.743188
1.003 	20.360447
1.004 	20.162192
1.005 	21.020946
1.006 	21.574396
1.007 	21.336385
1.008 	20.762091
1.009 	19.735380
1.010 	19.390614
1.011 	20.386931
1.012 	21.102283
1.013 	21.291144
1.014 	21.107611
1.015 	20.654896
1.016 	20.845106
1.017 	21.467871
1.018 	21.330697
1.019 	20.688539
1.020 	20.405432
1.021 	20.246040
1.022 	20.374907
1.023 	21.393667
1.024 	21.945060
1.025 	21.408385
1.026 	20.560124
1.027 	20.159237
1.028 	20.240421
1.029 	20.293424
1.030 	20.605331
1.031 	21.274651
1.032 	20.973811
1.033 	20.141399
1.034 	20.225114
1.035 	20.953156
1.036 	21.199274
1.037 	20.729679
1.038 	19.969814
1.039 	19.791668
1.040 	20.634585
1.041 	21.403375
1.042 	21.320468
1.043 	20.582343
1.044 	20.001918
1.045 	20.087197
1.046 	20.119945
1.047 	20.087857
1.048 	20.477367
1.049 	20.838181
1.050 	20.732729
1.051 	20.856578
1.052 	21.161802
1.053 	21.181189
1.054 	21.021681
1.055 	20.901284
1.056 	20.794866
1.057 	20.301084
1.058 	19.680614
1.059 	19.732051
1.060 	20.241916
1.061 	20.433891
1.062 	20.364967
1.063 	20.603302
1.064 	21.096929
1.065 	21.180773
1.066 	20.908469
1.067 	20.936364
1.068 	20.851331
1.069 	20.563933
1.070 	20.731463
1.071 	21.042640
1.072 	20.661566
1.073 	19.890935
1.074 	19.584981
1.075 	20.183836
1.076 	21.059002
1.077 	21.138877
1.078 	20.922841
1.079 	20.934095
1.080 	20.768249
1.081 	20.420742
1.082 	20.335250
1.083 	20.335977
1.084 	20.216494
1.085 	20.145741
1.086 	20.207522
1.087 	20.639280
1.088 	20.763183
1.089 	20.340687
1.090 	20.193186
1.091 	20.336135
1.092 	20.141401
1.093 	19.529942
1.094 	19.344931
1.095 	20.064843
1.096 	20.803288
1.097 	20.623380
1.098 	20.085715
1.099 	20.020812
1.100 	20.202691
1.101 	20.178471
1.102 	20.116535
1.103 	20.044387
1.104 	19.795430
1.105 	19.424746
1.106 	18.945879
1.107 	18.691086
1.108 	19.057480
1.109 	19.455133
1.110 	19.723109
1.111 	20.265863
1.112 	20.673693
1.113 	20.534833
1.114 	20.215259
1.115 	19.973965
1.116 	20.097144
1.117 	20.249954
1.118 	19.681173
1.119 	18.918319
1.120 	18.851036
1.121 	19.109936
1.122 	18.863005
1.123 	18.447500
1.124 	18.171112
1.125 	17.737766
1.126 	17.594221
1.127 	18.004435
1.128 	18.286818
1.129 	18.003279
1.130 	17.429793
1.131 	17.162979
1.132 	17.496884
1.133 	17.819795
1.134 	17.800017
1.135 	17.891642
1.136 	18.080574
1.137 	17.976335
1.138 	17.550934
1.139 	17.187287
1.140 	17.155703
1.141 	17.511915
1.142 	17.899195
1.143 	17.985109
1.144 	17.916418
1.145 	17.812913
1.146 	17.399677
1.147 	16.743490
1.148 	16.509314
1.149 	16.717815
1.150 	16.941404
1.151 	16.955650
1.152 	16.791547
1.153 	16.667566
1.154 	16.887034
1.155 	17.198974
1.156 	17.219339
1.157 	17.017634
1.158 	16.554828
1.159 	16.271619
1.160 	16.869396
1.161 	17.568616
1.162 	17.643098
1.163 	17.219228
1.164 	16.897996
1.165 	17.003404
1.166 	17.026701
1.167 	16.704537
1.168 	16.325433
1.169 	16.108407
1.170 	16.296557
1.171 	16.660876
1.172 	16.782375
1.173 	16.582254
1.174 	16.207001
1.175 	15.886139
1.176 	15.827872
1.177 	16.171921
1.178 	16.684017
1.179 	16.656982
1.180 	15.952390
1.181 	15.287105
1.182 	15.279906
1.183 	15.875511
1.184 	16.340715
1.185 	16.518293
1.186 	16.461246
1.187 	16.245789
1.188 	15.930309
1.189 	15.774494
1.190 	16.322362
1.191 	17.128430
1.192 	17.154822
1.193 	16.751507
1.194 	16.833458
1.195 	17.221156
1.196 	17.146509
1.197 	16.709036
1.198 	16.636950
1.199 	16.930694
1.200 	16.807389
1.201 	16.143243
1.202 	15.815474
1.203 	16.233070
1.204 	16.779981
1.205 	16.826843
1.206 	16.736314
1.207 	17.167764
1.208 	17.839919
1.209 	17.904434
1.210 	17.401153
1.211 	17.363171
1.212 	17.791867
1.213 	17.983021
1.214 	17.837229
1.215 	17.455298
1.216 	16.949646
1.217 	16.647582
1.218 	16.601179
1.219 	16.610073
1.220 	16.911411
1.221 	17.376959
1.222 	17.470825
1.223 	17.335190
1.224 	17.021663
1.225 	16.451779
1.226 	15.824650
1.227 	15.559953
1.228 	16.035560
1.229 	17.032585
1.230 	17.638319
1.231 	17.491418
1.232 	16.959610
1.233 	16.763831
1.234 	17.020902
1.235 	17.383379
1.236 	17.552776
1.237 	17.588888
1.238 	17.538052
1.239 	17.352551
1.240 	17.102462
1.241 	16.744620
1.242 	16.371845
1.243 	16.338246
1.244 	16.565643
1.245 	16.803522
1.246 	17.268928
1.247 	17.878299
1.248 	18.130378
1.249 	17.950689
1.250 	17.910837
1.251 	18.106257
1.252 	17.917505
1.253 	17.191199
1.254 	16.523252
1.255 	16.623988
1.256 	17.033850
1.257 	17.186390
1.258 	17.208855
1.259 	17.377762
1.260 	17.157521
1.261 	16.566499
1.262 	16.488010
1.263 	16.811825
1.264 	16.975888
1.265 	16.966561
1.266 	16.794412
1.267 	16.659890
1.268 	16.754230
1.269 	17.074567
1.270 	17.328402
1.271 	17.414966
1.272 	17.737505
1.273 	18.176656
1.274 	18.128558
1.275 	17.589460
1.276 	17.193319
1.277 	17.007913
1.278 	16.821523
1.279 	16.651864
1.280 	16.859320
1.281 	17.386207
1.282 	17.282768
1.283 	16.484402
1.284 	16.314240
1.285 	16.971374
1.286 	17.109794
1.287 	16.437024
1.288 	16.216762
1.289 	16.522216
1.290 	16.580265
1.291 	16.416250
1.292 	16.237209
1.293 	15.966278
1.294 	15.805486
1.295 	15.961054
1.296 	15.926162
1.297 	15.555506
1.298 	15.511511
1.299 	16.050800
1.300 	16.579620
1.301 	16.635148
1.302 	16.462117
1.303 	16.129626
1.304 	15.642966
1.305 	15.082911
1.306 	14.654496
1.307 	14.657009
1.308 	15.079033
1.309 	15.629654
1.310 	16.026075
1.311 	16.300344
1.312 	16.285607
1.313 	15.963069
1.314 	15.715431
1.315 	15.613047
1.316 	15.500595
1.317 	15.388382
1.318 	15.068913
1.319 	14.532259
1.320 	14.429486
1.321 	14.949039
1.322 	15.147284
1.323 	14.827462
1.324 	14.354705
1.325 	13.995834
1.326 	13.620728
1.327 	13.276049
1.328 	13.457654
1.329 	14.073629
1.330 	14.418765
1.331 	14.460631
1.332 	14.406931
1.333 	14.078435
1.334 	13.429247
1.335 	13.364447
1.336 	14.006201
1.337 	14.419020
1.338 	14.109979
1.339 	13.767572
1.340 	13.724720
1.341 	13.888428
1.342 	13.749196
1.343 	13.032580
1.344 	12.730140
1.345 	13.339812
1.346 	13.433044
1.347 	12.543387
1.348 	12.415351
1.349 	13.814868
1.350 	14.843757
1.351 	14.403373
1.352 	12.985061
1.353 	12.238353
1.354 	12.747715
1.355 	13.497818
1.356 	13.708306
1.357 	13.498618
1.358 	12.881970
1.359 	11.669831
1.360 	10.260324
1.361 	9.469648
1.362 	9.675227
1.363 	10.695585
1.364 	11.864873
1.365 	12.138460
1.366 	11.659082
1.367 	11.305716
1.368 	11.291526
1.369 	11.162444
1.370 	10.547978
1.371 	9.401459
1.372 	8.698924
1.373 	8.853602
1.374 	8.653871
1.375 	7.774042
1.376 	7.166866
1.377 	7.604496
1.378 	8.935483
1.379 	10.176004
1.380 	10.425247
1.381 	9.230914
1.382 	7.591123
1.383 	7.151860
1.384 	8.519117
1.385 	9.705170
1.386 	9.679207
1.387 	8.798333
1.388 	7.638610
1.389 	6.498680
1.390 	5.614978
1.391 	5.380245
1.392 	5.933875
1.393 	6.799091
1.394 	7.434467
1.395 	7.231200
1.396 	6.400710
1.397 	6.247109
1.398 	6.434169
1.399 	6.179490
1.400 	6.222411
1.401 	6.773524
1.402 	7.264800
1.403 	7.465344
1.404 	7.200316
1.405 	6.767985
1.406 	6.458585
1.407 	6.182018
1.408 	6.027224
1.409 	6.002469
1.410 	5.831431
1.411 	5.738809
1.412 	6.049745
1.413 	6.419513
1.414 	6.540238
1.415 	6.598059
1.416 	6.813147
1.417 	6.951518
1.418 	6.924701
1.419 	6.793077
1.420 	6.410859
1.421 	6.056042
1.422 	6.174453
1.423 	6.545568
1.424 	6.821280
1.425 	6.930868
1.426 	6.454508
1.427 	5.485558
1.428 	4.789309
1.429 	5.088397
1.430 	6.303549
1.431 	7.212332
1.432 	7.194653
1.433 	6.327960
1.434 	5.380125
1.435 	5.581510
1.436 	6.528857
1.437 	6.775231
1.438 	6.682651
1.439 	6.938437
1.440 	7.035969
1.441 	6.525315
1.442 	5.304742
1.443 	4.614314
1.444 	5.513202
1.445 	6.696352
1.446 	6.554393
1.447 	5.340594
1.448 	4.563785
1.449 	4.922838
1.450 	5.978349
1.451 	6.782494
1.452 	7.253070
1.453 	7.540135
1.454 	7.434089
1.455 	7.329911
1.456 	7.295291
1.457 	7.132944
1.458 	6.578039
1.459 	6.194136
1.460 	6.670676
1.461 	6.858855
1.462 	6.083209
1.463 	5.336203
1.464 	5.723602
1.465 	6.705777
1.466 	6.762426
1.467 	6.428481
1.468 	6.997187
1.469 	7.144075
1.470 	6.489504
1.471 	6.574344
1.472 	7.105996
1.473 	7.242955
1.474 	7.057339
1.475 	6.501519
1.476 	6.244765
1.477 	6.030815
1.478 	5.377357
1.479 	5.005689
1.480 	5.465302
1.481 	6.804925
1.482 	7.605283
1.483 	7.114362
1.484 	7.105224
1.485 	8.098080
1.486 	8.498534
1.487 	7.861611
1.488 	7.436273
1.489 	7.779719
1.490 	7.702764
1.491 	6.744277
1.492 	7.114238
1.493 	9.073913
1.494 	9.862691
1.495 	9.240340
1.496 	8.186885
1.497 	6.738794
1.498 	6.159835
1.499 	6.846684
1.500 	7.620935
1.501 	7.870070
1.502 	8.065248
1.503 	8.328015
1.504 	7.920388
1.505 	6.966822
1.506 	6.307917
1.507 	6.851292
1.508 	7.803258
1.509 	8.365159
1.510 	9.009684
1.511 	9.165140
1.512 	8.701759
1.513 	8.525424
1.514 	9.052833
1.515 	9.652645
1.516 	9.155832
1.517 	7.611431
1.518 	7.000615
1.519 	8.022623
1.520 	8.854218
1.521 	9.001548
1.522 	8.947814
1.523 	8.443955
1.524 	9.065100
1.525 	10.381041
1.526 	10.849595
1.527 	10.475983
1.528 	9.557837
1.529 	8.595897
1.530 	7.987303
1.531 	8.241076
1.532 	9.104255
1.533 	9.343424
1.534 	9.245235
1.535 	8.846437
1.536 	8.077723
1.537 	7.942481
1.538 	8.182669
1.539 	8.645405
1.540 	8.885491
1.541 	9.162755
1.542 	10.158875
1.543 	10.575733
1.544 	10.279860
1.545 	9.638476
1.546 	9.383955
1.547 	9.901720
1.548 	10.016906
1.549 	9.830375
1.550 	9.873363
1.551 	10.119187
1.552 	9.956990
1.553 	9.572507
1.554 	9.102805
1.555 	8.801031
1.556 	9.690961
1.557 	10.598224
1.558 	10.454598
1.559 	9.975650
1.560 	10.279938
1.561 	10.887353
1.562 	10.727451
1.563 	9.573458
1.564 	8.957877
1.565 	9.604271
1.566 	9.676916
1.567 	9.511412
1.568 	10.207387
1.569 	11.343608
1.570 	11.897276
1.571 	12.014210
1.572 	11.821501
1.573 	9.983818
1.574 	8.327832
1.575 	9.186221
1.576 	11.137761
1.577 	11.703586
1.578 	11.486020
1.579 	11.083803
1.580 	9.933169
1.581 	8.756565
1.582 	8.850913
1.583 	9.262865
1.584 	9.404943
1.585 	9.349237
1.586 	10.746601
1.587 	11.403706
1.588 	10.094921
1.589 	10.687209
1.590 	10.949647
1.591 	11.222442
1.592 	12.167772
1.593 	12.741049
1.594 	12.330853
1.595 	11.223147
1.596 	10.392726
1.597 	10.203734
1.598 	11.646177
1.599 	12.908042
1.600 	11.896541
1.601 	10.792086
1.602 	11.929942
1.603 	11.863316
1.604 	10.092222
1.605 	10.434490
1.606 	11.907703
1.607 	12.654176
1.608 	11.133274
1.609 	9.766660
1.610 	10.266879
1.611 	8.954419
1.612 	9.611456
1.613 	11.335591
1.614 	10.565624
1.615 	10.275381
1.616 	11.582359
1.617 	10.951745
1.618 	9.274251
1.619 	9.820258
1.620 	10.643588
1.621 	11.579588
1.622 	12.648674
1.623 	10.223985
1.624 	9.826653
1.625 	13.182420
1.626 	13.602763
1.627 	12.360597
1.628 	12.375664
1.629 	11.991411
1.630 	11.309005
1.631 	11.210095
1.632 	11.280580
1.633 	10.506328
1.634 	11.286055
1.635 	12.993716
1.636 	11.816910
1.637 	11.300774
1.638 	12.470782
1.639 	12.460305
1.640 	11.277109
1.641 	8.552390
1.642 	9.727440
1.643 	13.032186
1.644 	12.009384
1.645 	12.095703
1.646 	11.766188
1.647 	10.896368
1.648 	10.488524
1.649 	11.059908
1.650 	12.258241
1.651 	9.668770
1.652 	9.578283
1.653 	13.948250
1.654 	15.125497
1.655 	11.088288
1.656 	8.965237
1.657 	9.997438
1.658 	11.631078
1.659 	13.086636
1.660 	13.723505
1.661 	13.977134
1.662 	12.227903
1.663 	8.041558
1.664 	10.493422
1.665 	12.605439
1.666 	11.375304
1.667 	9.961288
1.668 	13.482172
1.669 	10.250704
1.670 	9.434216
1.671 	10.330961
1.672 	9.849540
1.673 	5.652400
1.674 	11.149331
1.675 	18.755079
1.676 	12.201940
1.677 	10.871473
1.678 	15.887648
1.679 	16.717656
1.680 	12.170724
1.681 	11.746840
1.682 	12.913279
1.683 	15.279451
1.684 	10.509793
1.685 	4.932989
1.686 	11.004554
1.687 	4.608442
1.688 	11.095699
1.689 	19.187591
1.690 	7.024255
1.691 	-5.264612
1.692 	-1.487167
1.693 	14.797503
1.694 	11.860083
1.695 	8.953077
1.696 	17.150904
1.697 	15.529263
1.698 	-1.625157
1.699 	15.224998
1.700 	21.963457
