0.660 	30.292689
0.661 	29.484119
0.662 	30.699625
0.663 	30.287679
0.664 	27.410687
0.665 	27.732089
0.666 	29.473799
0.667 	25.136560
0.668 	27.541770
0.669 	29.250060
0.670 	30.018500
0.671 	28.313060
0.672 	28.152930
0.673 	27.089459
0.674 	25.192177
0.675 	26.907228
0.676 	30.592146
0.677 	30.477104
0.678 	27.371154
0.679 	27.901449
0.680 	29.990814
0.681 	29.152317
0.682 	29.190649
0.683 	31.559890
0.684 	28.877394
0.685 	27.715663
0.686 	26.522168
0.687 	24.978425
0.688 	27.849993
0.689 	30.275668
0.690 	30.455241
0.691 	29.727682
0.692 	27.661949
0.693 	28.723065
0.694 	28.000949
0.695 	26.958953
0.696 	28.056025
0.697 	28.330901
0.698 	27.733586
0.699 	29.952498
0.700 	30.016687
0.701 	29.652833
0.702 	28.670533
0.703 	27.546660
0.704 	29.569690
0.705 	30.647615
0.706 	28.808678
0.707 	26.715813
0.708 	27.446604
0.709 	28.245642
0.710 	28.317397
0.711 	29.194712
0.712 	29.966725
0.713 	28.341340
0.714 	27.881704
0.715 	28.271576
0.716 	28.837646
0.717 	27.372267
0.718 	26.077018
0.719 	28.065942
0.720 	29.553469
0.721 	28.158833
0.722 	28.148771
0.723 	28.693286
0.724 	28.144196
0.725 	28.148171
0.726 	28.968279
0.727 	28.509119
0.728 	28.835373
0.729 	28.864878
0.730 	27.278433
0.731 	26.486998
0.732 	26.494715
0.733 	28.103805
0.734 	29.392596
0.735 	29.341193
0.736 	27.719236
0.737 	26.107954
0.738 	27.000539
0.739 	29.233597
0.740 	29.636110
0.741 	28.853858
0.742 	27.561822
0.743 	27.421794
0.744 	28.138413
0.745 	28.188232
0.746 	28.479258
0.747 	27.107578
0.748 	26.359325
0.749 	26.697015
0.750 	27.201927
0.751 	27.916805
0.752 	28.083429
0.753 	28.675695
0.754 	28.814138
0.755 	28.046571
0.756 	27.047457
0.757 	25.722383
0.758 	25.526106
0.759 	27.219416
0.760 	28.342542
0.761 	27.548464
0.762 	27.024712
0.763 	26.962927
0.764 	27.405867
0.765 	28.373302
0.766 	28.960947
0.767 	28.647732
0.768 	27.674945
0.769 	26.127827
0.770 	25.772768
0.771 	26.241062
0.772 	26.491079
0.773 	26.988564
0.774 	27.478067
0.775 	27.446575
0.776 	27.477496
0.777 	27.615143
0.778 	27.015113
0.779 	26.633385
0.780 	26.999435
0.781 	27.561807
0.782 	27.772091
0.783 	27.532743
0.784 	26.636004
0.785 	26.129212
0.786 	26.361270
0.787 	26.173212
0.788 	26.023980
0.789 	26.887959
0.790 	27.309032
0.791 	26.942194
0.792 	26.918936
0.793 	27.745611
0.794 	28.041774
0.795 	27.170465
0.796 	26.958155
0.797 	27.625531
0.798 	27.510036
0.799 	26.882845
0.800 	27.122908
0.801 	27.518219
0.802 	26.857316
0.803 	25.708020
0.804 	25.188329
0.805 	25.797426
0.806 	27.064599
0.807 	27.963320
0.808 	27.907379
0.809 	27.299414
0.810 	26.153577
0.811 	25.072131
0.812 	25.150273
0.813 	26.263327
0.814 	27.358132
0.815 	27.711070
0.816 	27.547952
0.817 	27.363696
0.818 	27.050190
0.819 	26.262836
0.820 	25.831386
0.821 	25.909973
0.822 	25.710964
0.823 	25.654295
0.824 	26.582762
0.825 	27.515417
0.826 	27.308808
0.827 	26.572818
0.828 	26.391453
0.829 	26.600461
0.830 	26.473598
0.831 	25.850720
0.832 	25.855931
0.833 	26.247490
0.834 	26.070150
0.835 	25.898853
0.836 	25.579718
0.837 	25.151626
0.838 	25.305906
0.839 	25.827141
0.840 	26.540325
0.841 	27.289892
0.842 	27.338496
0.843 	26.546859
0.844 	25.567092
0.845 	25.178585
0.846 	25.635806
0.847 	26.296931
0.848 	26.600283
0.849 	26.472055
0.850 	26.036330
0.851 	26.112259
0.852 	26.864176
0.853 	27.110753
0.854 	26.437240
0.855 	25.458909
0.856 	25.256155
0.857 	25.846061
0.858 	26.257810
0.859 	26.201479
0.860 	25.825195
0.861 	25.878837
0.862 	26.589263
0.863 	26.834681
0.864 	26.495589
0.865 	25.919189
0.866 	25.232753
0.867 	24.927811
0.868 	25.504331
0.869 	26.484288
0.870 	26.956570
0.871 	26.504008
0.872 	25.864460
0.873 	25.994379
0.874 	26.231713
0.875 	25.734310
0.876 	25.172891
0.877 	25.567738
0.878 	26.092632
0.879 	25.717829
0.880 	25.389713
0.881 	25.742588
0.882 	26.131272
0.883 	26.035509
0.884 	25.676614
0.885 	25.273450
0.886 	25.017370
0.887 	24.942694
0.888 	25.090492
0.889 	25.230822
0.890 	25.051776
0.891 	24.729633
0.892 	25.020602
0.893 	25.939747
0.894 	26.557227
0.895 	26.432769
0.896 	25.976560
0.897 	25.731149
0.898 	25.457258
0.899 	24.720192
0.900 	24.232938
0.901 	24.522642
0.902 	24.920877
0.903 	25.160696
0.904 	25.259507
0.905 	25.020600
0.906 	24.842338
0.907 	25.134845
0.908 	25.435025
0.909 	25.272728
0.910 	25.139435
0.911 	25.359274
0.912 	25.386941
0.913 	25.230026
0.914 	25.365160
0.915 	25.449257
0.916 	25.030686
0.917 	24.460160
0.918 	23.895264
0.919 	23.550589
0.920 	23.856742
0.921 	24.558186
0.922 	24.764332
0.923 	24.606343
0.924 	24.557388
0.925 	24.803618
0.926 	25.130357
0.927 	24.900623
0.928 	23.741142
0.929 	22.953271
0.930 	23.482593
0.931 	24.828807
0.932 	25.403477
0.933 	24.941516
0.934 	24.496834
0.935 	24.436719
0.936 	24.438958
0.937 	24.813057
0.938 	25.159971
0.939 	24.697394
0.940 	23.535344
0.941 	22.839526
0.942 	23.052189
0.943 	23.742791
0.944 	24.557079
0.945 	25.223764
0.946 	24.623951
0.947 	23.459525
0.948 	22.776854
0.949 	22.595578
0.950 	23.275379
0.951 	23.726590
0.952 	23.326746
0.953 	22.881381
0.954 	23.041348
0.955 	23.755180
0.956 	23.822045
0.957 	23.526284
0.958 	23.296591
0.959 	22.685567
0.960 	22.640774
0.961 	23.600878
0.962 	24.004431
0.963 	23.652446
0.964 	23.280884
0.965 	22.799675
0.966 	22.200682
0.967 	22.588914
0.968 	23.045408
0.969 	23.436234
0.970 	24.188979
0.971 	23.991926
0.972 	23.209005
0.973 	23.106569
0.974 	22.915756
0.975 	22.502188
0.976 	22.732968
0.977 	23.497359
0.978 	23.650253
0.979 	23.369580
0.980 	23.349651
0.981 	23.116503
0.982 	22.646147
0.983 	22.729072
0.984 	23.390657
0.985 	23.948001
0.986 	23.461995
0.987 	23.063163
0.988 	23.391661
0.989 	23.848185
0.990 	24.102862
0.991 	23.768058
0.992 	23.112514
0.993 	22.926500
0.994 	23.346055
0.995 	23.833746
0.996 	23.416970
0.997 	22.858366
0.998 	22.595226
0.999 	22.317448
1.000 	22.188665
1.001 	22.491389
1.002 	23.512934
1.003 	24.187946
1.004 	24.103960
1.005 	23.417588
1.006 	22.930863
1.007 	22.938092
1.008 	22.911950
1.009 	22.853907
1.010 	22.694992
1.011 	23.190897
1.012 	24.430059
1.013 	24.365685
1.014 	23.287411
1.015 	22.784247
1.016 	22.642874
1.017 	22.176433
1.018 	21.797876
1.019 	22.291158
1.020 	23.330305
1.021 	23.940411
1.022 	23.836113
1.023 	24.003022
1.024 	24.143617
1.025 	23.941305
1.026 	23.745270
1.027 	23.226101
1.028 	22.396766
1.029 	21.974752
1.030 	22.354901
1.031 	22.873806
1.032 	22.853333
1.033 	22.844084
1.034 	23.050634
1.035 	22.834985
1.036 	22.588967
1.037 	22.848521
1.038 	23.739196
1.039 	24.351451
1.040 	23.848608
1.041 	23.094529
1.042 	22.955176
1.043 	23.271349
1.044 	23.768708
1.045 	23.966468
1.046 	23.464583
1.047 	22.629776
1.048 	23.020902
1.049 	24.146492
1.050 	24.646572
1.051 	24.422191
1.052 	23.927968
1.053 	23.309871
1.054 	22.448869
1.055 	22.444756
1.056 	23.028844
1.057 	23.244458
1.058 	23.180296
1.059 	23.145370
1.060 	23.507715
1.061 	23.887686
1.062 	23.335323
1.063 	22.397677
1.064 	22.463886
1.065 	23.311872
1.066 	23.712033
1.067 	23.656855
1.068 	23.755817
1.069 	23.951125
1.070 	23.797853
1.071 	23.346619
1.072 	22.879789
1.073 	22.515134
1.074 	22.652833
1.075 	23.031692
1.076 	23.188491
1.077 	23.548555
1.078 	23.974971
1.079 	23.983353
1.080 	23.804416
1.081 	23.776988
1.082 	23.908922
1.083 	24.030948
1.084 	23.691844
1.085 	23.191088
1.086 	23.300773
1.087 	23.279978
1.088 	22.498395
1.089 	22.228318
1.090 	22.925540
1.091 	23.182374
1.092 	22.718747
1.093 	22.650189
1.094 	23.225340
1.095 	23.718011
1.096 	23.513538
1.097 	22.804163
1.098 	22.188974
1.099 	22.121418
1.100 	22.660997
1.101 	22.990719
1.102 	22.869696
1.103 	23.013451
1.104 	23.178924
1.105 	23.063463
1.106 	22.811514
1.107 	22.288056
1.108 	21.967038
1.109 	22.378336
1.110 	22.948156
1.111 	22.928409
1.112 	22.640787
1.113 	22.476787
1.114 	22.158405
1.115 	21.886265
1.116 	22.132419
1.117 	22.306487
1.118 	21.846160
1.119 	21.416481
1.120 	21.913682
1.121 	22.623747
1.122 	22.552807
1.123 	22.046634
1.124 	21.370801
1.125 	21.074869
1.126 	21.642919
1.127 	22.077392
1.128 	21.684481
1.129 	20.915566
1.130 	20.539597
1.131 	20.963529
1.132 	21.730402
1.133 	22.068289
1.134 	21.846200
1.135 	21.516560
1.136 	21.081596
1.137 	20.205947
1.138 	19.412487
1.139 	19.436874
1.140 	20.012889
1.141 	20.289219
1.142 	20.258828
1.143 	20.192806
1.144 	20.451721
1.145 	20.908626
1.146 	21.051092
1.147 	20.693049
1.148 	20.216426
1.149 	20.009126
1.150 	19.914914
1.151 	19.859795
1.152 	19.847515
1.153 	19.611052
1.154 	19.547006
1.155 	19.822685
1.156 	19.676983
1.157 	19.105861
1.158 	18.831883
1.159 	19.503396
1.160 	20.826384
1.161 	21.203760
1.162 	20.410246
1.163 	19.728765
1.164 	19.677349
1.165 	19.859111
1.166 	19.846747
1.167 	19.836915
1.168 	19.694623
1.169 	19.162461
1.170 	19.050614
1.171 	19.682895
1.172 	20.302971
1.173 	20.340563
1.174 	19.912495
1.175 	19.602476
1.176 	19.994472
1.177 	20.455471
1.178 	20.222121
1.179 	19.577725
1.180 	18.687462
1.181 	17.992776
1.182 	18.075673
1.183 	18.701509
1.184 	19.406078
1.185 	19.762322
1.186 	19.247424
1.187 	18.624429
1.188 	18.552089
1.189 	18.963428
1.190 	19.385248
1.191 	19.308387
1.192 	18.956211
1.193 	18.958522
1.194 	19.363185
1.195 	19.769580
1.196 	19.762180
1.197 	19.204549
1.198 	18.893836
1.199 	19.149219
1.200 	19.431379
1.201 	19.690724
1.202 	20.144842
1.203 	20.322266
1.204 	20.165832
1.205 	19.974826
1.206 	19.557994
1.207 	19.097911
1.208 	19.239194
1.209 	19.857984
1.210 	20.503696
1.211 	20.478469
1.212 	19.938336
1.213 	19.526438
1.214 	19.473887
1.215 	19.398817
1.216 	19.227952
1.217 	19.081991
1.218 	18.805339
1.219 	18.386564
1.220 	18.187408
1.221 	18.567972
1.222 	19.567336
1.223 	20.711137
1.224 	21.650721
1.225 	21.998355
1.226 	21.750271
1.227 	21.125200
1.228 	20.592449
1.229 	20.199842
1.230 	19.681052
1.231 	19.235002
1.232 	19.248069
1.233 	19.860068
1.234 	20.760980
1.235 	21.308514
1.236 	21.109517
1.237 	20.807442
1.238 	20.758416
1.239 	20.643530
1.240 	20.274167
1.241 	19.881394
1.242 	19.695263
1.243 	19.643622
1.244 	19.883491
1.245 	20.498702
1.246 	20.964477
1.247 	20.853839
1.248 	20.145820
1.249 	19.526559
1.250 	19.562338
1.251 	20.385672
1.252 	21.140326
1.253 	21.118483
1.254 	20.486822
1.255 	20.101193
1.256 	19.996795
1.257 	20.185155
1.258 	20.821455
1.259 	21.170053
1.260 	20.432828
1.261 	19.620836
1.262 	19.445589
1.263 	19.734002
1.264 	20.324318
1.265 	21.058249
1.266 	21.033473
1.267 	20.186754
1.268 	19.625483
1.269 	19.779258
1.270 	20.139281
1.271 	20.759994
1.272 	21.523988
1.273 	21.743382
1.274 	21.522000
1.275 	21.347261
1.276 	20.801777
1.277 	20.304650
1.278 	20.825015
1.279 	21.518799
1.280 	21.342896
1.281 	20.790242
1.282 	20.250016
1.283 	19.552975
1.284 	19.372475
1.285 	19.951358
1.286 	20.214694
1.287 	19.663566
1.288 	19.105681
1.289 	19.271133
1.290 	20.014772
1.291 	20.440635
1.292 	20.295628
1.293 	20.589974
1.294 	21.287483
1.295 	21.089853
1.296 	19.836874
1.297 	18.801005
1.298 	19.061333
1.299 	19.635949
1.300 	19.922930
1.301 	20.343744
1.302 	20.442884
1.303 	19.856838
1.304 	19.558235
1.305 	19.573153
1.306 	18.991806
1.307 	18.297738
1.308 	18.571662
1.309 	19.354561
1.310 	19.465210
1.311 	18.953803
1.312 	18.438064
1.313 	18.577821
1.314 	19.124786
1.315 	19.589416
1.316 	19.710327
1.317 	19.659492
1.318 	19.343748
1.319 	18.516234
1.320 	17.537364
1.321 	17.128566
1.322 	17.882419
1.323 	18.823053
1.324 	18.953581
1.325 	18.374499
1.326 	18.317001
1.327 	19.008959
1.328 	19.294446
1.329 	18.494152
1.330 	17.372271
1.331 	17.153392
1.332 	17.414063
1.333 	17.455360
1.334 	17.795798
1.335 	18.794686
1.336 	19.466789
1.337 	19.090964
1.338 	18.150588
1.339 	17.464675
1.340 	17.346118
1.341 	17.499952
1.342 	17.395647
1.343 	16.868357
1.344 	16.332905
1.345 	16.294531
1.346 	16.446884
1.347 	16.745682
1.348 	17.316825
1.349 	17.730473
1.350 	17.712973
1.351 	17.448834
1.352 	17.612186
1.353 	18.516039
1.354 	19.410716
1.355 	19.535852
1.356 	18.408182
1.357 	16.436718
1.358 	15.253652
1.359 	15.606346
1.360 	15.939786
1.361 	15.282896
1.362 	14.545866
1.363 	15.119213
1.364 	16.622338
1.365 	16.941902
1.366 	15.956361
1.367 	14.956986
1.368 	14.677603
1.369 	14.851993
1.370 	14.832879
1.371 	14.682964
1.372 	15.173052
1.373 	15.510311
1.374 	15.020787
1.375 	14.854595
1.376 	15.325028
1.377 	15.107842
1.378 	13.880839
1.379 	12.923118
1.380 	13.483991
1.381 	14.958231
1.382 	15.364959
1.383 	14.464153
1.384 	13.504199
1.385 	13.028601
1.386 	12.673913
1.387 	12.358573
1.388 	12.377828
1.389 	12.931280
1.390 	13.106526
1.391 	12.443486
1.392 	11.924030
1.393 	12.460021
1.394 	13.288475
1.395 	12.988898
1.396 	11.901201
1.397 	11.486916
1.398 	12.254685
1.399 	12.687478
1.400 	12.273152
1.401 	11.853201
1.402 	11.563689
1.403 	10.681641
1.404 	9.479615
1.405 	8.920773
1.406 	9.356137
1.407 	10.325013
1.408 	11.495973
1.409 	12.126328
1.410 	11.592579
1.411 	10.222497
1.412 	9.336786
1.413 	9.548180
1.414 	10.072423
1.415 	10.568414
1.416 	11.248019
1.417 	11.987097
1.418 	11.984136
1.419 	10.893448
1.420 	9.808110
1.421 	9.731429
1.422 	9.928645
1.423 	10.146103
1.424 	10.680644
1.425 	10.957004
1.426 	10.463228
1.427 	10.032623
1.428 	9.989032
1.429 	10.165946
1.430 	10.343079
1.431 	10.005527
1.432 	9.615483
1.433 	9.909783
1.434 	10.607525
1.435 	10.578031
1.436 	9.669515
1.437 	9.120770
1.438 	9.108897
1.439 	10.027844
1.440 	11.455922
1.441 	11.252177
1.442 	9.916125
1.443 	9.204284
1.444 	9.232842
1.445 	9.663146
1.446 	9.963937
1.447 	9.903784
1.448 	9.300065
1.449 	8.480980
1.450 	8.762501
1.451 	10.238262
1.452 	11.969261
1.453 	12.661216
1.454 	11.433621
1.455 	9.644745
1.456 	9.409858
1.457 	9.948412
1.458 	9.859762
1.459 	9.308562
1.460 	8.993851
1.461 	8.960312
1.462 	9.425801
1.463 	10.749879
1.464 	12.681067
1.465 	14.076359
1.466 	13.526266
1.467 	10.988647
1.468 	8.555800
1.469 	8.573447
1.470 	10.068463
1.471 	10.807099
1.472 	10.691098
1.473 	10.769398
1.474 	11.255710
1.475 	11.964858
1.476 	12.676984
1.477 	12.288942
1.478 	10.921747
1.479 	9.831911
1.480 	9.377529
1.481 	9.232074
1.482 	9.561073
1.483 	10.522395
1.484 	11.154496
1.485 	11.058581
1.486 	11.035639
1.487 	11.283619
1.488 	11.075662
1.489 	10.305365
1.490 	9.690376
1.491 	9.660929
1.492 	10.787307
1.493 	12.212100
1.494 	12.312812
1.495 	11.436504
1.496 	10.873021
1.497 	11.298657
1.498 	12.089908
1.499 	12.306799
1.500 	11.750060
1.501 	11.351937
1.502 	12.235972
1.503 	12.998625
1.504 	11.971879
1.505 	9.942572
1.506 	9.578949
1.507 	11.353796
1.508 	12.531758
1.509 	12.796495
1.510 	12.509691
1.511 	11.155822
1.512 	9.862052
1.513 	9.693988
1.514 	10.778674
1.515 	13.153247
1.516 	14.750016
1.517 	13.422169
1.518 	11.226658
1.519 	10.851082
1.520 	12.018539
1.521 	12.908193
1.522 	12.827960
1.523 	12.343043
1.524 	12.082882
1.525 	12.358920
1.526 	12.572226
1.527 	12.717125
1.528 	12.636394
1.529 	11.914789
1.530 	11.563460
1.531 	11.878750
1.532 	12.245027
1.533 	13.324567
1.534 	13.684601
1.535 	12.672397
1.536 	13.022973
1.537 	14.460887
1.538 	13.800515
1.539 	11.753422
1.540 	11.901543
1.541 	14.366569
1.542 	15.200235
1.543 	14.016270
1.544 	12.830971
1.545 	11.962449
1.546 	11.374775
1.547 	11.739779
1.548 	12.090063
1.549 	12.243648
1.550 	12.961492
1.551 	14.088423
1.552 	14.242548
1.553 	12.811808
1.554 	11.881785
1.555 	12.174257
1.556 	13.072194
1.557 	13.974330
1.558 	13.586666
1.559 	13.065562
1.560 	13.589347
1.561 	13.591280
1.562 	13.188426
1.563 	12.622334
1.564 	12.721959
1.565 	14.600968
1.566 	15.135051
1.567 	13.663101
1.568 	12.310090
1.569 	12.754780
1.570 	13.756542
1.571 	13.668578
1.572 	13.655439
1.573 	13.811760
1.574 	14.675464
1.575 	15.351392
1.576 	13.994587
1.577 	12.227199
1.578 	12.016496
1.579 	12.368289
1.580 	13.735168
1.581 	14.837933
1.582 	15.166447
1.583 	15.342751
1.584 	14.633530
1.585 	15.046475
1.586 	15.790439
1.587 	14.896775
1.588 	13.597982
1.589 	12.645534
1.590 	13.047310
1.591 	13.638699
1.592 	12.319554
1.593 	10.907049
1.594 	10.632415
1.595 	13.166095
1.596 	16.046865
1.597 	16.159646
1.598 	15.491035
1.599 	15.078027
1.600 	14.188005
1.601 	14.650871
1.602 	17.184409
1.603 	18.246468
1.604 	16.901229
1.605 	14.900320
1.606 	13.509971
1.607 	13.338129
1.608 	12.863114
1.609 	13.467563
1.610 	15.312251
1.611 	15.908949
1.612 	15.642674
1.613 	16.429556
1.614 	15.059815
1.615 	12.663397
1.616 	14.458691
1.617 	16.593192
1.618 	16.287633
1.619 	15.277427
1.620 	14.386660
1.621 	14.799361
1.622 	15.481497
1.623 	16.192675
1.624 	16.069233
1.625 	15.311765
1.626 	16.308778
1.627 	17.487775
1.628 	15.885221
1.629 	14.035993
1.630 	15.284938
1.631 	16.905012
1.632 	15.194576
1.633 	15.180420
1.634 	17.392647
1.635 	18.605585
1.636 	16.301278
1.637 	12.757242
1.638 	12.901172
1.639 	14.136736
1.640 	13.960306
1.641 	14.093660
1.642 	14.890189
1.643 	14.031103
1.644 	14.483729
1.645 	14.716638
1.646 	15.074501
1.647 	16.608310
1.648 	18.657345
1.649 	18.906324
1.650 	15.339846
1.651 	14.010121
1.652 	14.896343
1.653 	14.572598
1.654 	16.320376
1.655 	15.911587
1.656 	13.000771
1.657 	12.094442
1.658 	16.675830
1.659 	15.384478
1.660 	13.604915
1.661 	14.657821
1.662 	11.616902
1.663 	13.705015
1.664 	18.690891
1.665 	18.670714
1.666 	14.826814
1.667 	15.566449
1.668 	13.407246
1.669 	9.354457
1.670 	13.924958
1.671 	19.120197
1.672 	19.940680
1.673 	20.619787
1.674 	14.728453
1.675 	11.390787
1.676 	15.810104
1.677 	19.608256
1.678 	18.746132
1.679 	17.788322
1.680 	16.889877
1.681 	12.646918
1.682 	14.000438
1.683 	16.138131
1.684 	18.421828
1.685 	21.037072
1.686 	20.260745
1.687 	7.638947
1.688 	10.382710
1.689 	20.025499
1.690 	15.491148
1.691 	14.068618
1.692 	11.968696
1.693 	17.193735
1.694 	22.469199
1.695 	5.915240
1.696 	15.594469
1.697 	17.404471
1.698 	7.959465
1.699 	19.414577
1.700 	24.491200
