0.660 	30.331093
0.661 	26.899450
0.662 	27.012704
0.663 	30.123305
0.664 	30.703523
0.665 	28.937802
0.666 	28.348722
0.667 	28.881654
0.668 	29.242303
0.669 	29.377180
0.670 	30.732555
0.671 	29.420018
0.672 	27.977795
0.673 	28.097535
0.674 	28.488414
0.675 	29.285944
0.676 	29.750258
0.677 	28.859757
0.678 	28.449957
0.679 	29.199989
0.680 	30.503993
0.681 	31.142511
0.682 	28.588770
0.683 	27.376377
0.684 	28.601967
0.685 	29.388274
0.686 	29.556013
0.687 	28.454470
0.688 	28.814162
0.689 	29.986602
0.690 	29.465845
0.691 	29.050343
0.692 	28.962924
0.693 	29.603084
0.694 	29.728051
0.695 	28.851704
0.696 	28.614152
0.697 	28.708683
0.698 	28.329564
0.699 	29.371288
0.700 	29.463262
0.701 	28.184933
0.702 	27.673358
0.703 	27.212608
0.704 	27.123363
0.705 	27.839269
0.706 	28.220183
0.707 	29.701633
0.708 	30.560789
0.709 	29.060132
0.710 	27.263654
0.711 	26.723677
0.712 	27.746807
0.713 	28.749571
0.714 	28.277349
0.715 	27.485748
0.716 	26.937723
0.717 	27.543137
0.718 	28.629457
0.719 	29.110809
0.720 	29.040194
0.721 	28.413420
0.722 	27.918984
0.723 	28.292715
0.724 	28.232694
0.725 	28.036134
0.726 	28.254231
0.727 	28.588397
0.728 	29.087910
0.729 	28.835460
0.730 	28.386697
0.731 	27.677331
0.732 	26.680741
0.733 	26.834411
0.734 	26.988883
0.735 	27.045308
0.736 	28.079990
0.737 	28.796921
0.738 	28.516631
0.739 	27.640475
0.740 	27.544001
0.741 	28.016473
0.742 	28.208427
0.743 	29.306036
0.744 	30.188516
0.745 	29.179213
0.746 	27.612926
0.747 	27.159489
0.748 	27.826831
0.749 	28.137581
0.750 	28.184594
0.751 	28.600290
0.752 	28.528737
0.753 	27.757692
0.754 	27.667781
0.755 	28.643351
0.756 	28.612490
0.757 	26.932519
0.758 	26.421564
0.759 	27.598215
0.760 	28.347589
0.761 	28.273421
0.762 	28.325024
0.763 	27.973371
0.764 	26.813867
0.765 	25.741569
0.766 	25.948322
0.767 	26.926958
0.768 	26.987396
0.769 	26.474555
0.770 	26.743793
0.771 	27.438435
0.772 	27.462660
0.773 	27.649091
0.774 	28.426805
0.775 	28.636859
0.776 	28.176150
0.777 	27.863612
0.778 	27.240530
0.779 	26.217354
0.780 	26.102963
0.781 	26.929886
0.782 	27.711270
0.783 	28.104330
0.784 	28.126397
0.785 	27.979980
0.786 	27.768339
0.787 	27.265200
0.788 	26.191604
0.789 	25.751397
0.790 	26.894064
0.791 	28.058014
0.792 	28.048717
0.793 	27.723664
0.794 	27.240070
0.795 	26.488304
0.796 	25.908917
0.797 	25.937164
0.798 	26.504258
0.799 	27.106087
0.800 	27.326018
0.801 	27.048314
0.802 	26.381910
0.803 	26.018073
0.804 	26.159338
0.805 	26.750685
0.806 	27.384479
0.807 	27.291855
0.808 	26.981274
0.809 	26.955036
0.810 	26.627399
0.811 	25.975662
0.812 	26.016951
0.813 	26.407100
0.814 	25.922828
0.815 	25.207446
0.816 	25.567085
0.817 	26.509055
0.818 	26.874353
0.819 	26.921314
0.820 	26.904513
0.821 	26.287083
0.822 	25.698970
0.823 	26.074904
0.824 	26.454801
0.825 	26.270883
0.826 	25.994414
0.827 	26.050244
0.828 	26.577060
0.829 	27.183779
0.830 	27.181868
0.831 	26.622286
0.832 	26.121000
0.833 	26.238357
0.834 	26.480522
0.835 	26.289365
0.836 	26.257861
0.837 	26.522200
0.838 	27.019085
0.839 	27.625850
0.840 	27.135410
0.841 	25.919839
0.842 	25.221381
0.843 	25.125998
0.844 	25.352504
0.845 	25.785415
0.846 	26.094121
0.847 	26.054180
0.848 	25.825746
0.849 	25.729307
0.850 	25.788134
0.851 	25.492117
0.852 	25.138564
0.853 	25.296229
0.854 	25.479986
0.855 	25.389333
0.856 	25.455827
0.857 	25.564584
0.858 	25.369108
0.859 	25.377210
0.860 	25.771970
0.861 	26.201145
0.862 	26.274471
0.863 	25.795847
0.864 	25.229988
0.865 	25.224924
0.866 	25.476452
0.867 	25.365223
0.868 	25.143949
0.869 	24.984953
0.870 	25.082344
0.871 	25.748722
0.872 	26.664188
0.873 	26.772068
0.874 	25.925097
0.875 	25.299216
0.876 	25.511297
0.877 	25.833491
0.878 	25.299732
0.879 	24.320448
0.880 	23.806883
0.881 	24.030523
0.882 	24.460257
0.883 	24.998691
0.884 	25.695567
0.885 	26.064881
0.886 	25.655014
0.887 	24.856529
0.888 	24.486358
0.889 	24.514654
0.890 	24.727375
0.891 	25.144800
0.892 	25.530813
0.893 	25.510008
0.894 	25.194454
0.895 	25.243672
0.896 	25.891431
0.897 	26.067097
0.898 	25.598145
0.899 	25.365681
0.900 	25.613664
0.901 	25.815231
0.902 	25.773107
0.903 	25.556029
0.904 	25.234520
0.905 	24.863399
0.906 	24.480784
0.907 	24.044405
0.908 	23.728397
0.909 	23.805591
0.910 	24.225677
0.911 	24.516513
0.912 	24.225445
0.913 	23.762017
0.914 	23.723315
0.915 	24.108378
0.916 	24.686699
0.917 	25.339381
0.918 	25.856372
0.919 	25.296873
0.920 	23.491918
0.921 	21.916698
0.922 	22.091585
0.923 	23.157287
0.924 	24.060650
0.925 	24.566525
0.926 	24.528793
0.927 	24.195010
0.928 	23.756261
0.929 	23.424359
0.930 	23.364967
0.931 	23.567837
0.932 	23.790597
0.933 	24.047969
0.934 	24.347091
0.935 	24.461405
0.936 	24.077126
0.937 	23.156370
0.938 	22.418196
0.939 	22.760011
0.940 	23.615359
0.941 	23.870071
0.942 	23.472235
0.943 	22.853388
0.944 	22.689513
0.945 	23.046180
0.946 	23.692748
0.947 	24.091387
0.948 	24.099956
0.949 	23.848688
0.950 	23.492973
0.951 	23.091710
0.952 	22.568777
0.953 	22.438441
0.954 	22.846130
0.955 	22.999208
0.956 	22.996400
0.957 	23.353356
0.958 	23.729158
0.959 	23.565852
0.960 	23.527043
0.961 	23.540299
0.962 	23.544857
0.963 	23.312938
0.964 	23.006209
0.965 	23.461830
0.966 	23.933803
0.967 	23.708945
0.968 	23.288198
0.969 	23.310450
0.970 	23.750495
0.971 	23.785445
0.972 	22.994661
0.973 	22.286154
0.974 	22.311276
0.975 	23.098884
0.976 	23.651661
0.977 	23.396827
0.978 	23.361718
0.979 	23.605162
0.980 	23.704384
0.981 	23.613353
0.982 	23.388115
0.983 	23.457694
0.984 	23.622929
0.985 	23.510124
0.986 	23.883840
0.987 	24.370366
0.988 	23.728016
0.989 	23.027294
0.990 	23.296286
0.991 	23.324554
0.992 	22.926802
0.993 	23.296207
0.994 	23.883686
0.995 	23.500387
0.996 	22.816000
0.997 	22.452959
0.998 	22.761025
0.999 	23.731050
1.000 	23.937687
1.001 	23.624887
1.002 	23.689858
1.003 	24.352378
1.004 	25.155085
1.005 	25.548400
1.006 	24.573899
1.007 	23.000033
1.008 	22.620602
1.009 	23.108239
1.010 	23.300240
1.011 	22.841655
1.012 	23.098097
1.013 	23.822619
1.014 	23.803468
1.015 	23.542977
1.016 	23.773161
1.017 	24.239109
1.018 	24.566933
1.019 	24.726329
1.020 	24.304044
1.021 	23.512511
1.022 	23.054222
1.023 	22.804311
1.024 	22.616963
1.025 	22.706984
1.026 	22.941306
1.027 	22.852049
1.028 	22.921510
1.029 	23.598046
1.030 	23.682976
1.031 	23.283045
1.032 	23.384082
1.033 	23.522800
1.034 	23.783238
1.035 	24.248140
1.036 	24.481913
1.037 	23.788787
1.038 	22.669815
1.039 	22.521076
1.040 	22.761807
1.041 	22.633573
1.042 	22.832226
1.043 	23.347805
1.044 	23.650675
1.045 	23.710714
1.046 	23.699080
1.047 	23.357838
1.048 	22.936793
1.049 	23.279895
1.050 	23.729346
1.051 	23.404492
1.052 	23.213858
1.053 	23.867494
1.054 	24.605905
1.055 	24.317240
1.056 	23.277009
1.057 	23.112433
1.058 	24.053270
1.059 	24.302975
1.060 	23.148936
1.061 	22.064144
1.062 	22.444206
1.063 	23.915778
1.064 	24.569286
1.065 	23.888182
1.066 	23.317454
1.067 	23.249677
1.068 	22.817128
1.069 	22.100028
1.070 	22.399918
1.071 	23.355010
1.072 	23.383652
1.073 	22.954637
1.074 	23.340516
1.075 	24.050030
1.076 	23.969492
1.077 	23.280921
1.078 	22.710240
1.079 	22.367728
1.080 	22.273539
1.081 	22.463349
1.082 	22.900538
1.083 	23.379913
1.084 	23.421865
1.085 	23.184902
1.086 	23.124020
1.087 	23.060259
1.088 	22.894233
1.089 	22.753361
1.090 	22.788485
1.091 	22.659988
1.092 	22.087948
1.093 	21.494564
1.094 	21.431097
1.095 	22.454670
1.096 	23.568765
1.097 	23.472680
1.098 	22.804225
1.099 	22.415851
1.100 	22.237245
1.101 	22.343250
1.102 	22.696556
1.103 	22.839867
1.104 	22.698066
1.105 	22.448547
1.106 	22.178062
1.107 	22.059115
1.108 	22.109153
1.109 	21.910913
1.110 	21.461409
1.111 	21.566481
1.112 	22.041009
1.113 	21.812752
1.114 	21.356034
1.115 	21.306394
1.116 	21.263187
1.117 	20.593410
1.118 	19.616663
1.119 	19.391297
1.120 	19.959732
1.121 	20.386628
1.122 	20.379720
1.123 	20.356528
1.124 	20.367570
1.125 	20.327632
1.126 	20.115375
1.127 	19.895827
1.128 	20.272631
1.129 	20.695873
1.130 	20.482115
1.131 	19.926579
1.132 	19.484267
1.133 	19.245531
1.134 	19.179519
1.135 	19.337718
1.136 	19.241091
1.137 	18.923226
1.138 	19.155256
1.139 	19.690327
1.140 	19.525465
1.141 	19.310971
1.142 	19.774336
1.143 	20.362570
1.144 	20.547199
1.145 	20.172715
1.146 	19.205008
1.147 	18.291834
1.148 	18.582647
1.149 	19.662540
1.150 	19.905563
1.151 	19.434872
1.152 	18.917470
1.153 	18.480034
1.154 	18.365886
1.155 	18.897410
1.156 	19.732894
1.157 	20.042142
1.158 	19.164373
1.159 	18.115218
1.160 	18.170863
1.161 	19.325465
1.162 	20.284670
1.163 	20.620143
1.164 	20.352128
1.165 	19.690555
1.166 	18.863816
1.167 	18.289494
1.168 	18.114098
1.169 	18.314648
1.170 	18.681063
1.171 	18.970158
1.172 	19.126589
1.173 	18.898141
1.174 	18.359019
1.175 	17.900072
1.176 	18.122994
1.177 	18.867177
1.178 	19.135614
1.179 	18.516559
1.180 	17.966866
1.181 	18.209620
1.182 	18.959242
1.183 	19.465695
1.184 	19.102889
1.185 	18.601220
1.186 	18.972940
1.187 	19.860863
1.188 	20.046910
1.189 	19.544868
1.190 	19.251753
1.191 	19.561286
1.192 	19.623938
1.193 	19.043225
1.194 	18.646790
1.195 	18.663478
1.196 	18.740456
1.197 	18.816993
1.198 	18.852654
1.199 	18.664994
1.200 	18.745809
1.201 	19.472392
1.202 	20.496266
1.203 	21.237588
1.204 	21.165739
1.205 	20.132524
1.206 	19.143510
1.207 	19.044430
1.208 	19.665377
1.209 	20.197707
1.210 	20.198724
1.211 	19.786625
1.212 	19.655356
1.213 	19.799477
1.214 	19.727218
1.215 	19.462910
1.216 	19.348626
1.217 	19.440433
1.218 	19.569234
1.219 	19.790164
1.220 	20.438053
1.221 	20.935915
1.222 	20.386086
1.223 	19.567810
1.224 	19.476041
1.225 	19.975289
1.226 	20.635693
1.227 	20.979398
1.228 	20.915294
1.229 	20.806313
1.230 	20.442984
1.231 	19.778563
1.232 	19.525037
1.233 	19.829096
1.234 	20.010432
1.235 	19.706690
1.236 	19.495616
1.237 	19.928724
1.238 	20.463203
1.239 	20.443465
1.240 	19.977696
1.241 	20.071373
1.242 	20.799080
1.243 	21.196907
1.244 	20.996325
1.245 	20.734832
1.246 	20.273445
1.247 	19.992179
1.248 	20.280730
1.249 	20.470201
1.250 	20.309798
1.251 	20.529274
1.252 	20.858940
1.253 	20.395465
1.254 	19.519507
1.255 	19.257421
1.256 	19.855660
1.257 	20.503319
1.258 	20.516886
1.259 	19.745386
1.260 	18.995624
1.261 	18.884451
1.262 	19.112477
1.263 	19.474415
1.264 	19.982508
1.265 	20.204898
1.266 	20.180508
1.267 	20.500257
1.268 	20.898189
1.269 	20.691519
1.270 	19.940962
1.271 	19.504753
1.272 	19.645461
1.273 	19.664919
1.274 	19.436023
1.275 	19.492071
1.276 	19.918011
1.277 	20.210937
1.278 	20.150252
1.279 	19.569973
1.280 	19.106502
1.281 	19.396252
1.282 	19.925790
1.283 	19.700963
1.284 	18.942126
1.285 	18.676943
1.286 	18.979572
1.287 	18.921664
1.288 	18.451822
1.289 	18.145401
1.290 	18.273434
1.291 	18.912775
1.292 	19.794224
1.293 	20.182047
1.294 	19.519927
1.295 	18.238752
1.296 	17.632434
1.297 	18.210444
1.298 	19.657190
1.299 	20.674949
1.300 	20.548127
1.301 	19.593628
1.302 	18.620426
1.303 	17.860540
1.304 	17.302336
1.305 	17.097354
1.306 	17.143806
1.307 	17.434253
1.308 	18.104033
1.309 	18.624500
1.310 	18.462399
1.311 	17.677911
1.312 	16.793122
1.313 	16.318817
1.314 	16.453801
1.315 	16.940722
1.316 	17.655424
1.317 	18.578072
1.318 	19.118949
1.319 	18.716027
1.320 	17.595793
1.321 	17.002907
1.322 	17.464803
1.323 	18.575305
1.324 	19.237868
1.325 	18.412695
1.326 	16.627640
1.327 	15.711837
1.328 	15.589386
1.329 	15.479816
1.330 	15.463958
1.331 	15.679330
1.332 	15.746297
1.333 	15.237734
1.334 	14.948005
1.335 	15.722232
1.336 	17.124115
1.337 	18.501652
1.338 	19.093860
1.339 	18.344341
1.340 	17.185394
1.341 	16.631352
1.342 	16.375212
1.343 	16.090751
1.344 	16.043228
1.345 	16.145044
1.346 	16.356780
1.347 	16.639368
1.348 	16.477503
1.349 	15.734732
1.350 	15.794840
1.351 	16.838635
1.352 	17.022552
1.353 	15.944962
1.354 	15.042030
1.355 	14.852718
1.356 	14.257182
1.357 	13.519147
1.358 	13.865543
1.359 	14.719581
1.360 	14.848153
1.361 	14.338391
1.362 	14.739909
1.363 	15.724189
1.364 	15.304982
1.365 	13.895621
1.366 	12.594410
1.367 	11.784018
1.368 	11.659580
1.369 	12.334917
1.370 	13.121674
1.371 	13.241962
1.372 	13.033018
1.373 	12.482669
1.374 	11.120037
1.375 	9.884716
1.376 	10.302379
1.377 	11.292413
1.378 	11.417199
1.379 	10.424676
1.380 	9.640656
1.381 	9.849769
1.382 	10.521864
1.383 	10.555622
1.384 	10.109737
1.385 	9.826007
1.386 	9.693554
1.387 	9.977901
1.388 	10.692947
1.389 	10.826309
1.390 	9.924029
1.391 	9.056588
1.392 	8.377435
1.393 	7.431311
1.394 	7.153369
1.395 	8.358528
1.396 	10.344654
1.397 	11.675127
1.398 	11.972251
1.399 	11.094913
1.400 	9.304079
1.401 	7.723897
1.402 	7.626492
1.403 	8.020017
1.404 	8.006742
1.405 	8.038792
1.406 	8.180775
1.407 	7.639102
1.408 	7.357149
1.409 	8.259581
1.410 	9.141033
1.411 	9.512137
1.412 	9.923035
1.413 	10.124974
1.414 	10.167437
1.415 	10.210345
1.416 	9.744410
1.417 	8.542733
1.418 	6.744979
1.419 	5.769435
1.420 	6.843443
1.421 	8.996317
1.422 	10.396209
1.423 	10.131933
1.424 	8.933258
1.425 	7.912167
1.426 	8.011292
1.427 	8.405157
1.428 	8.674827
1.429 	9.656786
1.430 	10.836496
1.431 	10.641610
1.432 	9.309426
1.433 	8.130211
1.434 	7.757403
1.435 	7.760199
1.436 	7.804722
1.437 	7.541963
1.438 	7.322510
1.439 	7.813746
1.440 	8.636405
1.441 	9.468607
1.442 	10.045154
1.443 	10.252723
1.444 	10.183550
1.445 	9.056217
1.446 	6.894377
1.447 	6.033983
1.448 	7.085114
1.449 	8.313466
1.450 	8.560830
1.451 	8.796968
1.452 	9.800818
1.453 	10.615065
1.454 	9.763197
1.455 	7.925522
1.456 	7.171216
1.457 	7.374360
1.458 	7.909332
1.459 	8.320088
1.460 	8.002052
1.461 	7.048558
1.462 	7.136121
1.463 	9.598386
1.464 	11.847942
1.465 	11.126201
1.466 	8.882011
1.467 	7.620187
1.468 	8.361653
1.469 	10.221997
1.470 	10.860759
1.471 	9.609436
1.472 	8.600093
1.473 	8.686530
1.474 	9.364848
1.475 	10.800619
1.476 	12.031862
1.477 	11.487569
1.478 	10.242823
1.479 	9.932760
1.480 	9.856729
1.481 	9.360506
1.482 	8.567275
1.483 	8.115536
1.484 	8.594211
1.485 	9.543930
1.486 	10.412167
1.487 	10.651101
1.488 	10.094582
1.489 	9.420091
1.490 	9.250955
1.491 	9.561532
1.492 	10.000664
1.493 	10.359102
1.494 	10.379210
1.495 	9.720810
1.496 	9.513922
1.497 	9.929978
1.498 	9.965591
1.499 	9.823975
1.500 	10.288909
1.501 	10.751343
1.502 	10.483030
1.503 	10.271054
1.504 	9.998826
1.505 	10.227311
1.506 	12.053479
1.507 	12.854904
1.508 	10.999212
1.509 	9.180642
1.510 	8.733090
1.511 	9.613534
1.512 	11.585690
1.513 	12.948819
1.514 	12.676641
1.515 	12.042248
1.516 	12.313175
1.517 	12.397307
1.518 	10.922825
1.519 	9.679224
1.520 	10.804905
1.521 	12.161895
1.522 	11.293273
1.523 	9.263751
1.524 	8.967976
1.525 	10.043486
1.526 	11.026780
1.527 	11.914841
1.528 	12.403729
1.529 	11.481813
1.530 	10.080524
1.531 	9.859121
1.532 	10.937413
1.533 	12.303676
1.534 	12.681812
1.535 	12.754037
1.536 	12.896257
1.537 	12.296461
1.538 	10.876688
1.539 	10.335524
1.540 	11.151477
1.541 	10.795941
1.542 	10.010827
1.543 	11.635664
1.544 	14.174508
1.545 	14.162943
1.546 	12.593814
1.547 	12.399298
1.548 	12.693199
1.549 	11.495529
1.550 	10.737128
1.551 	12.518234
1.552 	15.133094
1.553 	16.299030
1.554 	14.707734
1.555 	12.659692
1.556 	12.249945
1.557 	12.940614
1.558 	13.701860
1.559 	13.353172
1.560 	12.294926
1.561 	11.944705
1.562 	11.278148
1.563 	11.127195
1.564 	11.632039
1.565 	11.885001
1.566 	11.794293
1.567 	13.106065
1.568 	14.643032
1.569 	12.871390
1.570 	10.754643
1.571 	11.014255
1.572 	12.034312
1.573 	13.139303
1.574 	14.181806
1.575 	14.867469
1.576 	15.535370
1.577 	15.857308
1.578 	14.245612
1.579 	13.057775
1.580 	13.035504
1.581 	11.976749
1.582 	10.671349
1.583 	11.348749
1.584 	12.696575
1.585 	14.016230
1.586 	15.813815
1.587 	16.561768
1.588 	15.027608
1.589 	12.095211
1.590 	10.558368
1.591 	10.249759
1.592 	11.418752
1.593 	12.780922
1.594 	12.862567
1.595 	13.340290
1.596 	14.187207
1.597 	13.226341
1.598 	12.999459
1.599 	13.568935
1.600 	13.283612
1.601 	14.960287
1.602 	15.958626
1.603 	13.670237
1.604 	13.395607
1.605 	15.455957
1.606 	14.880251
1.607 	11.396959
1.608 	11.421101
1.609 	14.099266
1.610 	14.615043
1.611 	13.570747
1.612 	14.060493
1.613 	15.534786
1.614 	14.120176
1.615 	12.398592
1.616 	13.700678
1.617 	14.947115
1.618 	12.006314
1.619 	12.158099
1.620 	15.929722
1.621 	17.018252
1.622 	14.861428
1.623 	12.805433
1.624 	11.006232
1.625 	13.047492
1.626 	14.867559
1.627 	13.654505
1.628 	13.573415
1.629 	14.663526
1.630 	15.099327
1.631 	15.362077
1.632 	16.302830
1.633 	15.516739
1.634 	13.313259
1.635 	13.461722
1.636 	14.733729
1.637 	14.895854
1.638 	14.793287
1.639 	14.339868
1.640 	15.118919
1.641 	16.119955
1.642 	13.266376
1.643 	12.789344
1.644 	15.187548
1.645 	16.698302
1.646 	18.096253
1.647 	17.379656
1.648 	14.306572
1.649 	12.557601
1.650 	14.296693
1.651 	16.289972
1.652 	13.805366
1.653 	11.892922
1.654 	11.531138
1.655 	12.573662
1.656 	14.354723
1.657 	14.094363
1.658 	12.749678
1.659 	14.138264
1.660 	14.804491
1.661 	17.478965
1.662 	20.048952
1.663 	13.551042
1.664 	10.569414
1.665 	13.728515
1.666 	11.037920
1.667 	12.448039
1.668 	20.609799
1.669 	18.315744
1.670 	14.460719
1.671 	11.693144
1.672 	13.845390
1.673 	15.853331
1.674 	15.083530
1.675 	14.496017
1.676 	10.888021
1.677 	9.115293
1.678 	14.184453
1.679 	14.642217
1.680 	13.988613
1.681 	24.054489
1.682 	26.083908
1.683 	18.687502
1.684 	17.018475
1.685 	13.540746
1.686 	13.757145
1.687 	19.496262
1.688 	9.505448
1.689 	9.763014
1.690 	19.113442
1.691 	17.441257
1.692 	17.004198
1.693 	18.389635
1.694 	19.754708
1.695 	13.937004
1.696 	-2.358654
1.697 	-9.836946
1.698 	15.870692
1.699 	29.140794
1.700 	25.610621
