0.660 	28.579250
0.661 	25.564862
0.662 	24.436866
0.663 	29.818105
0.664 	34.024845
0.665 	27.978268
0.666 	29.628846
0.667 	31.935772
0.668 	32.250542
0.669 	30.276958
0.670 	28.348007
0.671 	26.393895
0.672 	27.944277
0.673 	32.925702
0.674 	31.605066
0.675 	28.974915
0.676 	31.052195
0.677 	29.961871
0.678 	31.420675
0.679 	31.308224
0.680 	30.724036
0.681 	30.152361
0.682 	29.292876
0.683 	30.885324
0.684 	29.919449
0.685 	28.302628
0.686 	29.613127
0.687 	31.726690
0.688 	30.188068
0.689 	27.333320
0.690 	28.039313
0.691 	29.076546
0.692 	28.582535
0.693 	31.384702
0.694 	31.629719
0.695 	29.274243
0.696 	27.873755
0.697 	28.585851
0.698 	30.584559
0.699 	31.155456
0.700 	29.415321
0.701 	29.226357
0.702 	29.501086
0.703 	30.646914
0.704 	29.382040
0.705 	29.600400
0.706 	28.491134
0.707 	29.629786
0.708 	30.227228
0.709 	29.264340
0.710 	28.329533
0.711 	28.901809
0.712 	30.719485
0.713 	29.069095
0.714 	30.294437
0.715 	32.509076
0.716 	32.374471
0.717 	30.831869
0.718 	28.544974
0.719 	29.610794
0.720 	30.246102
0.721 	28.485624
0.722 	28.487290
0.723 	28.460296
0.724 	28.557870
0.725 	28.501318
0.726 	28.574037
0.727 	28.995434
0.728 	28.952603
0.729 	28.006854
0.730 	28.409236
0.731 	29.602796
0.732 	29.329943
0.733 	29.706352
0.734 	30.239385
0.735 	29.498092
0.736 	28.909658
0.737 	29.181704
0.738 	29.238316
0.739 	29.119922
0.740 	28.473803
0.741 	27.642440
0.742 	27.744101
0.743 	28.102668
0.744 	27.890415
0.745 	26.995682
0.746 	27.931415
0.747 	29.014039
0.748 	28.514927
0.749 	27.992756
0.750 	29.095993
0.751 	30.738633
0.752 	30.804751
0.753 	29.469350
0.754 	28.707947
0.755 	28.963515
0.756 	28.214268
0.757 	27.599054
0.758 	29.214914
0.759 	30.652310
0.760 	28.889704
0.761 	26.577271
0.762 	26.971158
0.763 	28.275490
0.764 	28.501322
0.765 	28.893056
0.766 	29.001390
0.767 	28.535174
0.768 	27.783974
0.769 	27.906025
0.770 	28.492407
0.771 	27.858651
0.772 	27.703926
0.773 	28.924115
0.774 	29.125360
0.775 	28.043770
0.776 	27.546970
0.777 	27.739583
0.778 	28.448227
0.779 	28.517210
0.780 	27.543314
0.781 	27.371599
0.782 	28.183189
0.783 	29.305897
0.784 	29.381210
0.785 	28.503925
0.786 	27.567889
0.787 	27.956353
0.788 	28.883819
0.789 	28.452296
0.790 	27.375121
0.791 	26.962229
0.792 	27.418640
0.793 	27.834141
0.794 	27.892059
0.795 	27.806652
0.796 	27.752729
0.797 	28.318399
0.798 	28.429534
0.799 	27.466268
0.800 	26.768262
0.801 	27.203952
0.802 	28.583394
0.803 	29.577841
0.804 	28.336090
0.805 	26.936259
0.806 	27.591866
0.807 	28.813992
0.808 	29.046924
0.809 	28.507714
0.810 	28.221823
0.811 	28.613696
0.812 	28.535934
0.813 	27.543025
0.814 	26.813064
0.815 	26.709566
0.816 	26.685944
0.817 	26.494783
0.818 	26.471949
0.819 	26.796886
0.820 	26.741901
0.821 	27.020876
0.822 	27.763715
0.823 	27.880435
0.824 	27.941412
0.825 	28.714298
0.826 	29.211077
0.827 	28.060131
0.828 	26.791910
0.829 	26.830517
0.830 	27.337037
0.831 	27.089270
0.832 	26.658567
0.833 	27.217063
0.834 	28.161189
0.835 	28.172444
0.836 	27.292961
0.837 	26.765144
0.838 	26.619569
0.839 	26.352500
0.840 	26.231050
0.841 	26.433875
0.842 	26.669259
0.843 	27.015856
0.844 	27.197122
0.845 	26.953399
0.846 	26.755994
0.847 	26.963225
0.848 	27.645425
0.849 	28.321535
0.850 	28.210461
0.851 	27.429154
0.852 	26.697720
0.853 	26.387693
0.854 	26.407149
0.855 	26.764173
0.856 	27.165579
0.857 	26.891030
0.858 	26.206346
0.859 	25.707750
0.860 	25.729524
0.861 	26.487468
0.862 	27.280799
0.863 	27.241910
0.864 	26.558687
0.865 	25.942595
0.866 	26.250665
0.867 	27.224827
0.868 	27.675535
0.869 	27.320760
0.870 	26.655272
0.871 	26.488889
0.872 	26.758222
0.873 	26.747491
0.874 	26.437618
0.875 	26.231304
0.876 	26.438585
0.877 	26.782721
0.878 	26.891624
0.879 	26.237787
0.880 	25.073022
0.881 	24.830276
0.882 	25.571103
0.883 	25.974505
0.884 	25.552985
0.885 	25.527012
0.886 	26.156470
0.887 	26.476596
0.888 	26.197199
0.889 	25.790710
0.890 	25.653507
0.891 	25.804013
0.892 	26.053627
0.893 	26.207574
0.894 	26.081596
0.895 	25.955988
0.896 	26.149386
0.897 	26.286980
0.898 	25.907877
0.899 	25.207960
0.900 	25.154069
0.901 	25.551052
0.902 	25.544466
0.903 	25.550597
0.904 	26.259312
0.905 	26.761433
0.906 	25.743163
0.907 	24.185843
0.908 	23.479507
0.909 	23.792425
0.910 	24.620601
0.911 	25.766699
0.912 	26.361702
0.913 	26.461585
0.914 	26.479136
0.915 	26.045630
0.916 	25.318110
0.917 	25.060613
0.918 	25.629984
0.919 	26.349945
0.920 	26.356046
0.921 	25.917942
0.922 	25.691098
0.923 	25.534828
0.924 	25.250087
0.925 	25.045145
0.926 	24.897004
0.927 	24.869889
0.928 	25.057528
0.929 	25.253304
0.930 	24.792858
0.931 	23.769858
0.932 	23.294895
0.933 	23.986678
0.934 	25.072408
0.935 	25.860029
0.936 	25.750062
0.937 	24.961223
0.938 	24.098175
0.939 	23.603532
0.940 	23.598864
0.941 	24.225530
0.942 	24.759506
0.943 	24.969033
0.944 	24.802416
0.945 	24.473323
0.946 	23.863332
0.947 	23.589819
0.948 	23.931615
0.949 	24.182692
0.950 	24.027045
0.951 	24.122064
0.952 	23.788322
0.953 	22.891017
0.954 	22.393113
0.955 	22.979693
0.956 	23.657336
0.957 	23.791006
0.958 	23.884966
0.959 	23.830814
0.960 	23.544681
0.961 	23.071896
0.962 	22.192447
0.963 	22.116140
0.964 	22.318506
0.965 	22.176547
0.966 	22.797887
0.967 	23.816220
0.968 	23.578239
0.969 	22.552965
0.970 	21.919695
0.971 	22.264241
0.972 	23.170585
0.973 	23.074825
0.974 	22.199139
0.975 	21.698496
0.976 	21.455700
0.977 	21.521622
0.978 	22.043342
0.979 	23.140916
0.980 	23.687365
0.981 	23.677345
0.982 	23.316759
0.983 	22.405428
0.984 	21.702553
0.985 	21.757751
0.986 	22.269483
0.987 	22.603844
0.988 	22.828253
0.989 	22.594662
0.990 	22.422707
0.991 	22.296914
0.992 	22.127972
0.993 	21.549562
0.994 	21.156504
0.995 	21.720240
0.996 	22.377418
0.997 	22.521309
0.998 	22.376599
0.999 	21.869672
1.000 	21.883830
1.001 	22.664606
1.002 	22.801084
1.003 	22.200502
1.004 	21.549515
1.005 	21.827344
1.006 	22.090190
1.007 	21.597703
1.008 	21.494899
1.009 	22.038975
1.010 	22.596765
1.011 	23.058961
1.012 	22.876629
1.013 	22.494710
1.014 	22.733197
1.015 	22.651618
1.016 	22.568191
1.017 	22.244945
1.018 	21.433784
1.019 	21.346216
1.020 	22.080016
1.021 	23.180303
1.022 	23.585920
1.023 	23.304593
1.024 	23.306663
1.025 	23.020510
1.026 	22.330996
1.027 	21.904367
1.028 	21.743966
1.029 	21.710578
1.030 	21.946443
1.031 	22.246484
1.032 	22.240976
1.033 	22.149876
1.034 	22.572295
1.035 	23.122332
1.036 	22.908103
1.037 	22.638498
1.038 	22.274521
1.039 	21.650434
1.040 	21.604124
1.041 	22.238177
1.042 	22.634963
1.043 	22.515548
1.044 	22.854551
1.045 	23.188362
1.046 	22.951451
1.047 	22.398629
1.048 	21.993185
1.049 	22.200493
1.050 	22.794894
1.051 	23.079383
1.052 	22.878868
1.053 	22.364907
1.054 	22.226987
1.055 	22.527876
1.056 	22.469179
1.057 	21.820117
1.058 	21.580596
1.059 	22.029218
1.060 	22.457326
1.061 	22.549338
1.062 	22.313041
1.063 	21.923535
1.064 	22.120863
1.065 	22.510165
1.066 	22.377091
1.067 	22.205614
1.068 	22.093969
1.069 	22.094044
1.070 	22.116227
1.071 	22.172358
1.072 	22.628060
1.073 	23.472556
1.074 	23.913510
1.075 	23.129665
1.076 	22.135965
1.077 	21.895921
1.078 	21.544012
1.079 	21.466552
1.080 	22.365833
1.081 	22.851611
1.082 	22.610338
1.083 	22.536461
1.084 	22.860019
1.085 	23.100482
1.086 	22.689969
1.087 	21.942841
1.088 	21.594188
1.089 	21.893972
1.090 	21.920318
1.091 	21.189180
1.092 	20.886770
1.093 	21.589225
1.094 	22.317114
1.095 	22.484567
1.096 	22.397630
1.097 	22.431322
1.098 	22.673495
1.099 	22.823269
1.100 	22.297058
1.101 	21.614192
1.102 	22.028411
1.103 	22.436496
1.104 	21.514686
1.105 	20.996152
1.106 	21.703778
1.107 	21.984484
1.108 	21.418841
1.109 	20.972908
1.110 	21.137859
1.111 	21.884499
1.112 	22.324405
1.113 	21.535135
1.114 	20.488705
1.115 	20.677810
1.116 	21.524480
1.117 	21.395009
1.118 	20.779615
1.119 	20.865062
1.120 	21.085921
1.121 	20.878166
1.122 	20.980514
1.123 	21.455014
1.124 	21.936998
1.125 	22.062207
1.126 	21.448451
1.127 	20.500132
1.128 	19.935253
1.129 	19.686232
1.130 	19.629227
1.131 	19.789478
1.132 	20.314471
1.133 	21.299526
1.134 	21.968760
1.135 	21.534827
1.136 	20.290570
1.137 	19.539631
1.138 	19.589219
1.139 	19.536106
1.140 	19.041156
1.141 	18.657792
1.142 	18.683324
1.143 	19.109616
1.144 	19.325531
1.145 	18.782434
1.146 	18.126379
1.147 	17.913891
1.148 	18.015611
1.149 	18.454544
1.150 	19.074660
1.151 	19.143659
1.152 	18.971926
1.153 	19.099960
1.154 	18.788131
1.155 	17.962297
1.156 	17.808126
1.157 	18.544159
1.158 	19.293004
1.159 	19.200027
1.160 	18.809918
1.161 	18.641687
1.162 	18.483402
1.163 	18.336537
1.164 	18.276882
1.165 	17.727034
1.166 	16.582812
1.167 	15.977111
1.168 	16.192675
1.169 	16.683061
1.170 	17.152287
1.171 	17.716866
1.172 	18.477903
1.173 	18.901500
1.174 	18.492781
1.175 	18.073618
1.176 	18.025287
1.177 	17.666434
1.178 	17.134621
1.179 	16.851074
1.180 	17.012442
1.181 	17.592994
1.182 	18.207132
1.183 	18.464889
1.184 	18.296061
1.185 	17.765895
1.186 	17.117434
1.187 	16.702397
1.188 	16.975480
1.189 	17.658182
1.190 	18.253091
1.191 	18.440170
1.192 	18.448636
1.193 	18.582400
1.194 	18.596326
1.195 	18.163764
1.196 	17.401421
1.197 	17.287427
1.198 	18.005337
1.199 	18.307750
1.200 	17.865755
1.201 	17.354577
1.202 	16.938165
1.203 	16.725469
1.204 	17.226104
1.205 	17.853422
1.206 	17.907447
1.207 	17.884438
1.208 	18.181075
1.209 	18.381998
1.210 	18.272652
1.211 	17.872439
1.212 	17.257191
1.213 	17.171407
1.214 	17.759476
1.215 	18.386741
1.216 	18.457467
1.217 	18.458755
1.218 	18.801643
1.219 	18.964575
1.220 	18.603646
1.221 	18.292703
1.222 	18.431434
1.223 	18.531917
1.224 	18.093336
1.225 	17.032401
1.226 	15.915824
1.227 	15.552106
1.228 	15.998145
1.229 	16.815922
1.230 	17.813598
1.231 	18.749062
1.232 	19.369738
1.233 	19.423736
1.234 	18.868310
1.235 	18.302040
1.236 	18.839884
1.237 	19.601453
1.238 	19.304301
1.239 	18.030780
1.240 	17.035534
1.241 	17.029447
1.242 	18.013399
1.243 	18.694803
1.244 	18.564260
1.245 	18.214781
1.246 	18.263581
1.247 	18.570892
1.248 	18.597410
1.249 	18.124711
1.250 	17.462879
1.251 	17.672035
1.252 	18.899815
1.253 	19.900378
1.254 	19.320229
1.255 	18.316309
1.256 	18.151624
1.257 	18.487371
1.258 	18.360089
1.259 	18.013810
1.260 	18.060023
1.261 	18.360747
1.262 	18.619081
1.263 	18.780160
1.264 	18.793613
1.265 	18.599245
1.266 	18.494874
1.267 	18.447251
1.268 	18.084016
1.269 	17.382831
1.270 	17.017728
1.271 	17.192695
1.272 	17.754198
1.273 	18.443285
1.274 	18.800241
1.275 	18.344844
1.276 	17.918949
1.277 	18.050541
1.278 	17.992821
1.279 	17.167468
1.280 	16.161109
1.281 	16.160582
1.282 	17.444589
1.283 	19.247541
1.284 	19.838310
1.285 	18.889195
1.286 	17.444048
1.287 	16.918108
1.288 	17.415890
1.289 	18.002653
1.290 	17.823247
1.291 	17.234819
1.292 	16.915874
1.293 	17.096368
1.294 	17.320145
1.295 	17.515678
1.296 	17.923198
1.297 	18.149261
1.298 	18.107137
1.299 	18.207146
1.300 	17.795137
1.301 	16.614106
1.302 	15.775349
1.303 	15.854617
1.304 	16.502366
1.305 	17.266371
1.306 	17.728301
1.307 	17.640722
1.308 	17.154238
1.309 	16.785647
1.310 	16.757921
1.311 	16.902398
1.312 	16.612129
1.313 	15.983363
1.314 	15.877876
1.315 	16.380103
1.316 	16.777473
1.317 	16.696857
1.318 	16.593484
1.319 	16.587627
1.320 	16.346339
1.321 	15.604254
1.322 	14.634722
1.323 	14.356673
1.324 	15.070173
1.325 	16.120563
1.326 	16.649859
1.327 	16.249594
1.328 	15.290148
1.329 	14.488192
1.330 	14.208754
1.331 	14.418854
1.332 	15.072573
1.333 	16.020965
1.334 	16.984976
1.335 	16.895185
1.336 	15.591240
1.337 	14.530621
1.338 	14.695490
1.339 	14.533560
1.340 	13.892565
1.341 	14.460375
1.342 	15.468099
1.343 	15.350092
1.344 	14.516425
1.345 	14.471197
1.346 	14.853864
1.347 	14.762650
1.348 	14.321530
1.349 	13.936958
1.350 	14.065235
1.351 	14.249368
1.352 	13.885106
1.353 	13.692355
1.354 	14.003276
1.355 	13.900316
1.356 	13.508437
1.357 	13.465846
1.358 	13.367276
1.359 	13.142551
1.360 	13.050241
1.361 	12.905759
1.362 	12.390770
1.363 	11.547301
1.364 	10.964530
1.365 	11.270332
1.366 	12.082741
1.367 	12.552725
1.368 	12.571231
1.369 	12.567711
1.370 	12.437649
1.371 	11.778385
1.372 	11.083203
1.373 	10.843344
1.374 	10.599352
1.375 	10.111146
1.376 	9.945702
1.377 	10.461480
1.378 	11.085631
1.379 	11.251554
1.380 	11.233434
1.381 	11.255973
1.382 	11.010886
1.383 	10.385006
1.384 	9.902859
1.385 	9.851630
1.386 	9.945284
1.387 	9.629683
1.388 	9.170121
1.389 	8.891187
1.390 	8.623302
1.391 	8.592381
1.392 	8.859835
1.393 	8.698954
1.394 	7.904385
1.395 	7.408139
1.396 	7.158577
1.397 	6.309444
1.398 	5.391400
1.399 	5.541139
1.400 	6.878680
1.401 	8.188403
1.402 	8.304381
1.403 	6.901488
1.404 	5.808496
1.405 	6.286255
1.406 	7.679698
1.407 	8.554372
1.408 	8.328140
1.409 	7.612653
1.410 	6.795974
1.411 	5.983912
1.412 	5.684552
1.413 	5.742795
1.414 	5.568408
1.415 	5.405615
1.416 	5.629058
1.417 	5.601870
1.418 	4.617606
1.419 	3.933808
1.420 	4.524779
1.421 	5.283206
1.422 	5.497102
1.423 	5.501580
1.424 	5.640004
1.425 	5.967502
1.426 	6.318032
1.427 	6.609546
1.428 	6.780882
1.429 	6.679672
1.430 	6.760693
1.431 	6.805961
1.432 	6.084194
1.433 	4.940030
1.434 	4.434090
1.435 	5.633700
1.436 	7.707234
1.437 	8.147871
1.438 	6.757839
1.439 	5.280499
1.440 	4.874869
1.441 	5.554530
1.442 	6.767616
1.443 	7.140908
1.444 	6.052454
1.445 	5.074112
1.446 	4.953390
1.447 	5.409625
1.448 	6.417569
1.449 	7.216360
1.450 	6.978790
1.451 	6.011458
1.452 	5.285622
1.453 	5.154781
1.454 	5.535566
1.455 	6.052289
1.456 	6.003131
1.457 	5.345000
1.458 	5.032181
1.459 	5.211682
1.460 	5.243103
1.461 	5.625938
1.462 	6.298750
1.463 	6.860394
1.464 	7.558132
1.465 	7.692882
1.466 	6.913128
1.467 	6.056218
1.468 	5.658173
1.469 	5.488229
1.470 	5.817713
1.471 	6.178323
1.472 	6.362490
1.473 	6.806535
1.474 	7.461799
1.475 	7.437968
1.476 	6.308325
1.477 	5.788903
1.478 	6.356481
1.479 	6.185273
1.480 	4.646610
1.481 	3.118472
1.482 	3.368660
1.483 	5.737013
1.484 	8.093733
1.485 	8.873550
1.486 	7.917967
1.487 	6.176765
1.488 	5.424963
1.489 	5.500748
1.490 	5.990590
1.491 	7.081092
1.492 	8.074729
1.493 	8.119392
1.494 	7.781218
1.495 	8.057912
1.496 	7.865934
1.497 	6.428004
1.498 	5.085064
1.499 	4.657809
1.500 	5.243134
1.501 	6.224815
1.502 	6.667853
1.503 	7.518984
1.504 	9.174372
1.505 	9.926184
1.506 	9.230624
1.507 	7.936467
1.508 	6.864417
1.509 	6.758160
1.510 	8.111214
1.511 	9.460946
1.512 	9.266947
1.513 	8.010450
1.514 	6.580744
1.515 	6.394337
1.516 	7.599113
1.517 	8.086753
1.518 	7.189808
1.519 	6.138551
1.520 	6.401839
1.521 	8.457621
1.522 	10.181053
1.523 	9.747732
1.524 	7.952947
1.525 	6.512260
1.526 	6.227043
1.527 	5.926652
1.528 	5.628460
1.529 	6.125786
1.530 	7.596133
1.531 	9.276326
1.532 	10.231667
1.533 	10.483113
1.534 	10.234394
1.535 	9.879709
1.536 	9.706678
1.537 	8.877494
1.538 	7.280288
1.539 	7.129874
1.540 	8.870732
1.541 	10.178754
1.542 	9.500171
1.543 	8.369062
1.544 	9.037045
1.545 	10.513968
1.546 	10.417314
1.547 	9.219165
1.548 	7.955883
1.549 	6.893074
1.550 	6.592607
1.551 	7.903777
1.552 	9.702943
1.553 	10.110407
1.554 	9.430378
1.555 	9.027127
1.556 	9.070799
1.557 	9.463558
1.558 	9.851403
1.559 	9.404616
1.560 	8.114732
1.561 	7.609571
1.562 	8.681553
1.563 	10.513348
1.564 	11.399039
1.565 	10.611386
1.566 	10.086672
1.567 	10.813558
1.568 	11.107212
1.569 	10.913394
1.570 	11.192928
1.571 	11.396445
1.572 	10.994065
1.573 	10.630934
1.574 	10.695559
1.575 	11.274091
1.576 	10.472920
1.577 	7.684085
1.578 	7.000122
1.579 	8.882695
1.580 	9.719848
1.581 	9.996959
1.582 	10.426698
1.583 	9.910021
1.584 	8.925516
1.585 	7.930981
1.586 	8.584883
1.587 	10.668560
1.588 	12.349072
1.589 	13.482091
1.590 	13.733095
1.591 	12.204372
1.592 	10.510017
1.593 	9.821769
1.594 	8.957838
1.595 	8.744521
1.596 	10.867314
1.597 	13.155467
1.598 	12.700752
1.599 	11.115639
1.600 	9.911727
1.601 	10.098163
1.602 	11.818364
1.603 	12.451890
1.604 	10.510521
1.605 	8.139371
1.606 	8.818743
1.607 	12.032192
1.608 	11.987230
1.609 	9.181568
1.610 	8.843745
1.611 	10.123545
1.612 	10.553946
1.613 	11.179249
1.614 	11.621889
1.615 	10.745058
1.616 	9.722506
1.617 	10.889975
1.618 	10.651141
1.619 	9.464121
1.620 	9.902756
1.621 	10.728963
1.622 	12.775244
1.623 	13.621106
1.624 	11.420663
1.625 	8.202975
1.626 	6.016694
1.627 	7.609142
1.628 	11.489329
1.629 	15.808201
1.630 	15.791791
1.631 	11.028760
1.632 	8.472691
1.633 	9.987788
1.634 	11.407904
1.635 	11.864048
1.636 	11.001422
1.637 	11.852636
1.638 	12.567990
1.639 	9.833827
1.640 	8.855288
1.641 	10.255404
1.642 	12.142882
1.643 	13.319731
1.644 	12.161147
1.645 	12.052888
1.646 	12.528615
1.647 	11.102566
1.648 	8.327101
1.649 	7.442048
1.650 	10.490799
1.651 	12.502943
1.652 	14.696190
1.653 	15.540204
1.654 	14.446521
1.655 	9.520763
1.656 	6.467018
1.657 	11.334339
1.658 	12.986501
1.659 	13.126789
1.660 	13.018250
1.661 	11.046008
1.662 	10.768534
1.663 	10.960473
1.664 	11.651193
1.665 	11.089725
1.666 	9.781022
1.667 	11.558451
1.668 	13.580819
1.669 	12.776890
1.670 	9.109722
1.671 	8.797940
1.672 	13.261827
1.673 	12.874473
1.674 	12.239005
1.675 	10.592540
1.676 	7.255129
1.677 	13.492342
1.678 	16.179512
1.679 	10.038900
1.680 	9.641687
1.681 	11.621371
1.682 	10.490247
1.683 	14.195017
1.684 	9.018827
1.685 	15.216020
1.686 	17.973618
1.687 	1.885603
1.688 	12.574698
1.689 	14.884277
1.690 	-3.772924
1.691 	6.060011
1.692 	1.507331
1.693 	6.982469
1.694 	20.452531
1.695 	7.114856
1.696 	-5.671571
1.697 	5.560129
1.698 	5.466303
1.699 	11.048003
1.700 	7.677704
