0.660 	26.248480
0.661 	28.962520
0.662 	32.271546
0.663 	29.241638
0.664 	27.716996
0.665 	29.546274
0.666 	30.120071
0.667 	27.074509
0.668 	27.107493
0.669 	30.437711
0.670 	31.311544
0.671 	26.658647
0.672 	29.071622
0.673 	28.160849
0.674 	29.427970
0.675 	32.774365
0.676 	29.829530
0.677 	27.605735
0.678 	28.443516
0.679 	28.973132
0.680 	26.462077
0.681 	27.397598
0.682 	26.909230
0.683 	32.386065
0.684 	31.681443
0.685 	27.208957
0.686 	29.275413
0.687 	29.730183
0.688 	25.269347
0.689 	27.178978
0.690 	27.769988
0.691 	29.638407
0.692 	30.447145
0.693 	30.206148
0.694 	30.517783
0.695 	27.448923
0.696 	29.206769
0.697 	29.084520
0.698 	27.988708
0.699 	27.936776
0.700 	27.731984
0.701 	26.757598
0.702 	27.410757
0.703 	27.137311
0.704 	28.528285
0.705 	28.204613
0.706 	29.694131
0.707 	31.142414
0.708 	30.031078
0.709 	27.484300
0.710 	28.317858
0.711 	29.667019
0.712 	27.116040
0.713 	27.338071
0.714 	28.762354
0.715 	29.342290
0.716 	27.363813
0.717 	28.704095
0.718 	28.771492
0.719 	27.615995
0.720 	28.559461
0.721 	27.569124
0.722 	25.926023
0.723 	26.168761
0.724 	28.286020
0.725 	29.066969
0.726 	29.425318
0.727 	27.390357
0.728 	25.277549
0.729 	25.320148
0.730 	27.207161
0.731 	28.242910
0.732 	28.499716
0.733 	29.113196
0.734 	28.615841
0.735 	28.069258
0.736 	28.717330
0.737 	28.154533
0.738 	28.308667
0.739 	28.166150
0.740 	27.097853
0.741 	27.156816
0.742 	26.986064
0.743 	25.930391
0.744 	26.543635
0.745 	27.404312
0.746 	28.622941
0.747 	29.228942
0.748 	28.438871
0.749 	27.421532
0.750 	27.276123
0.751 	26.921880
0.752 	26.713717
0.753 	26.787893
0.754 	27.005276
0.755 	26.842892
0.756 	25.846970
0.757 	25.893781
0.758 	27.457088
0.759 	28.546090
0.760 	28.517594
0.761 	29.163589
0.762 	28.892740
0.763 	27.134685
0.764 	27.404933
0.765 	27.264452
0.766 	27.002349
0.767 	26.862000
0.768 	26.510183
0.769 	26.794425
0.770 	27.176329
0.771 	27.309498
0.772 	27.853408
0.773 	28.046544
0.774 	26.466910
0.775 	26.055880
0.776 	27.274464
0.777 	28.111383
0.778 	28.442762
0.779 	28.456381
0.780 	27.471839
0.781 	26.890276
0.782 	27.096291
0.783 	26.970717
0.784 	27.162390
0.785 	27.945945
0.786 	28.055051
0.787 	27.318848
0.788 	26.240076
0.789 	25.824068
0.790 	25.885641
0.791 	26.200087
0.792 	26.985213
0.793 	28.007618
0.794 	27.677304
0.795 	26.676455
0.796 	26.395761
0.797 	26.724813
0.798 	27.457704
0.799 	27.976068
0.800 	27.342722
0.801 	26.622930
0.802 	26.290570
0.803 	26.108631
0.804 	26.215577
0.805 	26.684864
0.806 	27.750465
0.807 	28.171742
0.808 	28.499936
0.809 	28.427332
0.810 	26.885534
0.811 	25.768671
0.812 	25.948604
0.813 	26.080760
0.814 	26.213351
0.815 	26.207607
0.816 	25.991247
0.817 	26.673870
0.818 	27.598738
0.819 	27.795841
0.820 	27.435385
0.821 	26.829660
0.822 	26.510321
0.823 	26.554105
0.824 	26.006434
0.825 	25.056515
0.826 	24.981864
0.827 	25.850641
0.828 	26.421956
0.829 	26.315140
0.830 	26.343146
0.831 	26.624563
0.832 	26.945265
0.833 	27.038922
0.834 	26.608584
0.835 	25.534059
0.836 	25.255226
0.837 	26.423592
0.838 	27.071126
0.839 	26.323860
0.840 	25.474723
0.841 	25.464949
0.842 	25.774406
0.843 	25.783148
0.844 	25.574603
0.845 	25.735443
0.846 	26.550781
0.847 	27.274306
0.848 	27.271882
0.849 	26.690080
0.850 	25.967496
0.851 	25.374425
0.852 	25.132079
0.853 	25.333202
0.854 	25.473518
0.855 	25.395283
0.856 	25.787762
0.857 	26.743281
0.858 	27.201460
0.859 	26.696729
0.860 	26.051261
0.861 	25.545525
0.862 	24.946683
0.863 	24.911403
0.864 	25.407419
0.865 	25.652834
0.866 	25.340628
0.867 	24.943911
0.868 	25.144593
0.869 	25.416073
0.870 	24.957788
0.871 	24.691094
0.872 	25.150728
0.873 	25.183161
0.874 	24.892300
0.875 	25.077771
0.876 	25.367227
0.877 	25.757289
0.878 	26.124611
0.879 	25.870576
0.880 	25.487008
0.881 	25.373051
0.882 	25.295355
0.883 	24.975317
0.884 	24.788821
0.885 	25.082826
0.886 	25.331961
0.887 	25.529946
0.888 	25.300452
0.889 	24.342174
0.890 	23.673945
0.891 	23.961702
0.892 	24.704187
0.893 	25.003114
0.894 	24.710466
0.895 	24.532752
0.896 	24.776415
0.897 	25.157554
0.898 	25.364491
0.899 	25.114344
0.900 	24.608188
0.901 	24.143121
0.902 	23.837140
0.903 	23.932527
0.904 	24.219460
0.905 	24.093017
0.906 	24.218770
0.907 	25.109700
0.908 	25.424372
0.909 	24.429496
0.910 	23.765881
0.911 	24.105358
0.912 	24.802494
0.913 	25.267650
0.914 	25.040369
0.915 	24.399043
0.916 	23.827263
0.917 	23.726177
0.918 	23.895427
0.919 	24.009050
0.920 	24.100101
0.921 	24.532181
0.922 	25.035857
0.923 	24.875728
0.924 	24.285944
0.925 	23.969032
0.926 	24.090860
0.927 	24.459172
0.928 	24.687105
0.929 	24.703297
0.930 	24.427274
0.931 	23.989957
0.932 	23.382354
0.933 	22.866606
0.934 	22.835417
0.935 	23.012550
0.936 	23.090479
0.937 	23.259369
0.938 	23.590649
0.939 	23.997675
0.940 	24.016908
0.941 	24.001487
0.942 	24.364698
0.943 	24.269374
0.944 	23.788156
0.945 	23.377985
0.946 	23.006665
0.947 	22.899947
0.948 	23.191522
0.949 	23.095106
0.950 	22.940360
0.951 	23.296306
0.952 	23.399708
0.953 	23.247884
0.954 	23.134136
0.955 	22.689606
0.956 	22.257348
0.957 	22.200088
0.958 	22.692607
0.959 	22.925652
0.960 	22.619521
0.961 	22.440129
0.962 	21.939938
0.963 	22.064483
0.964 	22.725892
0.965 	23.022210
0.966 	23.318992
0.967 	22.948014
0.968 	22.590518
0.969 	22.886219
0.970 	22.441767
0.971 	21.983245
0.972 	21.795441
0.973 	21.713537
0.974 	22.046295
0.975 	22.119979
0.976 	22.191629
0.977 	22.366131
0.978 	22.156063
0.979 	21.802854
0.980 	21.692555
0.981 	22.223499
0.982 	22.692648
0.983 	22.157771
0.984 	21.545259
0.985 	21.449918
0.986 	21.598750
0.987 	21.565661
0.988 	21.715620
0.989 	22.153898
0.990 	21.984945
0.991 	22.090204
0.992 	22.241341
0.993 	21.881712
0.994 	21.809634
0.995 	22.427069
0.996 	22.859578
0.997 	22.869910
0.998 	22.790556
0.999 	22.883396
1.000 	22.813295
1.001 	22.130918
1.002 	22.015249
1.003 	22.649714
1.004 	22.733393
1.005 	22.701404
1.006 	22.208428
1.007 	21.832479
1.008 	22.317407
1.009 	22.756040
1.010 	23.221406
1.011 	23.253612
1.012 	22.507369
1.013 	21.823435
1.014 	21.670810
1.015 	21.980178
1.016 	21.856591
1.017 	21.514680
1.018 	21.809842
1.019 	21.753297
1.020 	21.664151
1.021 	21.990899
1.022 	21.988843
1.023 	21.616196
1.024 	21.782921
1.025 	22.276578
1.026 	22.647470
1.027 	22.793316
1.028 	22.425835
1.029 	22.420221
1.030 	23.031792
1.031 	23.118691
1.032 	22.699549
1.033 	22.495510
1.034 	22.592028
1.035 	22.724211
1.036 	22.733650
1.037 	22.821055
1.038 	22.962582
1.039 	22.976444
1.040 	22.630387
1.041 	22.828477
1.042 	23.203476
1.043 	23.184644
1.044 	22.361635
1.045 	21.395368
1.046 	21.564521
1.047 	22.522017
1.048 	22.681373
1.049 	22.419486
1.050 	22.211646
1.051 	22.049846
1.052 	21.931706
1.053 	21.985979
1.054 	22.440439
1.055 	23.206622
1.056 	23.692235
1.057 	23.447175
1.058 	22.644561
1.059 	21.924607
1.060 	22.223186
1.061 	22.853266
1.062 	22.820323
1.063 	22.635717
1.064 	22.366857
1.065 	22.548008
1.066 	23.223921
1.067 	23.411091
1.068 	23.125261
1.069 	22.940893
1.070 	22.965336
1.071 	22.773951
1.072 	22.537069
1.073 	22.384578
1.074 	22.368100
1.075 	22.700573
1.076 	23.259354
1.077 	23.426563
1.078 	23.194367
1.079 	23.070010
1.080 	23.202787
1.081 	23.323743
1.082 	22.659183
1.083 	21.856482
1.084 	21.840983
1.085 	22.008042
1.086 	21.897597
1.087 	21.746557
1.088 	21.859672
1.089 	22.246149
1.090 	22.704301
1.091 	23.118639
1.092 	23.039698
1.093 	22.636455
1.094 	22.646863
1.095 	22.665251
1.096 	22.387970
1.097 	22.037806
1.098 	21.868309
1.099 	22.166444
1.100 	23.000062
1.101 	23.570916
1.102 	23.272353
1.103 	22.515976
1.104 	21.740081
1.105 	21.289559
1.106 	21.612774
1.107 	22.438195
1.108 	22.885317
1.109 	22.458074
1.110 	21.781582
1.111 	21.644541
1.112 	21.846057
1.113 	21.980916
1.114 	21.990281
1.115 	22.025546
1.116 	22.156749
1.117 	22.090119
1.118 	21.620390
1.119 	21.277866
1.120 	21.582187
1.121 	22.260122
1.122 	22.809528
1.123 	22.916897
1.124 	22.671616
1.125 	22.266957
1.126 	21.929868
1.127 	21.780484
1.128 	21.767823
1.129 	21.892564
1.130 	21.773142
1.131 	21.446738
1.132 	21.526996
1.133 	21.424281
1.134 	20.750758
1.135 	20.358869
1.136 	20.423270
1.137 	20.293465
1.138 	20.112917
1.139 	19.961593
1.140 	19.681864
1.141 	19.765738
1.142 	20.541274
1.143 	20.802967
1.144 	20.057118
1.145 	19.549048
1.146 	19.540558
1.147 	19.578953
1.148 	19.466504
1.149 	19.005133
1.150 	18.751510
1.151 	19.138655
1.152 	19.618953
1.153 	19.473429
1.154 	19.053336
1.155 	19.004752
1.156 	19.039145
1.157 	18.931914
1.158 	18.723398
1.159 	18.377833
1.160 	17.923958
1.161 	17.734109
1.162 	17.985609
1.163 	18.191440
1.164 	18.208091
1.165 	18.290768
1.166 	18.479247
1.167 	18.640593
1.168 	18.621915
1.169 	18.174034
1.170 	17.563676
1.171 	17.280428
1.172 	17.312109
1.173 	17.582876
1.174 	18.280629
1.175 	18.925634
1.176 	19.170799
1.177 	19.168456
1.178 	18.768562
1.179 	18.117592
1.180 	17.577466
1.181 	17.269625
1.182 	17.152563
1.183 	17.076291
1.184 	17.031087
1.185 	17.360503
1.186 	17.929037
1.187 	18.061980
1.188 	17.815430
1.189 	17.541808
1.190 	17.010813
1.191 	16.273454
1.192 	16.213870
1.193 	16.886848
1.194 	17.253206
1.195 	17.081145
1.196 	17.151648
1.197 	17.580586
1.198 	17.552050
1.199 	17.308632
1.200 	17.275706
1.201 	17.208225
1.202 	17.231402
1.203 	17.489747
1.204 	17.784625
1.205 	17.957331
1.206 	17.979405
1.207 	18.173343
1.208 	18.397924
1.209 	18.089094
1.210 	17.191949
1.211 	16.298343
1.212 	15.959840
1.213 	16.318369
1.214 	17.148788
1.215 	18.111740
1.216 	18.595056
1.217 	18.524811
1.218 	18.426272
1.219 	18.676286
1.220 	18.761061
1.221 	18.206666
1.222 	17.477945
1.223 	16.910535
1.224 	16.597480
1.225 	16.638241
1.226 	17.131846
1.227 	17.624921
1.228 	17.901551
1.229 	18.279515
1.230 	18.789640
1.231 	18.855345
1.232 	18.365605
1.233 	17.829221
1.234 	17.807923
1.235 	18.079392
1.236 	18.122797
1.237 	18.217994
1.238 	18.814647
1.239 	19.440661
1.240 	19.666421
1.241 	19.593196
1.242 	19.378898
1.243 	19.289788
1.244 	19.317789
1.245 	19.069697
1.246 	18.596652
1.247 	18.433934
1.248 	18.491746
1.249 	18.476057
1.250 	18.353014
1.251 	18.112175
1.252 	18.047875
1.253 	18.581701
1.254 	19.202940
1.255 	19.066212
1.256 	18.475521
1.257 	17.983827
1.258 	18.073090
1.259 	18.585615
1.260 	19.151027
1.261 	19.459110
1.262 	19.617814
1.263 	19.812396
1.264 	19.952248
1.265 	19.914198
1.266 	19.850878
1.267 	19.790043
1.268 	19.332338
1.269 	18.557341
1.270 	17.939377
1.271 	17.762642
1.272 	17.895877
1.273 	18.116786
1.274 	18.400779
1.275 	18.621348
1.276 	18.691391
1.277 	18.843032
1.278 	19.192772
1.279 	19.172707
1.280 	18.515669
1.281 	17.891646
1.282 	17.910924
1.283 	18.297896
1.284 	18.668921
1.285 	18.925928
1.286 	19.201185
1.287 	19.162854
1.288 	18.417709
1.289 	17.672135
1.290 	17.799454
1.291 	18.166329
1.292 	18.238856
1.293 	18.439173
1.294 	18.756175
1.295 	18.591784
1.296 	17.806823
1.297 	17.243804
1.298 	17.553049
1.299 	18.414614
1.300 	19.024917
1.301 	19.082018
1.302 	18.591197
1.303 	17.701336
1.304 	17.281852
1.305 	17.653909
1.306 	18.285047
1.307 	18.676104
1.308 	18.485807
1.309 	17.727253
1.310 	17.406823
1.311 	17.721368
1.312 	17.721303
1.313 	16.943393
1.314 	16.065627
1.315 	16.005674
1.316 	16.497759
1.317 	17.196987
1.318 	17.932198
1.319 	18.390051
1.320 	18.448325
1.321 	18.334584
1.322 	18.013958
1.323 	17.649905
1.324 	17.481807
1.325 	17.255837
1.326 	16.876747
1.327 	16.568053
1.328 	16.241036
1.329 	15.808225
1.330 	15.503110
1.331 	15.829811
1.332 	16.614847
1.333 	17.261892
1.334 	17.250527
1.335 	16.476356
1.336 	15.329452
1.337 	14.678631
1.338 	15.080852
1.339 	16.160793
1.340 	15.986843
1.341 	14.532181
1.342 	13.942621
1.343 	14.699114
1.344 	15.663979
1.345 	15.989541
1.346 	15.584811
1.347 	14.495365
1.348 	13.678596
1.349 	13.810257
1.350 	14.399458
1.351 	14.602410
1.352 	14.338457
1.353 	14.438161
1.354 	14.934712
1.355 	14.833237
1.356 	14.471824
1.357 	14.488030
1.358 	14.738404
1.359 	14.740896
1.360 	14.547592
1.361 	14.580669
1.362 	14.602158
1.363 	13.876165
1.364 	13.001778
1.365 	12.928613
1.366 	13.394234
1.367 	13.687620
1.368 	13.677268
1.369 	13.520521
1.370 	13.288249
1.371 	13.086811
1.372 	13.528949
1.373 	14.664688
1.374 	14.853080
1.375 	13.605592
1.376 	12.140275
1.377 	11.387362
1.378 	11.293606
1.379 	11.306970
1.380 	11.445437
1.381 	11.862720
1.382 	11.881646
1.383 	11.054090
1.384 	10.102614
1.385 	10.329706
1.386 	11.721046
1.387 	12.412903
1.388 	11.803540
1.389 	11.119822
1.390 	11.182214
1.391 	11.178541
1.392 	10.106062
1.393 	8.565807
1.394 	8.243819
1.395 	8.985216
1.396 	9.673819
1.397 	9.783944
1.398 	9.299690
1.399 	8.694491
1.400 	8.326349
1.401 	8.072771
1.402 	7.904963
1.403 	8.051404
1.404 	7.859883
1.405 	7.114030
1.406 	7.334411
1.407 	8.320783
1.408 	9.050486
1.409 	9.482225
1.410 	9.243343
1.411 	7.804697
1.412 	6.934708
1.413 	7.679188
1.414 	8.338783
1.415 	8.407039
1.416 	8.607863
1.417 	8.446602
1.418 	8.076733
1.419 	8.442223
1.420 	8.558715
1.421 	7.438564
1.422 	6.495663
1.423 	7.258976
1.424 	8.435772
1.425 	8.451630
1.426 	7.470843
1.427 	7.013983
1.428 	8.116704
1.429 	9.345122
1.430 	9.307458
1.431 	8.680186
1.432 	8.338708
1.433 	8.412770
1.434 	8.429987
1.435 	8.450366
1.436 	8.741790
1.437 	8.671678
1.438 	8.065645
1.439 	7.742636
1.440 	8.290262
1.441 	8.888849
1.442 	8.288901
1.443 	6.975360
1.444 	6.347052
1.445 	6.929510
1.446 	8.057721
1.447 	8.326703
1.448 	7.467189
1.449 	6.891111
1.450 	7.352737
1.451 	8.278663
1.452 	8.285386
1.453 	7.030805
1.454 	6.322266
1.455 	7.099886
1.456 	7.760753
1.457 	7.830769
1.458 	8.369917
1.459 	9.142424
1.460 	9.042673
1.461 	8.349367
1.462 	8.014548
1.463 	7.645713
1.464 	6.160241
1.465 	4.448806
1.466 	5.207784
1.467 	7.813924
1.468 	9.269210
1.469 	9.373283
1.470 	9.218415
1.471 	8.475152
1.472 	7.446573
1.473 	7.723577
1.474 	9.225688
1.475 	10.107022
1.476 	9.281173
1.477 	7.488928
1.478 	6.708384
1.479 	7.517938
1.480 	8.669804
1.481 	9.296312
1.482 	9.340264
1.483 	9.277206
1.484 	8.697683
1.485 	7.487552
1.486 	7.080566
1.487 	7.475382
1.488 	7.358334
1.489 	7.056066
1.490 	7.569534
1.491 	8.437723
1.492 	7.986687
1.493 	6.757837
1.494 	6.728875
1.495 	8.057792
1.496 	9.461085
1.497 	9.431092
1.498 	8.235100
1.499 	7.677701
1.500 	7.937617
1.501 	7.914520
1.502 	7.922129
1.503 	8.742715
1.504 	9.083635
1.505 	8.399860
1.506 	8.539375
1.507 	9.192524
1.508 	8.440229
1.509 	7.249625
1.510 	7.188752
1.511 	7.867572
1.512 	8.719966
1.513 	9.659394
1.514 	9.553119
1.515 	8.336899
1.516 	7.613676
1.517 	8.287040
1.518 	9.785016
1.519 	10.421848
1.520 	9.983041
1.521 	9.689925
1.522 	10.047465
1.523 	10.296646
1.524 	10.262804
1.525 	9.985285
1.526 	9.209443
1.527 	8.668264
1.528 	8.707431
1.529 	8.966875
1.530 	9.661972
1.531 	10.195253
1.532 	9.623194
1.533 	9.381010
1.534 	9.967928
1.535 	9.660972
1.536 	8.525726
1.537 	9.197315
1.538 	10.973429
1.539 	10.606318
1.540 	8.451710
1.541 	8.423438
1.542 	11.412514
1.543 	12.555534
1.544 	10.748707
1.545 	9.027832
1.546 	9.167779
1.547 	9.588690
1.548 	8.949135
1.549 	8.363894
1.550 	8.255272
1.551 	7.930093
1.552 	8.601534
1.553 	9.729778
1.554 	9.996197
1.555 	9.627102
1.556 	10.032523
1.557 	11.505127
1.558 	12.242498
1.559 	11.931997
1.560 	11.133723
1.561 	10.487757
1.562 	10.497599
1.563 	10.632362
1.564 	9.899456
1.565 	8.769267
1.566 	8.728654
1.567 	9.750558
1.568 	10.287883
1.569 	11.036130
1.570 	12.619799
1.571 	12.714225
1.572 	10.346457
1.573 	8.475163
1.574 	9.513480
1.575 	10.175319
1.576 	10.461571
1.577 	10.982640
1.578 	11.205833
1.579 	11.583017
1.580 	11.514607
1.581 	10.911132
1.582 	9.922662
1.583 	9.752534
1.584 	10.068997
1.585 	9.810594
1.586 	10.233910
1.587 	10.899265
1.588 	11.601550
1.589 	12.668063
1.590 	11.993525
1.591 	10.512300
1.592 	10.190039
1.593 	10.521440
1.594 	10.700872
1.595 	10.847662
1.596 	11.417007
1.597 	11.148222
1.598 	10.454232
1.599 	11.805727
1.600 	13.685043
1.601 	13.715692
1.602 	13.018320
1.603 	11.413577
1.604 	9.920004
1.605 	10.621655
1.606 	10.222130
1.607 	9.333882
1.608 	11.148782
1.609 	13.119901
1.610 	13.173608
1.611 	11.862546
1.612 	10.594643
1.613 	9.887536
1.614 	10.632723
1.615 	11.063632
1.616 	10.846393
1.617 	11.812923
1.618 	13.154703
1.619 	13.125459
1.620 	11.787567
1.621 	11.053312
1.622 	10.662126
1.623 	10.889068
1.624 	11.721103
1.625 	12.411024
1.626 	13.016216
1.627 	12.443666
1.628 	11.947874
1.629 	12.415769
1.630 	13.218811
1.631 	12.220825
1.632 	11.481268
1.633 	13.822960
1.634 	14.818237
1.635 	13.496301
1.636 	12.335954
1.637 	12.842778
1.638 	12.048162
1.639 	9.465250
1.640 	10.151858
1.641 	12.742957
1.642 	11.784380
1.643 	10.987144
1.644 	9.783796
1.645 	10.024660
1.646 	12.633850
1.647 	13.431479
1.648 	13.419325
1.649 	14.609357
1.650 	14.439645
1.651 	12.535283
1.652 	13.106003
1.653 	11.281044
1.654 	11.144624
1.655 	14.005400
1.656 	12.486025
1.657 	10.375773
1.658 	9.475176
1.659 	10.833488
1.660 	13.001172
1.661 	14.733131
1.662 	15.566220
1.663 	12.529715
1.664 	11.246407
1.665 	9.474326
1.666 	11.397907
1.667 	13.194783
1.668 	13.197056
1.669 	14.338498
1.670 	14.212229
1.671 	11.048103
1.672 	10.853384
1.673 	16.222549
1.674 	18.785011
1.675 	10.197280
1.676 	7.925217
1.677 	12.038534
1.678 	14.394289
1.679 	15.108878
1.680 	17.218390
1.681 	17.033899
1.682 	10.844301
1.683 	9.781582
1.684 	10.005795
1.685 	2.778887
1.686 	11.212648
1.687 	20.893298
1.688 	17.513222
1.689 	15.004615
1.690 	17.851683
1.691 	16.273517
1.692 	9.800319
1.693 	16.071247
1.694 	20.384751
1.695 	12.717156
1.696 	2.332489
1.697 	12.053462
1.698 	21.092944
1.699 	16.603939
1.700 	4.541133
