0.660 	24.783627
0.661 	24.733286
0.662 	29.357217
0.663 	28.749145
0.664 	33.918543
0.665 	28.179718
0.666 	32.718383
0.667 	28.920984
0.668 	26.352630
0.669 	29.752083
0.670 	31.193555
0.671 	29.154649
0.672 	28.852890
0.673 	25.623624
0.674 	29.361650
0.675 	28.911666
0.676 	32.515602
0.677 	31.564424
0.678 	28.450568
0.679 	31.414387
0.680 	30.312339
0.681 	22.233110
0.682 	27.634168
0.683 	27.641588
0.684 	30.947097
0.685 	32.510583
0.686 	28.639831
0.687 	29.091840
0.688 	34.067673
0.689 	25.940203
0.690 	25.325389
0.691 	27.289046
0.692 	30.302250
0.693 	28.969238
0.694 	27.036289
0.695 	30.987112
0.696 	26.841747
0.697 	27.551918
0.698 	28.891334
0.699 	30.404754
0.700 	28.689694
0.701 	26.068450
0.702 	27.002774
0.703 	27.475105
0.704 	29.001987
0.705 	31.459053
0.706 	28.878022
0.707 	28.526747
0.708 	26.425248
0.709 	26.831790
0.710 	26.007198
0.711 	28.290216
0.712 	26.947904
0.713 	27.539508
0.714 	27.067012
0.715 	26.825892
0.716 	28.079015
0.717 	26.261399
0.718 	26.283540
0.719 	28.958703
0.720 	28.371370
0.721 	30.205752
0.722 	28.284062
0.723 	26.564814
0.724 	26.914769
0.725 	26.731841
0.726 	26.367816
0.727 	26.778617
0.728 	26.616864
0.729 	25.949277
0.730 	27.117251
0.731 	29.324953
0.732 	29.123085
0.733 	27.150463
0.734 	24.876924
0.735 	26.041408
0.736 	26.044480
0.737 	26.991725
0.738 	27.806247
0.739 	26.722575
0.740 	26.823974
0.741 	28.359792
0.742 	27.517859
0.743 	25.493906
0.744 	27.161622
0.745 	27.817990
0.746 	26.663776
0.747 	24.764670
0.748 	25.733375
0.749 	26.055378
0.750 	26.037633
0.751 	26.492219
0.752 	25.917400
0.753 	27.293372
0.754 	27.505608
0.755 	27.581787
0.756 	28.018838
0.757 	27.971732
0.758 	28.541535
0.759 	27.749295
0.760 	25.442591
0.761 	25.131545
0.762 	25.645913
0.763 	25.777332
0.764 	26.092619
0.765 	27.649046
0.766 	27.339421
0.767 	26.235129
0.768 	26.055545
0.769 	25.475604
0.770 	23.545299
0.771 	23.381573
0.772 	25.433823
0.773 	26.082774
0.774 	26.417430
0.775 	26.809413
0.776 	26.293378
0.777 	25.787938
0.778 	25.309697
0.779 	25.617671
0.780 	26.118418
0.781 	26.060136
0.782 	25.637685
0.783 	25.219446
0.784 	25.872675
0.785 	27.298074
0.786 	26.561175
0.787 	24.265325
0.788 	23.749207
0.789 	25.463332
0.790 	25.717724
0.791 	24.369105
0.792 	25.016141
0.793 	25.536352
0.794 	24.395779
0.795 	25.130647
0.796 	27.637603
0.797 	28.528559
0.798 	26.944989
0.799 	26.245453
0.800 	25.977639
0.801 	24.583883
0.802 	24.190778
0.803 	25.501702
0.804 	25.374607
0.805 	24.636239
0.806 	25.096400
0.807 	25.832523
0.808 	26.315640
0.809 	25.694449
0.810 	24.824958
0.811 	24.771879
0.812 	25.375764
0.813 	25.098016
0.814 	24.618827
0.815 	24.659675
0.816 	24.956532
0.817 	25.342522
0.818 	25.594252
0.819 	25.384973
0.820 	25.195267
0.821 	24.426873
0.822 	24.075546
0.823 	24.587410
0.824 	24.921734
0.825 	24.913658
0.826 	24.647704
0.827 	24.392888
0.828 	24.941773
0.829 	25.718805
0.830 	25.701843
0.831 	24.637993
0.832 	23.612764
0.833 	23.778787
0.834 	24.888214
0.835 	25.485703
0.836 	25.151875
0.837 	24.507810
0.838 	23.961918
0.839 	23.783533
0.840 	23.789775
0.841 	23.899899
0.842 	24.532088
0.843 	25.095821
0.844 	24.420439
0.845 	23.115808
0.846 	22.954623
0.847 	24.060263
0.848 	24.621268
0.849 	24.457846
0.850 	24.399705
0.851 	24.629096
0.852 	25.096014
0.853 	25.367309
0.854 	25.513649
0.855 	25.231409
0.856 	24.726091
0.857 	24.912095
0.858 	24.957243
0.859 	24.340733
0.860 	23.536789
0.861 	22.684057
0.862 	22.294945
0.863 	22.800939
0.864 	24.032958
0.865 	24.598113
0.866 	23.364307
0.867 	22.622857
0.868 	24.260569
0.869 	25.774229
0.870 	24.992972
0.871 	23.773751
0.872 	23.722313
0.873 	24.295310
0.874 	24.103188
0.875 	23.430217
0.876 	23.240690
0.877 	23.614180
0.878 	24.381619
0.879 	24.937458
0.880 	24.638176
0.881 	23.904276
0.882 	23.425605
0.883 	23.388635
0.884 	23.769936
0.885 	23.665981
0.886 	22.957381
0.887 	23.143992
0.888 	23.865546
0.889 	23.840778
0.890 	23.691850
0.891 	24.148539
0.892 	24.408057
0.893 	23.370964
0.894 	22.311022
0.895 	22.713256
0.896 	23.409146
0.897 	23.484750
0.898 	23.634502
0.899 	23.864467
0.900 	23.944323
0.901 	24.194640
0.902 	24.320850
0.903 	23.935357
0.904 	23.111293
0.905 	22.467980
0.906 	22.453956
0.907 	22.617519
0.908 	22.931258
0.909 	23.627731
0.910 	24.081953
0.911 	23.613451
0.912 	22.951799
0.913 	22.931635
0.914 	22.819333
0.915 	22.540565
0.916 	22.982541
0.917 	23.830440
0.918 	24.023707
0.919 	23.521900
0.920 	22.878472
0.921 	22.455321
0.922 	22.423146
0.923 	22.451843
0.924 	21.959804
0.925 	21.218872
0.926 	21.557293
0.927 	22.862381
0.928 	23.666550
0.929 	23.492843
0.930 	22.983573
0.931 	22.685584
0.932 	22.183203
0.933 	21.646042
0.934 	21.581537
0.935 	22.154649
0.936 	22.836225
0.937 	23.621377
0.938 	24.009701
0.939 	23.999693
0.940 	23.230106
0.941 	22.358896
0.942 	21.482570
0.943 	20.900467
0.944 	21.163639
0.945 	22.106800
0.946 	22.844631
0.947 	22.755136
0.948 	22.539824
0.949 	22.278424
0.950 	21.628355
0.951 	21.499076
0.952 	22.347183
0.953 	22.377460
0.954 	22.082756
0.955 	22.084671
0.956 	21.865648
0.957 	21.460823
0.958 	21.270058
0.959 	21.543125
0.960 	21.937894
0.961 	21.560784
0.962 	21.534568
0.963 	21.673774
0.964 	21.208373
0.965 	20.607178
0.966 	20.855629
0.967 	21.364362
0.968 	21.899316
0.969 	22.211895
0.970 	21.085595
0.971 	20.018548
0.972 	20.548303
0.973 	21.412281
0.974 	20.139558
0.975 	20.271489
0.976 	21.531640
0.977 	21.611953
0.978 	21.728131
0.979 	21.045721
0.980 	20.213518
0.981 	20.369299
0.982 	19.654701
0.983 	19.506083
0.984 	19.814501
0.985 	19.514438
0.986 	19.499138
0.987 	19.506989
0.988 	19.670847
0.989 	20.183072
0.990 	20.812065
0.991 	21.133548
0.992 	20.840382
0.993 	20.197768
0.994 	19.685248
0.995 	19.681019
0.996 	19.104036
0.997 	18.974261
0.998 	20.343437
0.999 	21.716408
1.000 	20.986412
1.001 	20.475169
1.002 	20.497979
1.003 	19.389207
1.004 	19.942362
1.005 	20.694154
1.006 	19.393790
1.007 	18.531520
1.008 	19.700983
1.009 	20.456632
1.010 	20.156166
1.011 	19.523808
1.012 	19.622606
1.013 	20.238542
1.014 	20.212327
1.015 	20.033039
1.016 	20.296248
1.017 	20.544645
1.018 	20.599120
1.019 	20.003102
1.020 	19.923467
1.021 	21.226182
1.022 	21.525903
1.023 	19.748995
1.024 	18.717680
1.025 	19.044925
1.026 	19.679837
1.027 	20.051989
1.028 	19.552145
1.029 	18.955902
1.030 	19.720449
1.031 	20.197688
1.032 	20.001051
1.033 	20.327739
1.034 	20.363384
1.035 	20.345001
1.036 	20.545150
1.037 	20.350603
1.038 	20.239546
1.039 	20.143322
1.040 	20.251021
1.041 	20.263242
1.042 	19.960099
1.043 	20.140658
1.044 	20.475515
1.045 	20.665853
1.046 	20.734262
1.047 	20.190656
1.048 	19.253909
1.049 	19.123601
1.050 	19.450538
1.051 	19.432976
1.052 	19.901205
1.053 	20.807119
1.054 	21.222730
1.055 	20.665499
1.056 	19.990689
1.057 	19.414134
1.058 	19.336848
1.059 	20.010171
1.060 	20.624207
1.061 	20.613038
1.062 	20.393961
1.063 	20.068560
1.064 	19.353459
1.065 	19.158410
1.066 	19.626710
1.067 	20.789815
1.068 	21.493807
1.069 	20.870496
1.070 	20.228359
1.071 	19.599985
1.072 	19.167562
1.073 	19.227859
1.074 	19.633539
1.075 	20.540825
1.076 	21.069606
1.077 	21.117448
1.078 	20.663223
1.079 	19.694578
1.080 	18.843518
1.081 	19.094862
1.082 	20.218205
1.083 	21.146242
1.084 	21.219918
1.085 	20.547610
1.086 	19.733670
1.087 	20.045454
1.088 	20.560392
1.089 	19.756337
1.090 	19.586174
1.091 	20.405969
1.092 	20.688489
1.093 	20.670045
1.094 	21.301386
1.095 	21.440894
1.096 	19.946919
1.097 	18.587817
1.098 	18.617228
1.099 	19.216193
1.100 	19.948183
1.101 	20.364165
1.102 	20.448846
1.103 	20.508441
1.104 	20.943997
1.105 	21.421708
1.106 	21.560518
1.107 	21.053124
1.108 	20.397706
1.109 	20.043368
1.110 	19.602086
1.111 	19.040409
1.112 	19.156296
1.113 	19.907288
1.114 	20.461940
1.115 	20.149978
1.116 	19.172885
1.117 	18.967452
1.118 	19.403601
1.119 	19.513017
1.120 	19.042197
1.121 	18.587357
1.122 	18.965972
1.123 	19.948678
1.124 	20.596391
1.125 	20.268425
1.126 	19.604251
1.127 	19.335521
1.128 	19.419917
1.129 	19.539342
1.130 	19.741077
1.131 	20.233397
1.132 	20.140316
1.133 	19.454108
1.134 	19.310219
1.135 	19.519698
1.136 	19.534284
1.137 	19.384788
1.138 	18.929843
1.139 	18.427987
1.140 	18.747664
1.141 	19.103858
1.142 	18.810307
1.143 	18.894318
1.144 	19.300946
1.145 	19.259606
1.146 	18.848164
1.147 	18.544736
1.148 	18.414704
1.149 	18.234877
1.150 	18.299687
1.151 	18.726661
1.152 	19.130084
1.153 	18.964273
1.154 	18.194094
1.155 	17.398180
1.156 	16.891489
1.157 	16.459500
1.158 	16.213298
1.159 	16.292941
1.160 	16.607264
1.161 	16.923395
1.162 	17.271089
1.163 	17.468542
1.164 	17.131340
1.165 	16.822627
1.166 	16.966234
1.167 	17.052771
1.168 	16.781222
1.169 	16.591715
1.170 	16.932310
1.171 	17.597646
1.172 	17.955383
1.173 	17.445091
1.174 	16.640957
1.175 	16.342350
1.176 	16.188479
1.177 	16.002988
1.178 	16.159802
1.179 	16.691253
1.180 	17.256615
1.181 	17.415616
1.182 	16.935344
1.183 	16.745466
1.184 	17.329945
1.185 	17.557833
1.186 	17.220734
1.187 	16.923672
1.188 	16.325787
1.189 	15.499340
1.190 	15.432737
1.191 	15.940048
1.192 	16.407426
1.193 	16.572470
1.194 	16.011262
1.195 	15.439613
1.196 	15.653080
1.197 	15.915910
1.198 	15.829631
1.199 	16.009071
1.200 	16.525002
1.201 	16.700903
1.202 	16.333708
1.203 	16.151916
1.204 	16.503461
1.205 	16.603516
1.206 	16.147716
1.207 	15.742734
1.208 	15.410117
1.209 	15.326958
1.210 	16.186071
1.211 	17.190016
1.212 	16.989993
1.213 	16.064148
1.214 	15.698399
1.215 	16.224813
1.216 	16.935456
1.217 	17.105440
1.218 	16.678225
1.219 	16.085988
1.220 	15.595407
1.221 	15.604548
1.222 	16.559102
1.223 	17.818813
1.224 	17.832811
1.225 	16.357037
1.226 	14.794740
1.227 	14.319872
1.228 	14.923191
1.229 	15.871159
1.230 	16.284968
1.231 	15.950398
1.232 	15.731881
1.233 	16.315854
1.234 	17.377877
1.235 	17.989503
1.236 	17.513594
1.237 	16.992141
1.238 	17.124825
1.239 	17.197403
1.240 	16.590777
1.241 	15.974305
1.242 	16.205923
1.243 	17.176422
1.244 	18.274919
1.245 	18.364075
1.246 	17.351525
1.247 	16.148343
1.248 	15.668448
1.249 	16.219190
1.250 	17.235244
1.251 	17.733525
1.252 	17.397027
1.253 	16.790562
1.254 	16.652386
1.255 	16.889920
1.256 	17.196514
1.257 	17.324393
1.258 	17.150726
1.259 	17.155734
1.260 	17.303454
1.261 	17.223486
1.262 	17.018710
1.263 	17.177749
1.264 	17.508749
1.265 	17.262987
1.266 	16.406757
1.267 	15.518130
1.268 	15.394650
1.269 	15.914495
1.270 	16.589575
1.271 	17.477706
1.272 	18.115535
1.273 	18.101123
1.274 	17.959286
1.275 	17.746117
1.276 	17.024432
1.277 	16.332570
1.278 	16.277870
1.279 	16.376774
1.280 	16.431317
1.281 	16.966853
1.282 	17.506885
1.283 	17.529788
1.284 	17.147201
1.285 	16.523729
1.286 	16.011459
1.287 	16.041711
1.288 	16.582875
1.289 	16.811228
1.290 	16.338274
1.291 	16.098513
1.292 	16.394848
1.293 	16.721517
1.294 	16.967253
1.295 	16.920154
1.296 	16.449853
1.297 	15.970339
1.298 	15.896475
1.299 	16.391388
1.300 	17.162345
1.301 	17.745402
1.302 	17.774570
1.303 	17.500370
1.304 	17.291007
1.305 	16.856247
1.306 	15.829263
1.307 	15.167035
1.308 	15.349080
1.309 	15.417517
1.310 	15.493462
1.311 	15.969734
1.312 	15.964060
1.313 	15.533478
1.314 	15.494597
1.315 	15.865806
1.316 	16.561944
1.317 	17.440061
1.318 	17.862381
1.319 	17.415306
1.320 	16.610022
1.321 	15.583750
1.322 	14.727807
1.323 	14.625162
1.324 	15.318134
1.325 	15.911942
1.326 	15.734298
1.327 	15.348179
1.328 	15.287079
1.329 	15.019212
1.330 	14.840528
1.331 	15.287277
1.332 	15.476920
1.333 	14.912861
1.334 	14.500567
1.335 	14.562479
1.336 	14.936881
1.337 	15.818896
1.338 	16.569282
1.339 	16.266776
1.340 	15.658682
1.341 	15.424544
1.342 	14.942244
1.343 	14.229427
1.344 	14.294418
1.345 	14.825369
1.346 	14.873544
1.347 	14.648669
1.348 	14.798917
1.349 	14.975176
1.350 	14.515629
1.351 	13.553560
1.352 	12.925938
1.353 	12.830219
1.354 	13.265981
1.355 	13.843887
1.356 	13.574501
1.357 	12.630862
1.358 	12.247080
1.359 	13.068955
1.360 	14.377641
1.361 	15.021963
1.362 	14.457157
1.363 	13.131669
1.364 	12.223241
1.365 	12.345230
1.366 	13.278691
1.367 	13.906437
1.368 	13.900887
1.369 	13.929861
1.370 	13.941648
1.371 	13.423018
1.372 	12.979161
1.373 	12.680282
1.374 	12.265747
1.375 	12.084777
1.376 	11.995613
1.377 	12.350401
1.378 	12.977207
1.379 	12.550271
1.380 	12.176953
1.381 	13.053446
1.382 	13.530032
1.383 	12.083220
1.384 	10.234465
1.385 	10.398963
1.386 	11.900742
1.387 	12.741294
1.388 	12.239275
1.389 	11.550425
1.390 	11.631262
1.391 	11.803672
1.392 	10.869402
1.393 	9.308742
1.394 	8.519234
1.395 	8.628350
1.396 	9.157488
1.397 	9.925487
1.398 	10.226448
1.399 	9.948833
1.400 	9.824662
1.401 	9.475403
1.402 	9.163964
1.403 	9.476253
1.404 	9.608964
1.405 	9.222369
1.406 	9.077771
1.407 	8.525720
1.408 	7.078993
1.409 	6.286608
1.410 	6.628931
1.411 	7.162511
1.412 	7.357782
1.413 	7.595254
1.414 	8.868723
1.415 	9.877813
1.416 	9.081157
1.417 	7.656634
1.418 	7.028567
1.419 	7.519548
1.420 	8.026444
1.421 	7.579223
1.422 	7.241056
1.423 	7.276504
1.424 	6.680758
1.425 	6.039314
1.426 	6.756346
1.427 	7.779175
1.428 	7.582469
1.429 	6.937618
1.430 	6.435343
1.431 	6.759985
1.432 	7.939680
1.433 	8.594251
1.434 	8.618714
1.435 	8.971066
1.436 	9.332759
1.437 	8.658744
1.438 	7.959187
1.439 	8.001893
1.440 	7.398404
1.441 	5.461813
1.442 	4.024896
1.443 	4.961168
1.444 	6.765313
1.445 	7.758685
1.446 	8.570543
1.447 	8.949289
1.448 	7.978686
1.449 	6.716054
1.450 	6.934342
1.451 	7.845911
1.452 	7.453592
1.453 	5.348590
1.454 	3.794654
1.455 	4.552151
1.456 	6.260999
1.457 	7.310531
1.458 	7.403267
1.459 	6.798265
1.460 	6.709227
1.461 	6.833458
1.462 	6.335423
1.463 	6.166825
1.464 	6.780382
1.465 	7.491352
1.466 	7.760009
1.467 	7.239999
1.468 	6.683621
1.469 	6.963686
1.470 	8.007557
1.471 	8.815318
1.472 	8.276806
1.473 	6.995894
1.474 	6.233820
1.475 	6.015590
1.476 	6.896351
1.477 	8.426739
1.478 	8.323518
1.479 	6.347119
1.480 	4.679153
1.481 	4.974746
1.482 	6.253655
1.483 	7.333057
1.484 	8.149445
1.485 	8.536296
1.486 	8.320965
1.487 	7.806681
1.488 	7.684458
1.489 	8.311563
1.490 	8.732629
1.491 	8.479024
1.492 	7.841325
1.493 	6.609356
1.494 	5.704168
1.495 	6.118226
1.496 	7.333189
1.497 	8.693206
1.498 	8.915829
1.499 	7.325359
1.500 	5.405711
1.501 	5.566028
1.502 	7.473776
1.503 	8.520807
1.504 	8.373260
1.505 	8.620324
1.506 	9.322684
1.507 	8.818867
1.508 	8.249872
1.509 	9.256495
1.510 	9.506221
1.511 	8.138914
1.512 	7.028368
1.513 	8.233862
1.514 	9.505404
1.515 	7.831356
1.516 	6.244965
1.517 	6.623917
1.518 	6.548703
1.519 	6.473514
1.520 	7.786285
1.521 	9.281330
1.522 	10.346278
1.523 	10.979449
1.524 	11.108688
1.525 	11.044666
1.526 	10.000855
1.527 	8.000952
1.528 	7.225777
1.529 	7.841672
1.530 	8.827614
1.531 	8.599830
1.532 	8.334133
1.533 	9.245509
1.534 	9.547752
1.535 	8.402554
1.536 	7.997451
1.537 	9.228440
1.538 	10.746639
1.539 	10.150713
1.540 	8.029941
1.541 	6.924128
1.542 	7.425481
1.543 	8.987175
1.544 	10.080675
1.545 	10.229414
1.546 	10.161560
1.547 	10.311944
1.548 	10.117739
1.549 	10.348804
1.550 	10.835672
1.551 	10.886920
1.552 	9.582732
1.553 	8.896499
1.554 	9.491466
1.555 	9.326413
1.556 	8.743806
1.557 	9.573061
1.558 	10.270667
1.559 	9.493769
1.560 	7.757508
1.561 	7.860065
1.562 	10.104559
1.563 	10.999801
1.564 	11.048958
1.565 	11.833136
1.566 	12.200647
1.567 	10.608713
1.568 	9.012598
1.569 	8.033039
1.570 	9.336255
1.571 	11.563063
1.572 	10.518661
1.573 	9.179089
1.574 	9.020534
1.575 	9.210333
1.576 	10.126584
1.577 	11.162770
1.578 	10.290172
1.579 	8.597213
1.580 	9.292854
1.581 	10.943030
1.582 	11.485492
1.583 	10.478919
1.584 	10.360906
1.585 	11.581426
1.586 	12.451988
1.587 	11.279017
1.588 	9.030791
1.589 	8.433615
1.590 	10.693195
1.591 	12.754997
1.592 	11.176999
1.593 	9.034478
1.594 	7.995028
1.595 	8.645004
1.596 	10.152464
1.597 	10.182896
1.598 	9.088570
1.599 	9.260600
1.600 	11.553895
1.601 	13.736986
1.602 	12.375892
1.603 	9.091050
1.604 	9.444861
1.605 	10.892002
1.606 	11.691172
1.607 	14.441256
1.608 	13.736506
1.609 	8.572800
1.610 	6.486199
1.611 	9.931871
1.612 	11.872103
1.613 	10.835927
1.614 	10.783614
1.615 	11.558381
1.616 	12.713992
1.617 	12.955008
1.618 	11.518903
1.619 	12.200752
1.620 	12.429623
1.621 	10.794535
1.622 	10.500212
1.623 	11.109371
1.624 	10.784497
1.625 	9.880295
1.626 	9.249575
1.627 	9.787813
1.628 	10.952089
1.629 	13.031041
1.630 	12.014879
1.631 	7.737823
1.632 	6.775698
1.633 	10.539779
1.634 	12.195622
1.635 	13.910130
1.636 	11.791123
1.637 	9.178935
1.638 	10.754353
1.639 	13.786900
1.640 	12.835374
1.641 	13.429970
1.642 	13.431793
1.643 	10.071001
1.644 	8.927553
1.645 	9.717157
1.646 	12.205510
1.647 	12.779597
1.648 	10.321192
1.649 	10.396891
1.650 	13.567006
1.651 	14.631366
1.652 	11.402389
1.653 	8.622754
1.654 	8.351768
1.655 	9.084009
1.656 	12.005279
1.657 	15.640540
1.658 	14.256426
1.659 	13.688636
1.660 	13.208302
1.661 	10.358502
1.662 	11.110931
1.663 	12.324495
1.664 	10.162414
1.665 	5.348055
1.666 	8.134936
1.667 	12.784198
1.668 	11.477798
1.669 	11.900552
1.670 	5.933178
1.671 	7.520298
1.672 	11.218828
1.673 	10.137780
1.674 	8.424226
1.675 	6.863595
1.676 	5.236482
1.677 	14.494406
1.678 	10.152871
1.679 	13.453873
1.680 	15.659065
1.681 	10.357983
1.682 	14.741138
1.683 	15.123162
1.684 	11.052145
1.685 	20.639067
1.686 	13.990066
1.687 	-4.552448
1.688 	2.250123
1.689 	9.065541
1.690 	16.817456
1.691 	14.098942
1.692 	2.980553
1.693 	-4.533741
1.694 	-11.942285
1.695 	15.213160
1.696 	17.225639
1.697 	8.060650
1.698 	31.108408
1.699 	47.914242
1.700 	19.094328
