0.660 	37.167843
0.661 	31.347193
0.662 	35.025700
0.663 	30.198091
0.664 	30.057409
0.665 	34.355933
0.666 	33.336830
0.667 	32.499996
0.668 	32.631166
0.669 	33.512552
0.670 	31.567905
0.671 	35.659640
0.672 	34.039101
0.673 	32.921746
0.674 	31.880621
0.675 	31.072539
0.676 	29.761470
0.677 	32.399677
0.678 	32.003486
0.679 	31.358550
0.680 	31.479511
0.681 	31.137406
0.682 	33.172663
0.683 	33.425576
0.684 	33.259593
0.685 	30.779961
0.686 	31.216272
0.687 	32.482779
0.688 	32.219015
0.689 	30.020350
0.690 	31.199369
0.691 	31.152507
0.692 	33.223171
0.693 	32.546728
0.694 	30.384632
0.695 	29.824156
0.696 	28.365160
0.697 	29.430686
0.698 	31.020951
0.699 	31.134106
0.700 	28.347800
0.701 	29.886158
0.702 	30.644816
0.703 	32.112959
0.704 	30.687035
0.705 	29.630107
0.706 	29.706815
0.707 	28.651337
0.708 	29.236640
0.709 	29.193457
0.710 	27.847978
0.711 	29.471943
0.712 	31.271020
0.713 	31.575302
0.714 	31.168474
0.715 	30.504118
0.716 	27.374457
0.717 	27.496473
0.718 	29.679273
0.719 	28.745698
0.720 	27.961702
0.721 	29.868436
0.722 	31.240707
0.723 	30.389310
0.724 	29.294950
0.725 	28.739574
0.726 	28.518881
0.727 	29.126363
0.728 	29.490515
0.729 	28.698457
0.730 	28.048958
0.731 	28.438822
0.732 	29.915923
0.733 	28.849306
0.734 	26.687648
0.735 	26.634379
0.736 	28.446071
0.737 	27.776852
0.738 	28.294562
0.739 	29.434014
0.740 	29.315560
0.741 	28.827026
0.742 	28.400749
0.743 	28.175733
0.744 	27.714537
0.745 	27.651840
0.746 	27.541205
0.747 	27.397642
0.748 	28.604040
0.749 	28.644828
0.750 	27.104605
0.751 	26.168452
0.752 	26.968487
0.753 	28.412195
0.754 	28.463997
0.755 	27.370791
0.756 	28.003529
0.757 	28.518917
0.758 	27.305019
0.759 	25.727686
0.760 	26.300752
0.761 	27.875195
0.762 	28.281177
0.763 	28.722085
0.764 	28.677896
0.765 	27.061161
0.766 	25.517549
0.767 	26.053355
0.768 	27.470993
0.769 	28.674232
0.770 	28.433473
0.771 	28.077366
0.772 	27.913431
0.773 	27.591629
0.774 	27.248704
0.775 	26.517529
0.776 	27.092919
0.777 	28.156147
0.778 	27.701744
0.779 	27.562791
0.780 	27.988952
0.781 	26.776656
0.782 	26.154939
0.783 	27.364179
0.784 	28.227477
0.785 	28.337191
0.786 	27.134370
0.787 	25.763076
0.788 	26.502744
0.789 	27.264406
0.790 	26.737388
0.791 	25.565727
0.792 	25.718203
0.793 	26.576396
0.794 	26.534911
0.795 	26.642111
0.796 	27.548034
0.797 	27.981117
0.798 	27.482036
0.799 	26.911209
0.800 	26.394109
0.801 	25.666063
0.802 	25.108230
0.803 	25.639309
0.804 	26.767279
0.805 	27.331202
0.806 	27.224147
0.807 	26.583055
0.808 	26.351999
0.809 	26.231896
0.810 	26.494428
0.811 	26.757878
0.812 	25.845068
0.813 	25.220727
0.814 	25.333161
0.815 	25.541093
0.816 	25.593371
0.817 	25.705991
0.818 	25.893756
0.819 	26.152557
0.820 	25.696009
0.821 	25.300490
0.822 	25.646764
0.823 	25.637769
0.824 	25.585471
0.825 	25.515856
0.826 	25.412366
0.827 	25.292713
0.828 	25.542199
0.829 	25.702524
0.830 	25.296659
0.831 	24.981177
0.832 	24.751969
0.833 	24.503424
0.834 	25.074447
0.835 	25.439042
0.836 	24.917978
0.837 	24.876270
0.838 	25.160296
0.839 	25.189653
0.840 	25.307145
0.841 	26.002792
0.842 	26.776130
0.843 	26.516128
0.844 	25.588476
0.845 	24.982332
0.846 	24.733882
0.847 	24.672671
0.848 	24.695908
0.849 	24.872326
0.850 	24.917451
0.851 	25.301966
0.852 	25.636715
0.853 	25.046726
0.854 	24.326548
0.855 	24.512244
0.856 	24.782567
0.857 	24.408499
0.858 	24.022554
0.859 	24.280299
0.860 	24.816576
0.861 	24.711196
0.862 	24.258137
0.863 	24.510917
0.864 	25.159101
0.865 	25.028380
0.866 	24.554476
0.867 	24.586826
0.868 	24.980625
0.869 	25.205414
0.870 	25.095528
0.871 	24.421714
0.872 	23.532327
0.873 	23.564472
0.874 	24.233192
0.875 	24.741954
0.876 	25.050396
0.877 	25.317030
0.878 	25.324217
0.879 	25.023133
0.880 	24.549074
0.881 	23.877639
0.882 	23.667763
0.883 	24.101990
0.884 	24.501895
0.885 	24.440235
0.886 	24.190056
0.887 	24.294525
0.888 	24.508382
0.889 	24.452820
0.890 	24.424355
0.891 	24.435998
0.892 	24.177400
0.893 	23.703423
0.894 	23.553072
0.895 	23.645438
0.896 	23.483339
0.897 	23.078853
0.898 	23.103175
0.899 	23.461029
0.900 	23.650859
0.901 	23.609987
0.902 	23.892750
0.903 	24.214956
0.904 	24.207782
0.905 	24.325731
0.906 	24.153282
0.907 	23.534036
0.908 	22.860350
0.909 	22.660252
0.910 	23.304587
0.911 	23.999831
0.912 	24.028945
0.913 	24.122119
0.914 	24.416631
0.915 	24.178776
0.916 	23.462346
0.917 	23.344444
0.918 	23.813079
0.919 	24.233743
0.920 	24.138212
0.921 	23.757737
0.922 	23.387769
0.923 	23.107439
0.924 	23.441152
0.925 	23.876482
0.926 	23.645891
0.927 	23.075477
0.928 	22.832388
0.929 	23.444050
0.930 	23.986636
0.931 	23.551800
0.932 	22.731119
0.933 	22.159918
0.934 	22.463143
0.935 	23.192988
0.936 	23.335886
0.937 	22.736747
0.938 	22.055484
0.939 	21.629012
0.940 	21.725470
0.941 	21.769339
0.942 	21.417948
0.943 	21.233193
0.944 	21.498728
0.945 	21.445258
0.946 	21.334464
0.947 	21.471642
0.948 	21.548864
0.949 	21.936038
0.950 	21.495703
0.951 	21.003905
0.952 	20.755573
0.953 	20.787774
0.954 	21.866952
0.955 	22.234684
0.956 	21.178556
0.957 	20.164530
0.958 	19.866359
0.959 	20.642534
0.960 	21.540004
0.961 	21.000719
0.962 	20.809241
0.963 	20.741433
0.964 	20.163233
0.965 	20.034570
0.966 	20.172154
0.967 	20.166621
0.968 	19.671515
0.969 	19.267132
0.970 	19.547672
0.971 	20.053992
0.972 	19.958531
0.973 	19.487002
0.974 	19.127170
0.975 	19.388258
0.976 	19.913150
0.977 	20.292798
0.978 	19.448518
0.979 	18.945512
0.980 	19.226109
0.981 	19.349955
0.982 	19.572808
0.983 	19.178663
0.984 	18.617304
0.985 	18.420452
0.986 	19.143363
0.987 	19.459115
0.988 	19.220380
0.989 	18.740256
0.990 	18.317369
0.991 	18.816953
0.992 	19.737050
0.993 	19.832218
0.994 	19.260653
0.995 	18.846788
0.996 	18.693097
0.997 	18.834795
0.998 	19.495744
0.999 	19.804697
1.000 	18.974009
1.001 	18.222470
1.002 	18.367963
1.003 	18.964437
1.004 	18.686957
1.005 	17.963121
1.006 	18.006790
1.007 	18.425978
1.008 	18.909347
1.009 	18.863074
1.010 	17.935519
1.011 	18.022659
1.012 	19.014012
1.013 	19.022598
1.014 	18.795066
1.015 	18.984448
1.016 	19.114678
1.017 	18.777610
1.018 	18.835146
1.019 	18.909542
1.020 	18.868070
1.021 	19.006613
1.022 	19.418844
1.023 	19.295073
1.024 	18.966187
1.025 	18.335210
1.026 	17.374466
1.027 	17.681893
1.028 	18.950452
1.029 	19.477976
1.030 	18.788378
1.031 	18.877968
1.032 	19.555240
1.033 	19.459968
1.034 	18.813146
1.035 	18.334235
1.036 	18.360323
1.037 	18.062443
1.038 	17.101776
1.039 	17.178068
1.040 	18.268329
1.041 	18.444348
1.042 	18.567322
1.043 	19.025178
1.044 	19.205590
1.045 	19.388377
1.046 	19.324959
1.047 	19.038507
1.048 	19.202193
1.049 	19.416769
1.050 	19.255115
1.051 	19.028157
1.052 	18.588647
1.053 	18.438086
1.054 	18.684498
1.055 	18.689599
1.056 	18.396151
1.057 	17.859256
1.058 	17.328057
1.059 	17.872464
1.060 	19.054952
1.061 	19.487179
1.062 	19.466976
1.063 	19.573507
1.064 	19.219184
1.065 	18.486460
1.066 	18.046394
1.067 	18.242776
1.068 	18.517611
1.069 	18.742049
1.070 	18.962852
1.071 	19.100572
1.072 	19.602133
1.073 	19.756836
1.074 	19.153827
1.075 	18.934220
1.076 	18.514839
1.077 	17.405001
1.078 	17.217491
1.079 	17.783510
1.080 	18.156005
1.081 	17.947591
1.082 	17.703561
1.083 	18.334638
1.084 	18.986437
1.085 	18.860802
1.086 	18.662718
1.087 	18.516916
1.088 	18.182901
1.089 	18.329863
1.090 	18.760406
1.091 	18.868927
1.092 	18.632365
1.093 	18.190767
1.094 	17.748833
1.095 	17.732312
1.096 	18.059745
1.097 	18.497907
1.098 	18.879413
1.099 	18.998025
1.100 	18.858582
1.101 	18.718575
1.102 	18.521371
1.103 	18.115651
1.104 	17.423771
1.105 	16.989202
1.106 	17.638891
1.107 	18.642647
1.108 	18.478635
1.109 	17.522176
1.110 	17.227334
1.111 	17.717636
1.112 	18.005729
1.113 	17.916518
1.114 	18.097035
1.115 	18.297170
1.116 	18.163456
1.117 	18.067003
1.118 	18.249701
1.119 	18.085969
1.120 	17.467858
1.121 	17.337815
1.122 	17.544493
1.123 	17.421212
1.124 	17.152358
1.125 	17.023345
1.126 	16.969855
1.127 	16.856976
1.128 	16.980770
1.129 	17.228794
1.130 	16.981818
1.131 	16.268514
1.132 	15.749818
1.133 	15.769126
1.134 	15.812435
1.135 	15.500581
1.136 	15.281125
1.137 	15.546413
1.138 	16.121709
1.139 	16.524378
1.140 	16.446764
1.141 	16.280470
1.142 	15.874693
1.143 	14.888937
1.144 	14.019683
1.145 	13.661440
1.146 	14.040084
1.147 	15.089195
1.148 	15.395852
1.149 	14.737849
1.150 	14.184050
1.151 	13.748956
1.152 	13.195812
1.153 	13.178564
1.154 	13.881159
1.155 	14.568228
1.156 	14.765916
1.157 	14.443877
1.158 	13.903092
1.159 	13.677884
1.160 	13.787814
1.161 	13.908887
1.162 	13.889091
1.163 	13.805521
1.164 	13.688408
1.165 	13.708728
1.166 	14.188038
1.167 	14.816102
1.168 	14.797757
1.169 	13.735561
1.170 	12.995511
1.171 	13.775043
1.172 	14.920002
1.173 	15.282570
1.174 	15.270632
1.175 	15.207523
1.176 	14.977122
1.177 	14.802898
1.178 	14.723544
1.179 	14.529954
1.180 	14.059573
1.181 	13.334217
1.182 	12.843102
1.183 	12.707204
1.184 	12.732701
1.185 	12.898607
1.186 	13.089998
1.187 	13.258391
1.188 	13.359273
1.189 	13.623248
1.190 	14.319212
1.191 	14.821960
1.192 	14.739911
1.193 	14.577485
1.194 	14.488027
1.195 	14.087757
1.196 	13.560567
1.197 	13.481343
1.198 	13.658262
1.199 	13.507272
1.200 	13.208433
1.201 	13.499843
1.202 	14.496715
1.203 	15.155397
1.204 	14.694468
1.205 	13.824246
1.206 	13.286405
1.207 	12.857938
1.208 	12.304059
1.209 	12.119129
1.210 	13.031349
1.211 	14.210711
1.212 	14.524043
1.213 	14.570909
1.214 	15.288582
1.215 	15.601408
1.216 	14.701420
1.217 	13.744564
1.218 	13.741967
1.219 	14.230603
1.220 	14.474335
1.221 	14.401198
1.222 	14.118459
1.223 	13.892287
1.224 	13.818981
1.225 	13.825280
1.226 	14.116287
1.227 	14.731027
1.228 	15.248670
1.229 	15.055870
1.230 	14.803787
1.231 	15.174485
1.232 	15.133222
1.233 	14.372472
1.234 	14.008708
1.235 	14.532287
1.236 	15.055129
1.237 	14.702305
1.238 	13.892741
1.239 	13.939808
1.240 	14.917674
1.241 	15.640584
1.242 	15.298301
1.243 	14.480839
1.244 	13.824918
1.245 	13.436850
1.246 	13.862858
1.247 	14.512522
1.248 	14.920047
1.249 	15.180885
1.250 	15.082342
1.251 	14.795116
1.252 	14.975951
1.253 	15.413664
1.254 	15.858543
1.255 	15.667953
1.256 	14.718617
1.257 	14.397630
1.258 	15.083308
1.259 	15.454118
1.260 	14.839907
1.261 	14.071262
1.262 	13.854137
1.263 	13.990552
1.264 	14.214214
1.265 	14.514210
1.266 	14.862443
1.267 	15.309907
1.268 	15.462557
1.269 	15.075242
1.270 	14.232315
1.271 	13.553437
1.272 	13.599804
1.273 	13.814899
1.274 	13.861161
1.275 	14.377716
1.276 	14.981385
1.277 	15.031645
1.278 	14.911724
1.279 	14.994892
1.280 	15.334606
1.281 	15.680444
1.282 	15.362785
1.283 	14.365350
1.284 	13.651321
1.285 	13.694843
1.286 	13.913258
1.287 	13.779264
1.288 	13.537704
1.289 	13.646758
1.290 	14.029498
1.291 	14.257730
1.292 	14.024413
1.293 	13.526357
1.294 	13.334269
1.295 	13.583661
1.296 	13.838571
1.297 	14.086794
1.298 	14.454955
1.299 	14.241829
1.300 	13.345169
1.301 	12.859088
1.302 	13.510715
1.303 	14.374987
1.304 	14.514427
1.305 	13.802492
1.306 	13.304397
1.307 	13.361021
1.308 	13.332366
1.309 	13.333151
1.310 	13.378740
1.311 	12.987439
1.312 	12.565253
1.313 	13.191891
1.314 	14.171488
1.315 	13.939081
1.316 	13.070020
1.317 	12.660024
1.318 	12.883088
1.319 	13.271621
1.320 	13.352218
1.321 	13.202923
1.322 	13.270868
1.323 	13.501748
1.324 	13.338295
1.325 	12.114393
1.326 	10.313317
1.327 	10.104695
1.328 	11.760049
1.329 	13.386082
1.330 	13.774659
1.331 	12.902332
1.332 	11.885950
1.333 	11.291312
1.334 	10.990643
1.335 	10.878374
1.336 	11.368101
1.337 	12.126742
1.338 	12.371955
1.339 	11.649180
1.340 	10.892957
1.341 	10.823197
1.342 	11.127069
1.343 	11.276922
1.344 	11.133443
1.345 	10.874091
1.346 	10.570285
1.347 	9.889796
1.348 	9.128665
1.349 	9.408714
1.350 	10.869101
1.351 	12.077849
1.352 	11.622366
1.353 	10.382473
1.354 	9.707664
1.355 	9.806686
1.356 	9.896876
1.357 	9.854964
1.358 	9.969463
1.359 	10.117877
1.360 	10.084755
1.361 	10.125569
1.362 	10.385440
1.363 	10.538236
1.364 	10.357060
1.365 	10.250051
1.366 	10.377267
1.367 	10.393694
1.368 	10.005329
1.369 	9.658967
1.370 	10.043523
1.371 	10.706306
1.372 	10.862718
1.373 	9.863487
1.374 	8.542618
1.375 	8.475150
1.376 	9.146933
1.377 	9.393288
1.378 	8.348696
1.379 	7.161888
1.380 	7.400378
1.381 	7.747112
1.382 	7.528563
1.383 	7.236605
1.384 	6.691101
1.385 	6.001798
1.386 	6.049777
1.387 	6.927735
1.388 	7.757644
1.389 	7.690329
1.390 	6.454867
1.391 	5.571191
1.392 	6.293052
1.393 	7.719255
1.394 	8.475281
1.395 	8.611368
1.396 	8.664762
1.397 	8.126413
1.398 	6.858886
1.399 	5.668912
1.400 	5.599438
1.401 	6.149484
1.402 	6.729586
1.403 	7.062289
1.404 	6.912998
1.405 	6.479934
1.406 	5.616227
1.407 	4.343568
1.408 	3.871779
1.409 	4.769776
1.410 	6.042403
1.411 	6.867257
1.412 	6.879145
1.413 	6.194590
1.414 	5.353424
1.415 	4.981956
1.416 	5.081860
1.417 	5.481859
1.418 	6.421913
1.419 	7.234144
1.420 	7.413769
1.421 	7.130335
1.422 	6.705613
1.423 	6.260885
1.424 	5.561266
1.425 	4.344864
1.426 	3.481919
1.427 	4.003772
1.428 	5.137256
1.429 	5.410496
1.430 	5.308451
1.431 	5.992702
1.432 	6.567113
1.433 	5.846153
1.434 	4.697250
1.435 	4.656135
1.436 	5.506169
1.437 	5.515552
1.438 	5.331452
1.439 	6.355175
1.440 	6.775494
1.441 	5.471470
1.442 	4.055079
1.443 	4.035229
1.444 	4.786008
1.445 	5.320592
1.446 	5.849903
1.447 	6.737553
1.448 	7.372664
1.449 	7.004237
1.450 	5.868006
1.451 	5.385581
1.452 	5.951306
1.453 	5.971597
1.454 	5.554837
1.455 	5.758556
1.456 	6.535740
1.457 	7.046243
1.458 	7.019191
1.459 	7.029427
1.460 	6.466829
1.461 	5.158290
1.462 	4.367066
1.463 	4.416420
1.464 	4.639425
1.465 	5.096771
1.466 	5.922117
1.467 	6.518006
1.468 	6.863081
1.469 	7.253923
1.470 	7.118891
1.471 	6.298313
1.472 	5.932597
1.473 	5.804988
1.474 	5.532884
1.475 	5.784505
1.476 	6.027469
1.477 	5.373834
1.478 	5.063777
1.479 	6.059723
1.480 	7.224729
1.481 	8.123313
1.482 	8.260140
1.483 	6.694468
1.484 	4.825015
1.485 	4.732542
1.486 	5.470372
1.487 	5.908564
1.488 	6.328777
1.489 	6.006982
1.490 	5.243390
1.491 	4.708926
1.492 	4.999002
1.493 	5.381993
1.494 	4.629752
1.495 	4.114339
1.496 	4.838847
1.497 	6.134313
1.498 	7.838341
1.499 	8.553182
1.500 	7.335693
1.501 	6.206309
1.502 	5.692305
1.503 	6.052969
1.504 	6.482453
1.505 	6.210179
1.506 	6.921258
1.507 	7.769294
1.508 	7.452631
1.509 	6.514520
1.510 	5.848017
1.511 	5.463138
1.512 	4.763197
1.513 	5.176192
1.514 	6.294258
1.515 	6.579480
1.516 	7.680184
1.517 	8.007490
1.518 	5.237720
1.519 	3.533167
1.520 	5.251553
1.521 	7.351002
1.522 	7.398982
1.523 	6.287029
1.524 	5.644518
1.525 	5.918542
1.526 	6.728241
1.527 	7.963002
1.528 	8.994271
1.529 	7.753687
1.530 	5.269849
1.531 	4.937994
1.532 	6.027576
1.533 	5.647761
1.534 	5.598150
1.535 	6.988997
1.536 	7.636582
1.537 	8.053451
1.538 	8.744698
1.539 	7.858641
1.540 	6.109086
1.541 	6.065772
1.542 	6.821928
1.543 	6.899507
1.544 	6.216039
1.545 	6.371807
1.546 	6.849996
1.547 	7.306217
1.548 	8.172567
1.549 	8.523427
1.550 	8.449043
1.551 	8.641811
1.552 	7.578604
1.553 	5.191865
1.554 	5.700679
1.555 	7.741803
1.556 	8.436146
1.557 	7.673088
1.558 	5.545154
1.559 	4.001368
1.560 	5.260847
1.561 	7.516025
1.562 	8.728553
1.563 	8.907448
1.564 	8.188330
1.565 	7.811537
1.566 	7.897704
1.567 	8.232349
1.568 	8.770644
1.569 	7.628468
1.570 	7.560173
1.571 	8.553857
1.572 	7.918543
1.573 	7.042123
1.574 	7.267041
1.575 	8.293580
1.576 	8.479972
1.577 	7.798389
1.578 	7.501758
1.579 	7.247588
1.580 	5.801795
1.581 	5.394572
1.582 	6.729503
1.583 	5.823669
1.584 	6.453630
1.585 	8.301795
1.586 	7.389733
1.587 	6.720332
1.588 	6.746476
1.589 	6.318862
1.590 	7.023863
1.591 	7.847860
1.592 	7.913396
1.593 	8.422802
1.594 	10.446161
1.595 	12.141470
1.596 	9.949129
1.597 	8.016436
1.598 	8.792926
1.599 	9.149253
1.600 	9.059824
1.601 	9.611409
1.602 	8.021453
1.603 	6.250639
1.604 	7.197185
1.605 	8.124269
1.606 	6.862624
1.607 	7.094827
1.608 	8.875651
1.609 	9.435027
1.610 	7.796953
1.611 	9.270394
1.612 	10.027171
1.613 	8.771505
1.614 	7.646378
1.615 	6.020789
1.616 	5.744377
1.617 	7.221382
1.618 	7.634608
1.619 	7.702194
1.620 	8.082373
1.621 	8.645637
1.622 	8.455945
1.623 	7.342630
1.624 	7.338515
1.625 	8.387501
1.626 	10.099613
1.627 	11.265196
1.628 	8.581622
1.629 	5.089404
1.630 	6.021197
1.631 	7.918788
1.632 	9.374964
1.633 	11.804860
1.634 	10.223365
1.635 	7.155398
1.636 	8.016226
1.637 	7.519294
1.638 	7.726473
1.639 	9.896378
1.640 	11.316522
1.641 	11.376436
1.642 	10.642062
1.643 	5.071296
1.644 	2.707246
1.645 	6.255746
1.646 	6.756561
1.647 	7.502663
1.648 	10.752553
1.649 	9.748213
1.650 	9.410492
1.651 	11.249531
1.652 	11.114481
1.653 	11.479582
1.654 	10.233871
1.655 	8.314853
1.656 	7.451506
1.657 	7.608733
1.658 	7.440621
1.659 	10.022447
1.660 	13.813842
1.661 	11.494423
1.662 	8.909610
1.663 	8.303878
1.664 	12.088321
1.665 	12.226204
1.666 	9.303029
1.667 	10.509048
1.668 	10.247696
1.669 	10.136476
1.670 	5.587347
1.671 	6.129845
1.672 	11.215190
1.673 	10.737332
1.674 	9.985990
1.675 	10.038810
1.676 	12.734581
1.677 	8.522533
1.678 	4.230571
1.679 	9.966109
1.680 	18.199181
1.681 	13.881357
1.682 	13.799489
1.683 	8.953573
1.684 	-0.163212
1.685 	4.244105
1.686 	7.753587
1.687 	10.592048
1.688 	12.573697
1.689 	15.795537
1.690 	11.293263
1.691 	7.281979
1.692 	7.375214
1.693 	12.985741
1.694 	8.170732
1.695 	10.991138
1.696 	8.275366
1.697 	13.305146
1.698 	14.465687
1.699 	9.550949
1.700 	9.667962
