0.660 	37.308378
0.661 	37.019394
0.662 	35.598257
0.663 	40.619034
0.664 	37.888137
0.665 	37.821807
0.666 	36.661759
0.667 	37.018559
0.668 	39.091283
0.669 	33.648340
0.670 	33.465022
0.671 	35.602656
0.672 	33.770759
0.673 	38.486483
0.674 	36.867289
0.675 	34.813345
0.676 	35.425755
0.677 	33.813175
0.678 	32.426521
0.679 	37.142538
0.680 	35.186073
0.681 	31.368523
0.682 	32.645059
0.683 	34.361634
0.684 	33.265443
0.685 	34.834408
0.686 	35.128462
0.687 	32.773310
0.688 	35.919028
0.689 	36.408457
0.690 	34.286994
0.691 	31.774537
0.692 	32.085642
0.693 	32.032612
0.694 	31.676649
0.695 	32.250731
0.696 	35.143914
0.697 	32.511558
0.698 	34.484312
0.699 	33.537270
0.700 	32.385899
0.701 	32.062026
0.702 	30.621088
0.703 	32.561533
0.704 	32.929209
0.705 	33.688481
0.706 	33.601268
0.707 	33.291900
0.708 	31.349493
0.709 	29.312711
0.710 	28.701354
0.711 	31.271348
0.712 	32.355093
0.713 	30.327706
0.714 	29.749730
0.715 	31.330757
0.716 	31.807260
0.717 	32.705700
0.718 	34.037005
0.719 	32.789509
0.720 	30.534017
0.721 	28.937048
0.722 	30.876772
0.723 	31.037518
0.724 	29.311707
0.725 	30.766651
0.726 	31.007965
0.727 	28.629169
0.728 	28.459446
0.729 	31.046906
0.730 	32.049368
0.731 	29.992070
0.732 	29.164480
0.733 	31.044001
0.734 	31.690553
0.735 	31.874527
0.736 	30.339648
0.737 	28.734453
0.738 	29.787973
0.739 	29.709110
0.740 	28.211895
0.741 	26.604112
0.742 	26.510410
0.743 	29.273861
0.744 	29.848226
0.745 	28.909945
0.746 	29.747778
0.747 	29.245236
0.748 	29.048691
0.749 	30.549842
0.750 	29.602580
0.751 	26.719784
0.752 	26.371522
0.753 	27.718542
0.754 	28.941760
0.755 	28.877763
0.756 	28.598748
0.757 	29.257892
0.758 	29.633380
0.759 	29.696779
0.760 	28.066777
0.761 	26.823255
0.762 	27.625382
0.763 	29.076195
0.764 	28.609327
0.765 	28.279989
0.766 	28.288312
0.767 	27.990693
0.768 	28.878579
0.769 	28.248193
0.770 	27.277434
0.771 	27.280386
0.772 	28.813919
0.773 	29.238295
0.774 	27.999296
0.775 	27.394451
0.776 	26.502064
0.777 	26.734875
0.778 	26.973494
0.779 	26.938268
0.780 	27.483677
0.781 	26.849756
0.782 	25.950099
0.783 	27.080704
0.784 	28.828228
0.785 	28.982560
0.786 	27.842465
0.787 	27.780889
0.788 	27.593856
0.789 	27.529261
0.790 	28.015525
0.791 	28.390696
0.792 	26.852711
0.793 	24.302108
0.794 	24.505153
0.795 	26.076868
0.796 	26.795553
0.797 	27.290679
0.798 	27.877007
0.799 	27.352023
0.800 	27.155639
0.801 	27.893413
0.802 	28.040490
0.803 	27.363618
0.804 	26.504286
0.805 	25.896731
0.806 	26.032447
0.807 	26.668418
0.808 	27.356385
0.809 	27.615222
0.810 	27.031331
0.811 	26.492369
0.812 	26.593203
0.813 	26.111626
0.814 	25.994985
0.815 	26.722063
0.816 	26.968007
0.817 	26.933010
0.818 	26.464022
0.819 	25.621068
0.820 	25.851715
0.821 	26.556861
0.822 	26.238370
0.823 	25.619566
0.824 	26.048911
0.825 	27.233571
0.826 	27.299955
0.827 	26.739613
0.828 	26.407653
0.829 	25.680020
0.830 	25.574756
0.831 	26.734080
0.832 	27.114308
0.833 	25.923314
0.834 	25.007269
0.835 	25.028399
0.836 	24.857442
0.837 	25.002370
0.838 	25.997557
0.839 	26.662234
0.840 	26.066007
0.841 	25.264694
0.842 	25.744090
0.843 	26.164257
0.844 	25.600245
0.845 	24.978144
0.846 	24.431637
0.847 	24.715778
0.848 	26.016575
0.849 	26.756641
0.850 	25.617625
0.851 	24.001117
0.852 	23.643182
0.853 	24.601225
0.854 	25.532453
0.855 	25.314172
0.856 	25.031008
0.857 	25.005069
0.858 	24.608680
0.859 	24.278594
0.860 	24.649246
0.861 	25.679098
0.862 	26.406383
0.863 	25.984062
0.864 	25.200229
0.865 	24.688535
0.866 	23.935295
0.867 	23.630478
0.868 	24.144765
0.869 	24.642592
0.870 	25.247360
0.871 	25.864607
0.872 	25.238610
0.873 	24.092441
0.874 	24.438798
0.875 	25.480025
0.876 	25.779612
0.877 	25.550359
0.878 	24.898293
0.879 	24.194826
0.880 	24.049374
0.881 	24.200951
0.882 	23.951084
0.883 	23.663617
0.884 	24.177708
0.885 	24.717738
0.886 	24.533179
0.887 	24.453234
0.888 	24.378185
0.889 	23.840519
0.890 	23.298775
0.891 	23.079351
0.892 	23.229838
0.893 	23.492998
0.894 	24.026759
0.895 	24.723741
0.896 	24.746458
0.897 	24.508325
0.898 	24.101216
0.899 	23.276206
0.900 	22.698622
0.901 	23.004622
0.902 	23.729102
0.903 	24.103295
0.904 	23.992948
0.905 	23.991551
0.906 	24.157916
0.907 	24.314351
0.908 	24.398717
0.909 	24.335925
0.910 	23.900137
0.911 	23.454047
0.912 	23.136949
0.913 	22.701790
0.914 	22.857894
0.915 	23.703515
0.916 	24.537502
0.917 	24.965099
0.918 	24.701010
0.919 	23.587576
0.920 	22.577153
0.921 	22.566893
0.922 	23.185091
0.923 	23.221248
0.924 	22.439189
0.925 	22.058884
0.926 	22.611138
0.927 	23.247477
0.928 	23.104680
0.929 	22.928561
0.930 	23.093161
0.931 	23.022977
0.932 	22.841029
0.933 	22.769145
0.934 	23.048565
0.935 	23.697471
0.936 	23.665325
0.937 	22.948304
0.938 	22.243889
0.939 	22.271975
0.940 	22.767138
0.941 	22.740097
0.942 	22.149995
0.943 	21.831893
0.944 	22.382846
0.945 	22.688027
0.946 	22.501909
0.947 	22.610663
0.948 	22.601579
0.949 	22.374581
0.950 	22.187733
0.951 	21.171207
0.952 	19.715090
0.953 	19.557790
0.954 	20.866646
0.955 	21.743823
0.956 	21.653854
0.957 	22.008227
0.958 	22.006340
0.959 	21.818850
0.960 	21.956812
0.961 	21.545352
0.962 	20.854030
0.963 	20.265103
0.964 	19.873804
0.965 	19.404944
0.966 	19.804591
0.967 	20.534589
0.968 	20.269569
0.969 	19.790927
0.970 	19.467186
0.971 	19.032418
0.972 	20.128521
0.973 	21.383188
0.974 	20.884077
0.975 	20.217416
0.976 	20.164084
0.977 	19.995963
0.978 	20.124103
0.979 	20.505813
0.980 	20.184305
0.981 	20.188372
0.982 	20.202608
0.983 	20.115449
0.984 	19.831367
0.985 	18.594290
0.986 	18.703837
0.987 	19.965126
0.988 	20.219809
0.989 	20.293283
0.990 	20.599782
0.991 	20.030514
0.992 	19.076397
0.993 	19.052342
0.994 	19.205097
0.995 	19.760966
0.996 	20.368906
0.997 	20.230114
0.998 	19.928015
0.999 	20.259153
1.000 	20.055514
1.001 	19.352061
1.002 	18.766729
1.003 	18.191104
1.004 	19.070699
1.005 	20.678324
1.006 	20.857960
1.007 	20.444901
1.008 	19.720717
1.009 	19.252024
1.010 	19.489259
1.011 	19.535333
1.012 	19.689552
1.013 	19.744581
1.014 	18.876943
1.015 	19.000347
1.016 	19.834347
1.017 	20.275057
1.018 	20.382043
1.019 	19.699228
1.020 	19.236667
1.021 	19.416098
1.022 	19.893153
1.023 	20.207352
1.024 	20.025772
1.025 	20.051058
1.026 	20.241042
1.027 	19.628698
1.028 	18.436915
1.029 	18.816283
1.030 	20.607132
1.031 	21.414149
1.032 	20.581058
1.033 	19.485989
1.034 	19.267770
1.035 	19.604941
1.036 	19.869221
1.037 	19.914280
1.038 	20.358626
1.039 	21.094010
1.040 	21.158148
1.041 	20.707298
1.042 	19.950553
1.043 	19.448077
1.044 	19.109386
1.045 	19.040702
1.046 	18.909288
1.047 	18.855655
1.048 	19.565590
1.049 	20.208308
1.050 	20.638663
1.051 	20.299897
1.052 	19.841120
1.053 	20.102417
1.054 	20.143477
1.055 	20.055098
1.056 	20.186821
1.057 	19.799482
1.058 	19.674041
1.059 	20.134661
1.060 	20.292941
1.061 	20.272402
1.062 	20.797409
1.063 	21.478876
1.064 	21.302240
1.065 	20.357623
1.066 	19.816918
1.067 	20.113909
1.068 	20.511345
1.069 	20.236088
1.070 	19.288698
1.071 	18.718864
1.072 	19.468419
1.073 	20.747171
1.074 	21.518196
1.075 	21.321524
1.076 	20.202785
1.077 	19.479183
1.078 	19.807041
1.079 	19.698358
1.080 	19.056190
1.081 	19.390374
1.082 	19.847313
1.083 	19.680928
1.084 	20.079978
1.085 	20.812388
1.086 	20.674453
1.087 	19.556223
1.088 	18.242417
1.089 	17.761273
1.090 	18.421183
1.091 	19.348583
1.092 	19.606230
1.093 	19.796043
1.094 	19.976479
1.095 	19.709366
1.096 	19.370086
1.097 	19.820126
1.098 	20.309517
1.099 	20.093931
1.100 	19.786908
1.101 	19.325601
1.102 	18.924567
1.103 	19.183869
1.104 	19.743792
1.105 	19.759314
1.106 	18.781921
1.107 	17.711390
1.108 	18.046364
1.109 	19.985316
1.110 	21.563372
1.111 	20.943048
1.112 	19.361737
1.113 	18.681012
1.114 	18.920863
1.115 	19.068708
1.116 	18.867308
1.117 	18.966975
1.118 	19.426273
1.119 	19.521720
1.120 	18.921193
1.121 	18.495752
1.122 	18.943175
1.123 	19.559627
1.124 	19.383861
1.125 	18.984710
1.126 	18.916697
1.127 	18.355505
1.128 	17.660208
1.129 	17.757576
1.130 	17.838585
1.131 	17.797600
1.132 	18.306950
1.133 	18.510162
1.134 	17.872901
1.135 	17.183367
1.136 	16.983841
1.137 	16.767577
1.138 	16.347740
1.139 	16.218652
1.140 	16.804624
1.141 	17.810967
1.142 	18.242407
1.143 	17.485181
1.144 	16.227224
1.145 	15.580997
1.146 	15.295948
1.147 	14.972805
1.148 	14.963930
1.149 	15.740913
1.150 	16.709014
1.151 	16.472151
1.152 	15.371232
1.153 	14.948796
1.154 	15.243493
1.155 	15.141215
1.156 	14.890212
1.157 	15.352179
1.158 	15.680693
1.159 	15.163185
1.160 	14.528818
1.161 	14.519705
1.162 	15.114505
1.163 	15.485382
1.164 	15.378026
1.165 	15.539910
1.166 	16.270313
1.167 	16.497689
1.168 	15.867482
1.169 	14.957974
1.170 	14.619602
1.171 	15.088553
1.172 	15.210163
1.173 	14.425779
1.174 	13.758326
1.175 	13.743930
1.176 	13.693929
1.177 	13.631252
1.178 	14.096593
1.179 	14.551392
1.180 	14.471684
1.181 	14.145297
1.182 	13.612707
1.183 	13.350848
1.184 	14.039996
1.185 	14.386691
1.186 	13.774179
1.187 	13.804896
1.188 	14.947260
1.189 	15.899112
1.190 	15.921318
1.191 	14.948636
1.192 	13.994965
1.193 	14.105665
1.194 	14.815840
1.195 	14.852372
1.196 	14.403813
1.197 	14.244183
1.198 	14.270189
1.199 	14.633402
1.200 	15.169629
1.201 	15.202100
1.202 	14.697924
1.203 	14.001862
1.204 	13.492518
1.205 	13.509110
1.206 	14.175925
1.207 	14.761753
1.208 	14.916973
1.209 	15.091768
1.210 	15.681363
1.211 	15.812111
1.212 	14.713039
1.213 	13.449120
1.214 	13.043757
1.215 	13.191164
1.216 	13.642036
1.217 	14.106096
1.218 	14.320868
1.219 	14.285681
1.220 	14.369435
1.221 	14.668516
1.222 	14.964561
1.223 	14.836800
1.224 	14.263837
1.225 	14.092651
1.226 	14.356614
1.227 	14.595030
1.228 	14.972436
1.229 	15.326314
1.230 	15.234024
1.231 	14.962020
1.232 	14.612717
1.233 	14.496772
1.234 	15.161908
1.235 	16.294474
1.236 	16.511908
1.237 	15.391303
1.238 	13.845824
1.239 	13.490661
1.240 	14.321537
1.241 	14.651713
1.242 	13.788734
1.243 	12.750218
1.244 	12.976050
1.245 	13.829354
1.246 	14.579434
1.247 	15.709288
1.248 	17.254584
1.249 	18.183951
1.250 	17.471509
1.251 	15.698299
1.252 	14.593998
1.253 	14.259596
1.254 	14.322309
1.255 	14.803116
1.256 	15.498371
1.257 	15.937110
1.258 	16.118265
1.259 	16.169937
1.260 	16.112119
1.261 	15.717588
1.262 	15.233594
1.263 	15.143336
1.264 	15.014857
1.265 	14.429767
1.266 	14.232863
1.267 	14.873535
1.268 	15.826440
1.269 	16.457923
1.270 	16.354695
1.271 	15.711772
1.272 	15.151315
1.273 	14.990101
1.274 	14.613022
1.275 	14.116230
1.276 	14.715705
1.277 	15.821904
1.278 	15.887127
1.279 	15.176443
1.280 	14.914154
1.281 	15.154362
1.282 	15.651512
1.283 	16.270158
1.284 	16.361288
1.285 	15.744512
1.286 	15.302165
1.287 	15.951618
1.288 	16.481451
1.289 	15.810066
1.290 	14.454950
1.291 	13.698163
1.292 	13.881833
1.293 	14.226502
1.294 	14.193947
1.295 	14.104694
1.296 	13.943915
1.297 	13.542581
1.298 	13.535568
1.299 	13.902922
1.300 	14.234320
1.301 	14.562360
1.302 	14.672594
1.303 	14.195699
1.304 	13.849372
1.305 	14.372092
1.306 	14.777514
1.307 	14.216494
1.308 	13.764631
1.309 	14.839060
1.310 	16.163988
1.311 	15.816560
1.312 	13.716873
1.313 	12.318735
1.314 	12.641512
1.315 	13.646503
1.316 	14.510482
1.317 	14.871494
1.318 	14.751363
1.319 	14.329000
1.320 	13.664378
1.321 	13.144821
1.322 	13.129886
1.323 	13.336350
1.324 	12.797905
1.325 	11.640812
1.326 	11.284012
1.327 	11.913567
1.328 	12.279159
1.329 	11.755974
1.330 	11.391920
1.331 	12.083303
1.332 	12.862329
1.333 	13.128275
1.334 	13.115267
1.335 	12.877630
1.336 	12.764961
1.337 	12.873528
1.338 	12.546775
1.339 	11.954935
1.340 	11.808508
1.341 	11.846404
1.342 	11.594173
1.343 	11.640971
1.344 	12.590936
1.345 	13.703064
1.346 	13.981686
1.347 	13.366519
1.348 	12.335257
1.349 	11.349314
1.350 	10.995378
1.351 	11.347820
1.352 	11.790555
1.353 	11.557278
1.354 	11.128785
1.355 	10.679582
1.356 	10.186527
1.357 	10.230646
1.358 	10.586084
1.359 	10.534063
1.360 	10.577577
1.361 	11.593555
1.362 	12.917455
1.363 	12.955775
1.364 	11.703350
1.365 	10.759398
1.366 	10.305336
1.367 	9.891725
1.368 	10.130612
1.369 	10.997843
1.370 	11.577024
1.371 	11.475415
1.372 	10.743895
1.373 	10.136901
1.374 	9.998500
1.375 	9.487819
1.376 	8.986649
1.377 	9.389831
1.378 	10.125825
1.379 	10.493972
1.380 	10.654878
1.381 	10.968919
1.382 	11.234954
1.383 	10.865944
1.384 	9.793307
1.385 	8.943159
1.386 	8.853851
1.387 	9.292822
1.388 	9.410553
1.389 	8.630082
1.390 	7.401895
1.391 	6.706688
1.392 	7.492969
1.393 	8.650284
1.394 	8.899099
1.395 	8.608417
1.396 	8.542208
1.397 	8.213962
1.398 	7.696208
1.399 	7.338299
1.400 	6.647158
1.401 	5.618453
1.402 	5.594581
1.403 	6.526955
1.404 	6.766937
1.405 	6.244203
1.406 	6.300038
1.407 	7.186126
1.408 	8.374068
1.409 	9.401719
1.410 	9.526087
1.411 	8.381352
1.412 	6.419987
1.413 	5.449492
1.414 	6.195025
1.415 	7.588494
1.416 	8.315325
1.417 	7.697481
1.418 	7.013456
1.419 	7.024130
1.420 	7.288717
1.421 	7.528789
1.422 	7.260472
1.423 	6.620027
1.424 	6.534954
1.425 	7.341570
1.426 	8.783743
1.427 	9.491500
1.428 	8.769832
1.429 	7.813687
1.430 	7.500529
1.431 	7.279555
1.432 	6.849404
1.433 	6.511359
1.434 	6.026620
1.435 	5.843478
1.436 	6.430715
1.437 	6.871423
1.438 	6.849425
1.439 	7.023738
1.440 	7.300298
1.441 	7.406320
1.442 	8.171399
1.443 	9.592490
1.444 	9.993760
1.445 	8.564655
1.446 	7.629930
1.447 	7.851567
1.448 	8.244015
1.449 	8.815305
1.450 	8.902803
1.451 	7.401469
1.452 	5.016729
1.453 	3.705683
1.454 	3.713112
1.455 	4.063292
1.456 	5.051850
1.457 	6.723455
1.458 	7.777407
1.459 	7.473820
1.460 	6.734657
1.461 	6.185855
1.462 	5.899337
1.463 	6.660794
1.464 	8.447781
1.465 	10.184794
1.466 	10.779193
1.467 	9.145078
1.468 	6.962272
1.469 	6.814626
1.470 	7.513367
1.471 	7.525112
1.472 	7.303700
1.473 	7.117696
1.474 	6.757817
1.475 	6.333986
1.476 	6.491259
1.477 	7.150760
1.478 	7.645774
1.479 	8.047181
1.480 	8.915845
1.481 	10.238788
1.482 	11.228734
1.483 	10.347579
1.484 	7.716067
1.485 	6.617713
1.486 	7.871376
1.487 	8.416845
1.488 	8.023500
1.489 	8.166398
1.490 	7.912654
1.491 	7.083432
1.492 	7.082788
1.493 	8.243440
1.494 	9.249711
1.495 	8.219301
1.496 	5.942685
1.497 	5.352674
1.498 	6.799121
1.499 	7.962332
1.500 	8.559653
1.501 	8.845543
1.502 	7.664748
1.503 	5.441909
1.504 	5.386958
1.505 	7.936061
1.506 	10.428451
1.507 	10.785587
1.508 	9.701813
1.509 	9.330150
1.510 	8.426915
1.511 	6.467233
1.512 	5.403993
1.513 	5.678646
1.514 	7.856295
1.515 	10.343830
1.516 	9.601872
1.517 	7.840302
1.518 	8.227853
1.519 	8.159898
1.520 	6.688722
1.521 	6.696681
1.522 	8.622398
1.523 	9.993538
1.524 	10.720503
1.525 	10.697183
1.526 	9.958391
1.527 	10.196104
1.528 	10.969271
1.529 	10.178885
1.530 	8.418256
1.531 	7.508117
1.532 	7.075021
1.533 	6.643400
1.534 	5.422303
1.535 	4.366233
1.536 	6.709196
1.537 	8.980949
1.538 	7.545893
1.539 	7.080184
1.540 	8.843515
1.541 	9.650864
1.542 	9.471930
1.543 	8.778033
1.544 	8.269691
1.545 	7.853950
1.546 	6.734147
1.547 	6.933535
1.548 	9.562887
1.549 	11.916097
1.550 	11.998881
1.551 	11.542453
1.552 	11.353179
1.553 	10.042158
1.554 	8.091263
1.555 	6.749542
1.556 	5.755879
1.557 	5.554146
1.558 	6.491755
1.559 	7.665817
1.560 	8.165209
1.561 	9.336316
1.562 	10.775671
1.563 	10.673131
1.564 	8.658332
1.565 	6.271034
1.566 	7.338284
1.567 	9.424447
1.568 	10.200528
1.569 	10.806250
1.570 	10.624440
1.571 	11.050603
1.572 	12.413314
1.573 	12.452340
1.574 	10.397143
1.575 	8.042000
1.576 	8.128561
1.577 	10.165942
1.578 	12.320978
1.579 	13.278368
1.580 	11.403453
1.581 	8.327418
1.582 	7.950324
1.583 	7.673293
1.584 	7.874202
1.585 	11.065731
1.586 	13.956928
1.587 	11.640229
1.588 	8.571995
1.589 	8.031685
1.590 	8.377983
1.591 	9.535196
1.592 	10.640670
1.593 	10.376838
1.594 	10.983449
1.595 	12.397802
1.596 	11.919832
1.597 	11.198606
1.598 	10.812629
1.599 	10.467758
1.600 	10.383629
1.601 	10.078532
1.602 	9.445427
1.603 	10.580039
1.604 	10.384991
1.605 	7.579806
1.606 	7.297559
1.607 	10.412006
1.608 	13.131139
1.609 	13.800650
1.610 	13.550153
1.611 	12.428650
1.612 	11.028587
1.613 	9.324679
1.614 	8.255277
1.615 	9.741222
1.616 	11.070865
1.617 	11.698526
1.618 	11.874826
1.619 	9.407007
1.620 	9.033407
1.621 	12.125498
1.622 	13.614788
1.623 	13.550104
1.624 	13.637326
1.625 	13.457908
1.626 	12.338489
1.627 	8.370365
1.628 	7.428027
1.629 	9.266955
1.630 	9.382407
1.631 	8.957110
1.632 	9.916008
1.633 	13.565952
1.634 	16.009277
1.635 	14.420753
1.636 	10.683782
1.637 	9.964087
1.638 	9.628997
1.639 	11.126292
1.640 	12.398202
1.641 	13.064133
1.642 	15.810063
1.643 	14.414858
1.644 	13.716523
1.645 	12.774116
1.646 	12.215437
1.647 	13.169316
1.648 	13.660991
1.649 	11.199743
1.650 	9.326845
1.651 	10.592768
1.652 	11.678761
1.653 	11.923939
1.654 	13.793439
1.655 	15.223731
1.656 	13.429113
1.657 	11.511395
1.658 	8.146720
1.659 	11.768222
1.660 	14.267852
1.661 	10.452251
1.662 	14.681093
1.663 	16.309765
1.664 	12.808238
1.665 	15.570471
1.666 	13.734589
1.667 	10.773501
1.668 	14.472906
1.669 	16.706047
1.670 	16.679585
1.671 	15.223591
1.672 	16.383327
1.673 	13.306146
1.674 	11.901502
1.675 	14.174347
1.676 	19.534116
1.677 	19.256458
1.678 	12.863285
1.679 	13.994781
1.680 	17.870826
1.681 	11.423620
1.682 	18.630404
1.683 	23.994309
1.684 	24.986703
1.685 	22.051369
1.686 	18.121811
1.687 	20.747775
1.688 	21.707903
1.689 	25.098916
1.690 	30.874620
1.691 	31.208315
1.692 	31.239375
1.693 	19.925025
1.694 	17.062126
1.695 	27.536843
1.696 	35.902471
1.697 	43.698880
1.698 	38.732856
1.699 	29.645393
1.700 	24.050507
