0.660 	40.013256
0.661 	36.675494
0.662 	39.074553
0.663 	37.227877
0.664 	37.673160
0.665 	39.173385
0.666 	38.752584
0.667 	38.965496
0.668 	40.217707
0.669 	37.128414
0.670 	33.460804
0.671 	35.958792
0.672 	33.042496
0.673 	37.442146
0.674 	37.994769
0.675 	35.556352
0.676 	38.848651
0.677 	36.940219
0.678 	35.834205
0.679 	40.190373
0.680 	34.692774
0.681 	33.637616
0.682 	37.325232
0.683 	38.238853
0.684 	38.655428
0.685 	35.909082
0.686 	38.550546
0.687 	39.359569
0.688 	40.567384
0.689 	38.391933
0.690 	35.509459
0.691 	35.873825
0.692 	35.629234
0.693 	34.403433
0.694 	33.077432
0.695 	34.747130
0.696 	37.641576
0.697 	35.716325
0.698 	38.885023
0.699 	34.844169
0.700 	36.153753
0.701 	37.729602
0.702 	33.832052
0.703 	37.136296
0.704 	37.477272
0.705 	37.330788
0.706 	36.541160
0.707 	35.065825
0.708 	35.407284
0.709 	34.561441
0.710 	32.009203
0.711 	33.869541
0.712 	36.740169
0.713 	37.438999
0.714 	36.462536
0.715 	36.584526
0.716 	36.272445
0.717 	38.175810
0.718 	38.139231
0.719 	35.631381
0.720 	34.135088
0.721 	35.841958
0.722 	35.769831
0.723 	33.469097
0.724 	32.770737
0.725 	34.739987
0.726 	35.890747
0.727 	35.633882
0.728 	36.283971
0.729 	37.638937
0.730 	35.973088
0.731 	33.297064
0.732 	32.311459
0.733 	34.091998
0.734 	37.051829
0.735 	37.023058
0.736 	34.149517
0.737 	35.727802
0.738 	38.198621
0.739 	36.581072
0.740 	32.865417
0.741 	30.657163
0.742 	31.200502
0.743 	33.523457
0.744 	34.430767
0.745 	35.334912
0.746 	36.526708
0.747 	36.194112
0.748 	36.831258
0.749 	36.777725
0.750 	33.804023
0.751 	30.888189
0.752 	32.561611
0.753 	34.692902
0.754 	34.400932
0.755 	33.601867
0.756 	34.344654
0.757 	35.428878
0.758 	34.179528
0.759 	33.532556
0.760 	33.403613
0.761 	33.491571
0.762 	35.423378
0.763 	36.335004
0.764 	34.886833
0.765 	33.955021
0.766 	32.951910
0.767 	33.149252
0.768 	33.795267
0.769 	33.205412
0.770 	33.438213
0.771 	34.477078
0.772 	35.647823
0.773 	34.924204
0.774 	33.444155
0.775 	32.784581
0.776 	32.765110
0.777 	33.919329
0.778 	34.838875
0.779 	34.850878
0.780 	34.390265
0.781 	34.386705
0.782 	34.231929
0.783 	34.004919
0.784 	34.268647
0.785 	33.600511
0.786 	31.945001
0.787 	31.913104
0.788 	32.582953
0.789 	33.153702
0.790 	34.467856
0.791 	35.198241
0.792 	34.156714
0.793 	32.518840
0.794 	31.943813
0.795 	31.988562
0.796 	32.391226
0.797 	33.624144
0.798 	34.861690
0.799 	33.318369
0.800 	32.293008
0.801 	33.844245
0.802 	34.753728
0.803 	34.016968
0.804 	33.280923
0.805 	32.998257
0.806 	33.097100
0.807 	33.499130
0.808 	33.830569
0.809 	34.435024
0.810 	34.761770
0.811 	34.033004
0.812 	32.600014
0.813 	31.055456
0.814 	31.471517
0.815 	33.136346
0.816 	33.204533
0.817 	32.525287
0.818 	33.112993
0.819 	33.798152
0.820 	33.775089
0.821 	34.100955
0.822 	34.150494
0.823 	33.901666
0.824 	33.993185
0.825 	34.299421
0.826 	33.907436
0.827 	32.930940
0.828 	32.492410
0.829 	32.876963
0.830 	33.414150
0.831 	33.417988
0.832 	33.062121
0.833 	32.831167
0.834 	32.410458
0.835 	31.949651
0.836 	31.914154
0.837 	32.370206
0.838 	32.822025
0.839 	32.018540
0.840 	30.642676
0.841 	31.181184
0.842 	33.403048
0.843 	34.217735
0.844 	33.105024
0.845 	32.353026
0.846 	32.200925
0.847 	31.999159
0.848 	32.341586
0.849 	33.429885
0.850 	33.694354
0.851 	32.997058
0.852 	32.805520
0.853 	33.166437
0.854 	33.261380
0.855 	32.797913
0.856 	32.557308
0.857 	32.329469
0.858 	31.838786
0.859 	32.308536
0.860 	33.653266
0.861 	33.975990
0.862 	32.846287
0.863 	31.775008
0.864 	31.607538
0.865 	31.933418
0.866 	32.419377
0.867 	33.031899
0.868 	33.393358
0.869 	33.392463
0.870 	33.394857
0.871 	33.294651
0.872 	32.690465
0.873 	32.089645
0.874 	32.253331
0.875 	32.409623
0.876 	31.815284
0.877 	31.249166
0.878 	30.993012
0.879 	30.747734
0.880 	30.737425
0.881 	31.075205
0.882 	31.677987
0.883 	32.707084
0.884 	33.723935
0.885 	33.681878
0.886 	32.576704
0.887 	31.868997
0.888 	31.992903
0.889 	31.625564
0.890 	30.185093
0.891 	29.493680
0.892 	30.740362
0.893 	32.441801
0.894 	32.842508
0.895 	32.229039
0.896 	31.659418
0.897 	31.591423
0.898 	31.308159
0.899 	30.341924
0.900 	29.451886
0.901 	29.415428
0.902 	30.233057
0.903 	31.679707
0.904 	33.034633
0.905 	33.731832
0.906 	33.573107
0.907 	32.883348
0.908 	31.999532
0.909 	31.863777
0.910 	32.137972
0.911 	31.746377
0.912 	31.271332
0.913 	30.988470
0.914 	30.916817
0.915 	31.403657
0.916 	32.035678
0.917 	31.729101
0.918 	30.270040
0.919 	28.966130
0.920 	29.281321
0.921 	30.990382
0.922 	32.250287
0.923 	32.046841
0.924 	30.588545
0.925 	29.615746
0.926 	29.686782
0.927 	29.682931
0.928 	29.193147
0.929 	29.563202
0.930 	30.575797
0.931 	31.289176
0.932 	31.387701
0.933 	30.759935
0.934 	30.575055
0.935 	31.811349
0.936 	32.508762
0.937 	31.474612
0.938 	30.350322
0.939 	30.378861
0.940 	31.018707
0.941 	30.773170
0.942 	30.294723
0.943 	29.674711
0.944 	29.813339
0.945 	30.398602
0.946 	30.695387
0.947 	30.627310
0.948 	29.993682
0.949 	29.106289
0.950 	28.570901
0.951 	27.622899
0.952 	27.298541
0.953 	28.314467
0.954 	29.499723
0.955 	30.330853
0.956 	30.298177
0.957 	29.999784
0.958 	29.701170
0.959 	29.119085
0.960 	28.276515
0.961 	27.631252
0.962 	27.435931
0.963 	27.721967
0.964 	28.138791
0.965 	27.386885
0.966 	27.036564
0.967 	27.754742
0.968 	28.469399
0.969 	27.934458
0.970 	27.985117
0.971 	28.116191
0.972 	28.037748
0.973 	28.389824
0.974 	28.379464
0.975 	28.018231
0.976 	27.165043
0.977 	26.744440
0.978 	27.937639
0.979 	28.653946
0.980 	28.306077
0.981 	28.365780
0.982 	28.073699
0.983 	27.872277
0.984 	27.438590
0.985 	26.498678
0.986 	26.999965
0.987 	28.476791
0.988 	29.053102
0.989 	29.360128
0.990 	29.165603
0.991 	27.998172
0.992 	27.196936
0.993 	26.766144
0.994 	26.977273
0.995 	28.054339
0.996 	28.668684
0.997 	27.631114
0.998 	27.145319
0.999 	27.504336
1.000 	26.680068
1.001 	26.364532
1.002 	26.542138
1.003 	26.309356
1.004 	27.850785
1.005 	29.835456
1.006 	29.299549
1.007 	27.610160
1.008 	26.952123
1.009 	27.759469
1.010 	28.981806
1.011 	28.411729
1.012 	27.311513
1.013 	26.681625
1.014 	27.029026
1.015 	27.550920
1.016 	27.261227
1.017 	26.833120
1.018 	27.379944
1.019 	28.430693
1.020 	27.945978
1.021 	26.613711
1.022 	26.363215
1.023 	27.616602
1.024 	28.263372
1.025 	28.403548
1.026 	28.819525
1.027 	27.948963
1.028 	26.570998
1.029 	27.132534
1.030 	28.053551
1.031 	28.162972
1.032 	28.635807
1.033 	28.942284
1.034 	28.768112
1.035 	28.539707
1.036 	27.852539
1.037 	27.035754
1.038 	27.222732
1.039 	27.662075
1.040 	27.788214
1.041 	27.903230
1.042 	27.333866
1.043 	27.208564
1.044 	27.758693
1.045 	27.941966
1.046 	27.750332
1.047 	27.928776
1.048 	27.830374
1.049 	27.158398
1.050 	27.638510
1.051 	28.492032
1.052 	28.956654
1.053 	29.484177
1.054 	29.455478
1.055 	29.495855
1.056 	29.102811
1.057 	27.716911
1.058 	27.608638
1.059 	28.606667
1.060 	28.634394
1.061 	28.091390
1.062 	28.489203
1.063 	29.697797
1.064 	29.805967
1.065 	28.486932
1.066 	27.811949
1.067 	27.794943
1.068 	27.646989
1.069 	27.698792
1.070 	28.041260
1.071 	28.654345
1.072 	29.238541
1.073 	29.823175
1.074 	29.738663
1.075 	28.746308
1.076 	27.813597
1.077 	27.587761
1.078 	27.865000
1.079 	27.677703
1.080 	27.395268
1.081 	28.460415
1.082 	29.466244
1.083 	29.256791
1.084 	29.178794
1.085 	29.223838
1.086 	28.127891
1.087 	26.925490
1.088 	26.674958
1.089 	27.071784
1.090 	27.710850
1.091 	27.990247
1.092 	27.870226
1.093 	27.707958
1.094 	27.274722
1.095 	26.511356
1.096 	26.433449
1.097 	27.973537
1.098 	29.602782
1.099 	29.525942
1.100 	28.644138
1.101 	28.196926
1.102 	28.026524
1.103 	27.613711
1.104 	27.175242
1.105 	27.377783
1.106 	27.982540
1.107 	28.391836
1.108 	28.442476
1.109 	28.680208
1.110 	28.964978
1.111 	28.007405
1.112 	26.465246
1.113 	26.625582
1.114 	27.865626
1.115 	28.020279
1.116 	27.461640
1.117 	27.420234
1.118 	27.887181
1.119 	28.116879
1.120 	27.745766
1.121 	27.141782
1.122 	26.802112
1.123 	26.866217
1.124 	27.056152
1.125 	27.221658
1.126 	27.042054
1.127 	26.374521
1.128 	25.689942
1.129 	25.640178
1.130 	26.247871
1.131 	26.848772
1.132 	26.942982
1.133 	26.192539
1.134 	24.673438
1.135 	23.751875
1.136 	24.551630
1.137 	25.882517
1.138 	26.350073
1.139 	25.865166
1.140 	25.605450
1.141 	26.116049
1.142 	26.319148
1.143 	26.000362
1.144 	25.656773
1.145 	25.254611
1.146 	24.402745
1.147 	23.086928
1.148 	22.244512
1.149 	23.143783
1.150 	24.645194
1.151 	25.205367
1.152 	25.268529
1.153 	24.980642
1.154 	23.805486
1.155 	22.316345
1.156 	22.338244
1.157 	24.090969
1.158 	25.380746
1.159 	25.014821
1.160 	23.790524
1.161 	22.830392
1.162 	22.630528
1.163 	22.853108
1.164 	23.153247
1.165 	23.629579
1.166 	24.334634
1.167 	24.746908
1.168 	24.707710
1.169 	24.109300
1.170 	23.294304
1.171 	22.994700
1.172 	23.342742
1.173 	23.573020
1.174 	23.126104
1.175 	22.574599
1.176 	21.800169
1.177 	20.953164
1.178 	21.373252
1.179 	23.030496
1.180 	23.716197
1.181 	22.520121
1.182 	20.704941
1.183 	20.169389
1.184 	21.754148
1.185 	23.228454
1.186 	23.320715
1.187 	22.952773
1.188 	23.144913
1.189 	23.751841
1.190 	23.952800
1.191 	23.327116
1.192 	22.439095
1.193 	22.075549
1.194 	22.054706
1.195 	21.957244
1.196 	22.384260
1.197 	22.976976
1.198 	23.076596
1.199 	22.923875
1.200 	22.523027
1.201 	21.930761
1.202 	21.993030
1.203 	22.811826
1.204 	23.570768
1.205 	23.909073
1.206 	23.983800
1.207 	23.911429
1.208 	23.799706
1.209 	23.904369
1.210 	23.946180
1.211 	22.957331
1.212 	21.490039
1.213 	21.238331
1.214 	21.704058
1.215 	21.541331
1.216 	21.568743
1.217 	22.131159
1.218 	22.227686
1.219 	21.870881
1.220 	22.019759
1.221 	22.498253
1.222 	22.855305
1.223 	22.904451
1.224 	22.794305
1.225 	23.236078
1.226 	23.757732
1.227 	23.568705
1.228 	23.184370
1.229 	23.082165
1.230 	23.518277
1.231 	24.102327
1.232 	23.732475
1.233 	22.653716
1.234 	22.770430
1.235 	24.524847
1.236 	25.441301
1.237 	24.404453
1.238 	22.481631
1.239 	21.949794
1.240 	23.055057
1.241 	23.610714
1.242 	22.961995
1.243 	22.461131
1.244 	22.978745
1.245 	23.296715
1.246 	22.764613
1.247 	22.606380
1.248 	23.256087
1.249 	24.393039
1.250 	24.678225
1.251 	23.276025
1.252 	22.165376
1.253 	22.206333
1.254 	22.626311
1.255 	23.153782
1.256 	23.929797
1.257 	24.643551
1.258 	25.004776
1.259 	24.940742
1.260 	24.714782
1.261 	24.436339
1.262 	24.257945
1.263 	24.481944
1.264 	24.806660
1.265 	24.603376
1.266 	23.901005
1.267 	23.222085
1.268 	23.228611
1.269 	23.406276
1.270 	22.973990
1.271 	22.359414
1.272 	22.333790
1.273 	23.002195
1.274 	23.352605
1.275 	23.464004
1.276 	24.665506
1.277 	26.072324
1.278 	25.991801
1.279 	24.662642
1.280 	23.588943
1.281 	23.525589
1.282 	24.326843
1.283 	25.348637
1.284 	25.347728
1.285 	24.220246
1.286 	23.001644
1.287 	23.144517
1.288 	24.086715
1.289 	24.633951
1.290 	24.315982
1.291 	23.400402
1.292 	22.173895
1.293 	21.416208
1.294 	21.394494
1.295 	21.935600
1.296 	22.397077
1.297 	22.187227
1.298 	21.683906
1.299 	22.018829
1.300 	23.004651
1.301 	23.920365
1.302 	24.895527
1.303 	25.335402
1.304 	24.814250
1.305 	24.123344
1.306 	22.834861
1.307 	21.006053
1.308 	20.223669
1.309 	21.761029
1.310 	23.602882
1.311 	23.626434
1.312 	21.998076
1.313 	21.314863
1.314 	21.976677
1.315 	22.363283
1.316 	22.294623
1.317 	22.486534
1.318 	23.150118
1.319 	23.383926
1.320 	22.660903
1.321 	22.215007
1.322 	22.346278
1.323 	22.272551
1.324 	21.192028
1.325 	19.662868
1.326 	19.486563
1.327 	20.058743
1.328 	19.884482
1.329 	19.213048
1.330 	19.192944
1.331 	20.075999
1.332 	20.942808
1.333 	21.577445
1.334 	21.606106
1.335 	20.873252
1.336 	20.317913
1.337 	20.713171
1.338 	21.375330
1.339 	21.434324
1.340 	21.357673
1.341 	21.703958
1.342 	21.455439
1.343 	20.552803
1.344 	20.489462
1.345 	21.431978
1.346 	21.457050
1.347 	20.333333
1.348 	19.815978
1.349 	20.202074
1.350 	20.794033
1.351 	20.700811
1.352 	19.512133
1.353 	18.223535
1.354 	17.998624
1.355 	18.483669
1.356 	19.152272
1.357 	20.717837
1.358 	21.933965
1.359 	20.438732
1.360 	17.526687
1.361 	16.340814
1.362 	17.155988
1.363 	18.536221
1.364 	18.777106
1.365 	17.990223
1.366 	17.164596
1.367 	16.739119
1.368 	17.012673
1.369 	18.476344
1.370 	20.097642
1.371 	20.183597
1.372 	19.251995
1.373 	18.778494
1.374 	18.364103
1.375 	17.380546
1.376 	16.757326
1.377 	17.542138
1.378 	18.701806
1.379 	18.647646
1.380 	17.417982
1.381 	15.971793
1.382 	15.501744
1.383 	15.816757
1.384 	15.504469
1.385 	14.693112
1.386 	14.479702
1.387 	14.924476
1.388 	15.548258
1.389 	16.087860
1.390 	15.817961
1.391 	15.060853
1.392 	15.286017
1.393 	15.761602
1.394 	15.112011
1.395 	13.477232
1.396 	12.058523
1.397 	11.739880
1.398 	12.812754
1.399 	14.149239
1.400 	13.832453
1.401 	13.116267
1.402 	13.751782
1.403 	14.599990
1.404 	14.460370
1.405 	13.505493
1.406 	12.462086
1.407 	11.806252
1.408 	11.228884
1.409 	11.449677
1.410 	13.045477
1.411 	14.428690
1.412 	14.376121
1.413 	13.768062
1.414 	13.310998
1.415 	13.163835
1.416 	12.696452
1.417 	12.036597
1.418 	12.345929
1.419 	12.958921
1.420 	12.657465
1.421 	11.775354
1.422 	10.859335
1.423 	10.804962
1.424 	11.971284
1.425 	12.516930
1.426 	12.524693
1.427 	12.801212
1.428 	12.537115
1.429 	12.286827
1.430 	12.546514
1.431 	12.417090
1.432 	11.671550
1.433 	11.362866
1.434 	12.256432
1.435 	13.516210
1.436 	14.100023
1.437 	14.395539
1.438 	14.670063
1.439 	14.541176
1.440 	13.682808
1.441 	13.096101
1.442 	13.749719
1.443 	14.945218
1.444 	15.220533
1.445 	14.443083
1.446 	14.337293
1.447 	15.454587
1.448 	15.625167
1.449 	13.623934
1.450 	11.642739
1.451 	10.976911
1.452 	10.677947
1.453 	10.159127
1.454 	9.893957
1.455 	10.295031
1.456 	11.102128
1.457 	11.883404
1.458 	12.371721
1.459 	11.882115
1.460 	10.183565
1.461 	8.699154
1.462 	8.105797
1.463 	8.199365
1.464 	10.165290
1.465 	13.892360
1.466 	15.807398
1.467 	14.056272
1.468 	11.585817
1.469 	12.131045
1.470 	15.496304
1.471 	17.391517
1.472 	15.007443
1.473 	11.334214
1.474 	10.035626
1.475 	10.240303
1.476 	10.486481
1.477 	11.307433
1.478 	13.511647
1.479 	15.683528
1.480 	16.557878
1.481 	16.900637
1.482 	17.170559
1.483 	16.331135
1.484 	13.630432
1.485 	11.435849
1.486 	11.279007
1.487 	11.506020
1.488 	11.502606
1.489 	11.815193
1.490 	12.136470
1.491 	11.659743
1.492 	11.546486
1.493 	12.713146
1.494 	12.885888
1.495 	11.129106
1.496 	9.914114
1.497 	11.139272
1.498 	14.244118
1.499 	16.574826
1.500 	16.832180
1.501 	15.895893
1.502 	14.155004
1.503 	11.635802
1.504 	10.518799
1.505 	12.314627
1.506 	14.135081
1.507 	13.878429
1.508 	13.435949
1.509 	14.346533
1.510 	14.879718
1.511 	14.638116
1.512 	13.427008
1.513 	10.916219
1.514 	10.222244
1.515 	12.537230
1.516 	13.853911
1.517 	13.208082
1.518 	14.146160
1.519 	15.876496
1.520 	15.510920
1.521 	14.432704
1.522 	14.701885
1.523 	15.215059
1.524 	14.781970
1.525 	14.092510
1.526 	14.136329
1.527 	15.398294
1.528 	16.347281
1.529 	15.424401
1.530 	13.476821
1.531 	11.596189
1.532 	10.463158
1.533 	10.902575
1.534 	12.000738
1.535 	12.198426
1.536 	12.799098
1.537 	13.241657
1.538 	12.570259
1.539 	13.131702
1.540 	14.791791
1.541 	15.641046
1.542 	16.509724
1.543 	16.822782
1.544 	15.401503
1.545 	13.886086
1.546 	12.647083
1.547 	12.989462
1.548 	16.395001
1.549 	19.362995
1.550 	18.361320
1.551 	14.750504
1.552 	12.397217
1.553 	12.293576
1.554 	13.294810
1.555 	13.564475
1.556 	12.461815
1.557 	12.026767
1.558 	13.723583
1.559 	15.443664
1.560 	16.067855
1.561 	17.660076
1.562 	18.195389
1.563 	15.334928
1.564 	11.300784
1.565 	9.439494
1.566 	12.671329
1.567 	16.462545
1.568 	17.323715
1.569 	15.863779
1.570 	16.122624
1.571 	18.327533
1.572 	19.329290
1.573 	18.081052
1.574 	15.384121
1.575 	11.939460
1.576 	11.249085
1.577 	13.251593
1.578 	17.526587
1.579 	20.473946
1.580 	19.239642
1.581 	16.162312
1.582 	13.915408
1.583 	12.911285
1.584 	12.843516
1.585 	14.440082
1.586 	16.754054
1.587 	15.774752
1.588 	14.542027
1.589 	14.129591
1.590 	13.358773
1.591 	14.739888
1.592 	16.537561
1.593 	17.979057
1.594 	18.387168
1.595 	16.664370
1.596 	15.845250
1.597 	16.654602
1.598 	16.745033
1.599 	18.016776
1.600 	18.985510
1.601 	18.759941
1.602 	17.763973
1.603 	15.827470
1.604 	14.233016
1.605 	15.138608
1.606 	15.929887
1.607 	16.282930
1.608 	18.609529
1.609 	19.243569
1.610 	17.959436
1.611 	15.636496
1.612 	15.504145
1.613 	17.087576
1.614 	17.410441
1.615 	19.243914
1.616 	19.176642
1.617 	17.114840
1.618 	16.226273
1.619 	15.011620
1.620 	15.760141
1.621 	16.219647
1.622 	13.457287
1.623 	13.933799
1.624 	17.905045
1.625 	20.863895
1.626 	19.433843
1.627 	14.543905
1.628 	12.855125
1.629 	15.793309
1.630 	17.797917
1.631 	15.502056
1.632 	15.423600
1.633 	19.805063
1.634 	20.748754
1.635 	19.204047
1.636 	16.215713
1.637 	14.542612
1.638 	15.313393
1.639 	17.772169
1.640 	20.288161
1.641 	19.583044
1.642 	17.147882
1.643 	17.230618
1.644 	19.962993
1.645 	20.916168
1.646 	20.203611
1.647 	20.708285
1.648 	20.827415
1.649 	16.027026
1.650 	11.676812
1.651 	16.155156
1.652 	18.370415
1.653 	14.847183
1.654 	11.819569
1.655 	15.420170
1.656 	19.064955
1.657 	20.171520
1.658 	19.762965
1.659 	17.691982
1.660 	15.971293
1.661 	15.656505
1.662 	20.472058
1.663 	21.070001
1.664 	11.754343
1.665 	12.270120
1.666 	18.051262
1.667 	19.655705
1.668 	19.146361
1.669 	20.087571
1.670 	19.610098
1.671 	19.000360
1.672 	13.292673
1.673 	8.240893
1.674 	6.861626
1.675 	13.328379
1.676 	22.021084
1.677 	25.054191
1.678 	16.794215
1.679 	14.877478
1.680 	18.165971
1.681 	19.064282
1.682 	25.930377
1.683 	19.261444
1.684 	11.580791
1.685 	19.445507
1.686 	22.170059
1.687 	24.739273
1.688 	17.867377
1.689 	10.168242
1.690 	8.721493
1.691 	22.887606
1.692 	43.765169
1.693 	33.172139
1.694 	19.176196
1.695 	11.661684
1.696 	13.717378
1.697 	40.869838
1.698 	33.223684
1.699 	5.318387
1.700 	-1.953622
