0.66 38.0
0.661 40.317
0.662 40.831
0.663 46.386
0.664 39.762
0.665 38.876
0.666 45.423
0.667 42.534
0.668 39.25
0.669 40.716
0.67 40.701
0.671 42.751
0.672 41.121
0.673 40.856
0.674 44.877
0.675 42.485
0.676 42.928
0.677 42.1
0.678 43.406
0.679 41.113
0.68 39.83
0.681 40.67
0.682 39.524
0.683 38.419
0.684 42.134
0.685 39.928
0.686 42.805
0.687 39.356
0.688 40.63
0.689 39.639
0.69 40.373
0.691 40.704
0.692 40.342
0.693 37.366
0.694 38.857
0.695 40.227
0.696 41.379
0.697 37.075
0.698 37.249
0.699 36.907
0.7 37.461
0.701 41.445
0.702 39.91
0.703 37.964
0.704 37.975
0.705 38.168
0.706 39.828
0.707 40.971
0.708 37.251
0.709 38.266
0.71 37.957
0.711 35.527
0.712 36.71
0.713 38.169
0.714 37.575
0.715 37.492
0.716 38.487
0.717 40.882
0.718 39.818
0.719 36.381
0.72 35.663
0.721 36.117
0.722 37.319
0.723 38.528
0.724 36.813
0.725 37.598
0.726 39.806
0.727 38.872
0.728 34.543
0.729 34.825
0.73 36.288
0.731 36.417
0.732 37.925
0.733 37.564
0.734 36.743
0.735 36.214
0.736 35.489
0.737 35.987
0.738 36.323
0.739 35.132
0.74 36.399
0.741 37.589
0.742 37.385
0.743 37.645
0.744 37.068
0.745 33.722
0.746 32.577
0.747 34.513
0.748 35.142
0.749 34.701
0.75 35.577
0.751 37.149
0.752 37.971
0.753 35.165
0.754 34.28
0.755 36.145
0.756 36.855
0.757 35.271
0.758 33.367
0.759 33.934
0.76 36.996
0.761 36.892
0.762 35.397
0.763 35.251
0.764 35.345
0.765 35.795
0.766 36.608
0.767 36.14
0.768 35.414
0.769 35.586
0.77 36.209
0.771 35.106
0.772 34.046
0.773 34.451
0.774 35.062
0.775 34.931
0.776 35.494
0.777 35.773
0.778 33.986
0.779 34.135
0.78 34.836
0.781 34.555
0.782 34.773
0.783 34.4
0.784 33.996
0.785 33.933
0.786 33.888
0.787 34.364
0.788 35.835
0.789 36.054
0.79 35.052
0.791 35.056
0.792 34.738
0.793 34.172
0.794 34.493
0.795 36.208
0.796 36.706
0.797 35.862
0.798 35.116
0.799 34.311
0.8 33.458
0.801 32.958
0.802 34.18
0.803 35.037
0.804 34.876
0.805 35.096
0.806 34.875
0.807 34.702
0.808 35.181
0.809 34.982
0.81 34.281
0.811 32.996
0.812 32.674
0.813 33.574
0.814 34.561
0.815 34.886
0.816 34.733
0.817 34.731
0.818 34.271
0.819 33.307
0.82 33.121
0.821 33.096
0.822 32.122
0.823 32.986
0.824 35.353
0.825 36.096
0.826 34.651
0.827 33.011
0.828 32.987
0.829 33.486
0.83 33.474
0.831 33.913
0.832 34.547
0.833 34.292
0.834 34.105
0.835 34.191
0.836 34.588
0.837 34.806
0.838 33.56
0.839 32.72
0.84 33.171
0.841 33.296
0.842 32.785
0.843 32.411
0.844 32.588
0.845 33.84
0.846 34.76
0.847 34.334
0.848 33.999
0.849 34.35
0.85 34.234
0.851 33.723
0.852 33.963
0.853 34.435
0.854 33.843
0.855 33.224
0.856 33.117
0.857 33.025
0.858 32.719
0.859 32.14
0.86 32.394
0.861 33.093
0.862 33.082
0.863 32.795
0.864 32.725
0.865 32.872
0.866 33.345
0.867 33.404
0.868 32.242
0.869 31.289
0.87 31.842
0.871 33.031
0.872 33.796
0.873 33.887
0.874 32.906
0.875 31.592
0.876 31.594
0.877 31.943
0.878 31.74
0.879 31.597
0.88 31.671
0.881 32.408
0.882 33.241
0.883 33.414
0.884 33.139
0.885 32.682
0.886 31.997
0.887 31.885
0.888 32.754
0.889 32.789
0.89 31.885
0.891 32.04
0.892 32.486
0.893 32.147
0.894 32.042
0.895 32.969
0.896 33.902
0.897 33.265
0.898 31.772
0.899 30.633
0.9 29.71
0.901 29.63
0.902 30.78
0.903 31.474
0.904 31.237
0.905 31.228
0.906 31.701
0.907 32.387
0.908 33.011
0.909 32.87
0.91 32.069
0.911 31.107
0.912 30.497
0.913 31.02
0.914 31.987
0.915 32.492
0.916 32.724
0.917 32.114
0.918 31.174
0.919 30.491
0.92 30.243
0.921 30.601
0.922 30.83
0.923 30.952
0.924 31.109
0.925 30.499
0.926 29.916
0.927 30.487
0.928 31.307
0.929 30.968
0.93 30.073
0.931 30.114
0.932 31.116
0.933 31.632
0.934 30.578
0.935 30.108
0.936 30.896
0.937 31.459
0.938 31.378
0.939 30.698
0.94 30.291
0.941 30.134
0.942 30.25
0.943 29.804
0.944 28.925
0.945 28.115
0.946 28.267
0.947 29.049
0.948 29.735
0.949 30.702
0.95 31.798
0.951 31.6
0.952 30.604
0.953 29.098
0.954 28.133
0.955 28.87
0.956 29.18
0.957 28.21
0.958 27.534
0.959 28.038
0.96 28.949
0.961 29.041
0.962 27.969
0.963 27.824
0.964 28.493
0.965 28.708
0.966 28.364
0.967 28.358
0.968 28.576
0.969 28.449
0.97 27.525
0.971 27.01
0.972 26.899
0.973 27.065
0.974 27.693
0.975 27.403
0.976 28.328
0.977 29.138
0.978 27.886
0.979 26.474
0.98 27.2
0.981 28.026
0.982 28.312
0.983 27.525
0.984 26.653
0.985 27.296
0.986 28.099
0.987 27.664
0.988 27.443
0.989 27.3
0.99 27.634
0.991 28.595
0.992 27.384
0.993 26.3
0.994 27.251
0.995 27.637
0.996 27.021
0.997 26.863
0.998 27.22
0.999 26.843
1.0 26.572
1.001 26.637
1.002 26.539
1.003 26.741
1.004 27.255
1.005 28.096
1.006 27.696
1.007 26.698
1.008 27.387
1.009 28.287
1.01 28.44
1.011 28.377
1.012 27.082
1.013 25.617
1.014 26.632
1.015 27.618
1.016 27.221
1.017 27.215
1.018 27.591
1.019 27.323
1.02 26.081
1.021 25.027
1.022 25.504
1.023 26.231
1.024 27.271
1.025 27.757
1.026 27.833
1.027 27.572
1.028 27.116
1.029 26.918
1.03 27.093
1.031 27.839
1.032 28.594
1.033 27.796
1.034 26.919
1.035 26.942
1.036 26.974
1.037 27.024
1.038 27.505
1.039 27.437
1.04 27.013
1.041 26.352
1.042 27.004
1.043 27.953
1.044 27.569
1.045 26.851
1.046 26.704
1.047 26.462
1.048 26.105
1.049 26.276
1.05 27.535
1.051 28.496
1.052 27.905
1.053 26.633
1.054 26.904
1.055 27.713
1.056 27.417
1.057 27.382
1.058 28.447
1.059 28.711
1.06 27.982
1.061 27.996
1.062 27.67
1.063 26.537
1.064 25.503
1.065 25.898
1.066 27.049
1.067 27.483
1.068 27.603
1.069 27.556
1.07 26.68
1.071 26.658
1.072 27.378
1.073 27.202
1.074 27.494
1.075 28.84
1.076 29.43
1.077 28.59
1.078 27.8
1.079 27.18
1.08 26.269
1.081 26.09
1.082 26.644
1.083 26.865
1.084 27.133
1.085 27.241
1.086 27.244
1.087 27.561
1.088 27.386
1.089 27.457
1.09 27.684
1.091 27.002
1.092 26.242
1.093 26.085
1.094 27.259
1.095 28.707
1.096 28.342
1.097 27.795
1.098 28.127
1.099 27.86
1.1 26.799
1.101 26.305
1.102 26.432
1.103 26.994
1.104 27.733
1.105 28.064
1.106 27.864
1.107 27.285
1.108 26.833
1.109 26.904
1.11 27.23
1.111 27.165
1.112 26.488
1.113 26.018
1.114 26.343
1.115 27.123
1.116 27.05
1.117 26.146
1.118 25.802
1.119 25.778
1.12 25.705
1.121 25.971
1.122 26.196
1.123 26.018
1.124 25.701
1.125 25.737
1.126 26.184
1.127 26.589
1.128 26.765
1.129 26.604
1.13 26.085
1.131 25.651
1.132 25.392
1.133 25.293
1.134 25.494
1.135 25.503
1.136 25.148
1.137 24.627
1.138 24.455
1.139 24.785
1.14 24.713
1.141 24.306
1.142 24.55
1.143 24.793
1.144 24.301
1.145 23.949
1.146 23.673
1.147 23.342
1.148 23.489
1.149 23.659
1.15 23.751
1.151 24.061
1.152 24.225
1.153 23.92
1.154 23.363
1.155 22.727
1.156 22.494
1.157 22.989
1.158 23.626
1.159 23.594
1.16 22.926
1.161 22.493
1.162 22.64
1.163 22.593
1.164 22.389
1.165 22.695
1.166 23.349
1.167 23.992
1.168 24.076
1.169 23.117
1.17 22.44
1.171 22.792
1.172 23.266
1.173 22.926
1.174 22.163
1.175 21.884
1.176 22.34
1.177 23.134
1.178 23.415
1.179 22.977
1.18 22.898
1.181 23.802
1.182 24.69
1.183 24.44
1.184 23.346
1.185 22.777
1.186 22.803
1.187 22.681
1.188 22.431
1.189 22.444
1.19 22.506
1.191 22.439
1.192 22.462
1.193 22.552
1.194 22.752
1.195 22.698
1.196 22.302
1.197 21.892
1.198 21.844
1.199 22.627
1.2 23.333
1.201 22.817
1.202 22.1
1.203 22.263
1.204 22.877
1.205 23.069
1.206 22.428
1.207 21.681
1.208 21.986
1.209 23.072
1.21 23.741
1.211 23.715
1.212 23.434
1.213 23.122
1.214 22.831
1.215 22.153
1.216 21.764
1.217 22.427
1.218 23.169
1.219 23.718
1.22 23.675
1.221 22.809
1.222 22.161
1.223 22.095
1.224 22.272
1.225 22.709
1.226 23.547
1.227 24.388
1.228 24.325
1.229 23.539
1.23 23.151
1.231 23.41
1.232 23.504
1.233 23.3
1.234 23.25
1.235 23.361
1.236 23.485
1.237 24.008
1.238 24.783
1.239 24.756
1.24 23.85
1.241 23.184
1.242 23.36
1.243 23.753
1.244 23.591
1.245 22.834
1.246 21.663
1.247 21.775
1.248 23.551
1.249 24.774
1.25 24.418
1.251 23.787
1.252 23.736
1.253 23.852
1.254 23.963
1.255 23.927
1.256 23.649
1.257 23.656
1.258 24.123
1.259 24.22
1.26 23.895
1.261 24.26
1.262 25.091
1.263 25.329
1.264 24.546
1.265 23.159
1.266 22.255
1.267 22.584
1.268 23.419
1.269 23.35
1.27 22.791
1.271 23.089
1.272 23.908
1.273 24.473
1.274 24.959
1.275 25.556
1.276 25.777
1.277 25.158
1.278 23.871
1.279 23.033
1.28 23.084
1.281 23.864
1.282 25.0
1.283 25.279
1.284 23.953
1.285 21.864
1.286 21.314
1.287 22.391
1.288 23.366
1.289 23.268
1.29 22.817
1.291 23.047
1.292 23.787
1.293 23.985
1.294 23.549
1.295 23.026
1.296 22.825
1.297 22.948
1.298 23.312
1.299 23.209
1.3 22.623
1.301 22.399
1.302 22.748
1.303 24.07
1.304 25.304
1.305 25.079
1.306 23.736
1.307 22.456
1.308 21.733
1.309 21.484
1.31 21.438
1.311 21.316
1.312 21.516
1.313 22.091
1.314 22.581
1.315 22.346
1.316 21.444
1.317 20.868
1.318 21.461
1.319 22.596
1.32 22.74
1.321 21.696
1.322 20.576
1.323 20.99
1.324 22.724
1.325 23.836
1.326 23.164
1.327 21.841
1.328 21.069
1.329 20.813
1.33 20.9
1.331 20.454
1.332 19.023
1.333 18.325
1.334 19.421
1.335 21.148
1.336 21.417
1.337 20.455
1.338 19.901
1.339 20.021
1.34 20.098
1.341 19.99
1.342 20.057
1.343 20.283
1.344 20.532
1.345 20.516
1.346 19.715
1.347 18.31
1.348 17.642
1.349 17.667
1.35 17.548
1.351 17.508
1.352 17.636
1.353 17.875
1.354 18.409
1.355 18.62
1.356 17.974
1.357 17.739
1.358 18.638
1.359 19.442
1.36 19.674
1.361 19.933
1.362 19.593
1.363 18.603
1.364 18.597
1.365 19.156
1.366 18.317
1.367 16.783
1.368 16.055
1.369 15.934
1.37 15.711
1.371 15.459
1.372 16.133
1.373 17.799
1.374 18.557
1.375 17.168
1.376 15.389
1.377 15.609
1.378 16.747
1.379 16.207
1.38 14.865
1.381 14.715
1.382 15.271
1.383 14.794
1.384 12.962
1.385 11.451
1.386 11.512
1.387 11.987
1.388 12.02
1.389 12.344
1.39 13.033
1.391 13.501
1.392 13.051
1.393 12.133
1.394 11.402
1.395 10.966
1.396 11.208
1.397 12.124
1.398 12.242
1.399 10.779
1.4 9.632
1.401 10.623
1.402 12.63
1.403 13.933
1.404 13.782
1.405 11.893
1.406 9.988
1.407 9.896
1.408 10.643
1.409 10.723
1.41 10.513
1.411 10.746
1.412 10.51
1.413 9.931
1.414 10.485
1.415 11.18
1.416 10.343
1.417 9.767
1.418 11.15
1.419 12.764
1.42 12.469
1.421 11.038
1.422 10.198
1.423 9.886
1.424 9.946
1.425 10.388
1.426 10.688
1.427 10.006
1.428 9.114
1.429 9.053
1.43 9.314
1.431 10.203
1.432 11.707
1.433 12.312
1.434 11.893
1.435 10.364
1.436 9.301
1.437 9.909
1.438 10.282
1.439 9.732
1.44 10.053
1.441 11.484
1.442 12.43
1.443 11.906
1.444 10.352
1.445 9.472
1.446 9.799
1.447 9.289
1.448 7.773
1.449 7.635
1.45 10.184
1.451 13.113
1.452 12.813
1.453 9.939
1.454 8.365
1.455 8.771
1.456 9.686
1.457 10.532
1.458 11.126
1.459 11.789
1.46 12.513
1.461 13.225
1.462 12.959
1.463 11.993
1.464 11.397
1.465 10.258
1.466 9.39
1.467 9.803
1.468 10.146
1.469 11.135
1.47 12.773
1.471 13.24
1.472 12.103
1.473 11.22
1.474 12.017
1.475 12.429
1.476 11.644
1.477 11.863
1.478 12.371
1.479 11.067
1.48 10.1
1.481 10.98
1.482 12.352
1.483 13.266
1.484 14.1
1.485 13.899
1.486 12.12
1.487 11.423
1.488 12.103
1.489 12.496
1.49 12.357
1.491 12.894
1.492 14.639
1.493 14.856
1.494 13.007
1.495 11.585
1.496 11.389
1.497 11.674
1.498 11.955
1.499 10.763
1.5 8.684
1.501 8.833
1.502 11.022
1.503 12.609
1.504 12.941
1.505 12.649
1.506 12.285
1.507 11.99
1.508 12.378
1.509 12.486
1.51 12.608
1.511 13.7
1.512 14.226
1.513 13.805
1.514 13.28
1.515 12.571
1.516 12.744
1.517 13.108
1.518 12.821
1.519 13.424
1.52 14.1
1.521 13.575
1.522 13.125
1.523 14.026
1.524 15.061
1.525 14.643
1.526 12.524
1.527 11.478
1.528 12.898
1.529 13.297
1.53 12.854
1.531 12.85
1.532 13.002
1.533 12.552
1.534 11.115
1.535 10.607
1.536 12.591
1.537 15.828
1.538 16.836
1.539 15.621
1.54 15.4
1.541 15.369
1.542 14.041
1.543 13.936
1.544 15.273
1.545 15.288
1.546 13.745
1.547 13.225
1.548 13.17
1.549 13.341
1.55 15.721
1.551 17.741
1.552 17.247
1.553 15.16
1.554 13.655
1.555 12.981
1.556 12.907
1.557 13.693
1.558 14.404
1.559 15.123
1.56 15.422
1.561 15.084
1.562 14.546
1.563 15.7
1.564 16.612
1.565 14.971
1.566 12.406
1.567 13.317
1.568 16.66
1.569 16.358
1.57 14.469
1.571 14.821
1.572 13.921
1.573 13.699
1.574 15.685
1.575 15.906
1.576 15.717
1.577 16.724
1.578 16.991
1.579 16.146
1.58 16.189
1.581 15.388
1.582 14.957
1.583 15.756
1.584 17.121
1.585 18.496
1.586 19.382
1.587 18.375
1.588 15.987
1.589 16.295
1.59 16.854
1.591 15.018
1.592 14.582
1.593 15.697
1.594 16.79
1.595 16.267
1.596 13.972
1.597 14.536
1.598 15.3
1.599 16.838
1.6 18.759
1.601 16.483
1.602 13.728
1.603 13.77
1.604 15.665
1.605 17.461
1.606 16.651
1.607 16.532
1.608 17.45
1.609 17.81
1.61 17.914
1.611 20.0
1.612 19.478
1.613 15.769
1.614 13.783
1.615 13.45
1.616 13.634
1.617 16.423
1.618 19.642
1.619 18.809
1.62 19.52
1.621 20.875
1.622 17.02
1.623 12.353
1.624 14.138
1.625 17.559
1.626 18.296
1.627 16.381
1.628 17.448
1.629 17.227
1.63 14.562
1.631 15.446
1.632 18.747
1.633 17.878
1.634 16.976
1.635 16.907
1.636 18.35
1.637 17.65
1.638 17.266
1.639 18.216
1.64 15.06
1.641 14.876
1.642 15.359
1.643 15.88
1.644 14.537
1.645 17.269
1.646 17.328
1.647 17.689
1.648 21.812
1.649 21.862
1.65 17.51
1.651 16.821
1.652 17.139
1.653 13.206
1.654 15.483
1.655 18.083
1.656 18.024
1.657 17.481
1.658 17.518
1.659 17.25
1.66 15.282
1.661 18.003
1.662 21.677
1.663 15.618
1.664 12.887
1.665 8.443
1.666 9.697
1.667 15.527
1.668 16.052
1.669 13.246
1.67 13.755
1.671 11.709
1.672 16.115
1.673 15.399
1.674 6.161
1.675 11.122
1.676 18.79
1.677 18.605
1.678 15.099
1.679 13.47
1.68 19.03
1.681 12.567
1.682 13.307
1.683 15.708
1.684 16.667
1.685 17.107
1.686 8.503
1.687 13.732
1.688 14.983
1.689 24.691
1.69 20.62
1.691 21.429
1.692 18.644
1.693 16.318
1.694 26.955
1.695 15.983
1.696 3.632
1.697 -6.25
1.698 6.619
1.699 6.186
1.7 18.475
