0.660 	33.214912
0.661 	30.349556
0.662 	29.457250
0.663 	26.317920
0.664 	25.693936
0.665 	31.499199
0.666 	34.128189
0.667 	29.143043
0.668 	27.779974
0.669 	30.017207
0.670 	30.374829
0.671 	30.176825
0.672 	26.635933
0.673 	31.515285
0.674 	30.603231
0.675 	28.922274
0.676 	29.134838
0.677 	25.482178
0.678 	30.719091
0.679 	32.767601
0.680 	29.910514
0.681 	29.896055
0.682 	29.778405
0.683 	32.038706
0.684 	30.214938
0.685 	28.937784
0.686 	28.577844
0.687 	26.447262
0.688 	27.539733
0.689 	32.049732
0.690 	33.907176
0.691 	30.690932
0.692 	27.063218
0.693 	26.951307
0.694 	30.256468
0.695 	29.951960
0.696 	30.091524
0.697 	28.775631
0.698 	28.108858
0.699 	29.970432
0.700 	30.422481
0.701 	29.090670
0.702 	27.584953
0.703 	29.865895
0.704 	31.512598
0.705 	28.869489
0.706 	27.605212
0.707 	27.488503
0.708 	27.707339
0.709 	28.890793
0.710 	29.949133
0.711 	29.701094
0.712 	28.598526
0.713 	26.550980
0.714 	27.646726
0.715 	28.687539
0.716 	29.492643
0.717 	30.432754
0.718 	29.434548
0.719 	29.237334
0.720 	30.445808
0.721 	29.657873
0.722 	28.059161
0.723 	27.210903
0.724 	28.959119
0.725 	30.804766
0.726 	29.803035
0.727 	28.592562
0.728 	29.161708
0.729 	29.368379
0.730 	28.705237
0.731 	26.978941
0.732 	26.635614
0.733 	27.569654
0.734 	29.012518
0.735 	29.566367
0.736 	29.502561
0.737 	29.110169
0.738 	28.182971
0.739 	28.225140
0.740 	28.072467
0.741 	28.102538
0.742 	28.629799
0.743 	27.855525
0.744 	27.616379
0.745 	29.103933
0.746 	29.328337
0.747 	28.064630
0.748 	28.289250
0.749 	28.354425
0.750 	26.977002
0.751 	27.574747
0.752 	28.556078
0.753 	28.315496
0.754 	28.225359
0.755 	28.928561
0.756 	28.941544
0.757 	27.463506
0.758 	27.119470
0.759 	27.722572
0.760 	27.969474
0.761 	26.848547
0.762 	26.213009
0.763 	27.119295
0.764 	28.943238
0.765 	29.325742
0.766 	28.421791
0.767 	28.355114
0.768 	28.178905
0.769 	27.506301
0.770 	27.308020
0.771 	27.358675
0.772 	26.925657
0.773 	26.780845
0.774 	27.947581
0.775 	28.278469
0.776 	27.953097
0.777 	28.629980
0.778 	28.618169
0.779 	28.105643
0.780 	27.974080
0.781 	27.163410
0.782 	26.082343
0.783 	26.575577
0.784 	27.382421
0.785 	26.743308
0.786 	26.338896
0.787 	27.065219
0.788 	27.371642
0.789 	27.284223
0.790 	27.488566
0.791 	27.884348
0.792 	28.154379
0.793 	27.930110
0.794 	27.843993
0.795 	27.512726
0.796 	26.489505
0.797 	26.160540
0.798 	26.850070
0.799 	27.470601
0.800 	27.505340
0.801 	26.419382
0.802 	26.222835
0.803 	27.484677
0.804 	27.988643
0.805 	27.221869
0.806 	26.470258
0.807 	26.335174
0.808 	26.375329
0.809 	26.478504
0.810 	26.186821
0.811 	26.438017
0.812 	27.630246
0.813 	27.867365
0.814 	26.903584
0.815 	26.317339
0.816 	26.447064
0.817 	27.001404
0.818 	27.279636
0.819 	26.935761
0.820 	26.891059
0.821 	27.053635
0.822 	26.490755
0.823 	25.799483
0.824 	26.178421
0.825 	27.005237
0.826 	27.161341
0.827 	26.603493
0.828 	26.090075
0.829 	25.837439
0.830 	25.446767
0.831 	25.247398
0.832 	25.739046
0.833 	26.381365
0.834 	26.756637
0.835 	26.662326
0.836 	26.100806
0.837 	25.988046
0.838 	26.417002
0.839 	26.563340
0.840 	26.150531
0.841 	25.755569
0.842 	25.599126
0.843 	25.596678
0.844 	25.772741
0.845 	26.143825
0.846 	26.367096
0.847 	26.195109
0.848 	26.149318
0.849 	26.515540
0.850 	26.809374
0.851 	26.656580
0.852 	26.192863
0.853 	25.796590
0.854 	25.725228
0.855 	25.967568
0.856 	26.040021
0.857 	25.760636
0.858 	25.677959
0.859 	25.564888
0.860 	25.128565
0.861 	24.606086
0.862 	24.493147
0.863 	25.065459
0.864 	25.571412
0.865 	25.585790
0.866 	25.629370
0.867 	26.063328
0.868 	26.524170
0.869 	26.532850
0.870 	25.882284
0.871 	24.716645
0.872 	24.110947
0.873 	24.837276
0.874 	25.632988
0.875 	25.605409
0.876 	25.510876
0.877 	25.432814
0.878 	25.394240
0.879 	25.586319
0.880 	25.536587
0.881 	25.042735
0.882 	24.746416
0.883 	25.080605
0.884 	25.652969
0.885 	26.219964
0.886 	26.533887
0.887 	26.361222
0.888 	25.641618
0.889 	24.994042
0.890 	24.881404
0.891 	24.863789
0.892 	24.636291
0.893 	24.142112
0.894 	23.675732
0.895 	23.903086
0.896 	24.410929
0.897 	24.782305
0.898 	24.970958
0.899 	24.858566
0.900 	24.724412
0.901 	24.883613
0.902 	24.954682
0.903 	24.707772
0.904 	24.598995
0.905 	24.795266
0.906 	24.945759
0.907 	25.006784
0.908 	24.929630
0.909 	24.676901
0.910 	24.446862
0.911 	24.501065
0.912 	24.798993
0.913 	24.967002
0.914 	24.746358
0.915 	24.479533
0.916 	24.608332
0.917 	24.886968
0.918 	24.956708
0.919 	24.731316
0.920 	24.137142
0.921 	23.552997
0.922 	23.420777
0.923 	23.800783
0.924 	24.311732
0.925 	24.702617
0.926 	24.901109
0.927 	24.815955
0.928 	24.438294
0.929 	24.238603
0.930 	24.234591
0.931 	24.499779
0.932 	24.394826
0.933 	23.640582
0.934 	22.764011
0.935 	22.683775
0.936 	23.126610
0.937 	23.424254
0.938 	23.863986
0.939 	24.615561
0.940 	24.974428
0.941 	24.590671
0.942 	24.001830
0.943 	23.447680
0.944 	22.964841
0.945 	22.913565
0.946 	23.166272
0.947 	24.034245
0.948 	24.328583
0.949 	23.864724
0.950 	23.692501
0.951 	23.565362
0.952 	23.389951
0.953 	23.371303
0.954 	22.898210
0.955 	22.984501
0.956 	23.418484
0.957 	23.584769
0.958 	23.981778
0.959 	23.828791
0.960 	23.279200
0.961 	22.894027
0.962 	22.788722
0.963 	22.676609
0.964 	22.172034
0.965 	22.078765
0.966 	22.664334
0.967 	22.859741
0.968 	22.898145
0.969 	22.857068
0.970 	22.586556
0.971 	21.917071
0.972 	21.727052
0.973 	22.375506
0.974 	22.301795
0.975 	22.160276
0.976 	22.573666
0.977 	22.928764
0.978 	22.883003
0.979 	22.579619
0.980 	22.982953
0.981 	23.200412
0.982 	22.799954
0.983 	22.118946
0.984 	22.286465
0.985 	22.518688
0.986 	22.710523
0.987 	23.168959
0.988 	23.516500
0.989 	23.582532
0.990 	22.950488
0.991 	22.476874
0.992 	22.876758
0.993 	22.865572
0.994 	21.833785
0.995 	21.788709
0.996 	22.613678
0.997 	22.210326
0.998 	21.380822
0.999 	21.816159
1.000 	22.808565
1.001 	22.992601
1.002 	22.918434
1.003 	22.502325
1.004 	22.267281
1.005 	22.633215
1.006 	23.419033
1.007 	23.954258
1.008 	23.174516
1.009 	22.182743
1.010 	22.158727
1.011 	22.389472
1.012 	22.979112
1.013 	23.603294
1.014 	23.597947
1.015 	23.160075
1.016 	23.067427
1.017 	22.740359
1.018 	22.025735
1.019 	21.726648
1.020 	22.258551
1.021 	22.796581
1.022 	22.825158
1.023 	23.066602
1.024 	23.177115
1.025 	22.918277
1.026 	23.176524
1.027 	23.672644
1.028 	22.997180
1.029 	22.258738
1.030 	22.171807
1.031 	22.465440
1.032 	22.994736
1.033 	23.041455
1.034 	23.132425
1.035 	23.593861
1.036 	23.461625
1.037 	23.222938
1.038 	23.005470
1.039 	22.075375
1.040 	21.789567
1.041 	22.582268
1.042 	22.979180
1.043 	22.809991
1.044 	22.204027
1.045 	22.113923
1.046 	23.064549
1.047 	23.919352
1.048 	23.407613
1.049 	22.549502
1.050 	22.448852
1.051 	22.912091
1.052 	22.959902
1.053 	22.622341
1.054 	22.959942
1.055 	23.773166
1.056 	24.132943
1.057 	23.564366
1.058 	22.295094
1.059 	21.755029
1.060 	22.215802
1.061 	22.427844
1.062 	22.487631
1.063 	22.916265
1.064 	23.578994
1.065 	23.882211
1.066 	23.625675
1.067 	23.493155
1.068 	23.364035
1.069 	22.929642
1.070 	22.639001
1.071 	22.560184
1.072 	22.910324
1.073 	23.326710
1.074 	23.489786
1.075 	23.605227
1.076 	23.625278
1.077 	23.387451
1.078 	23.172131
1.079 	23.189962
1.080 	22.979071
1.081 	22.327135
1.082 	22.230492
1.083 	22.674049
1.084 	22.833699
1.085 	22.517565
1.086 	22.291397
1.087 	22.612928
1.088 	22.999010
1.089 	22.997185
1.090 	22.633193
1.091 	22.195049
1.092 	22.322532
1.093 	22.647629
1.094 	22.768881
1.095 	22.926223
1.096 	22.844187
1.097 	22.504901
1.098 	22.405249
1.099 	22.831099
1.100 	23.257374
1.101 	23.181663
1.102 	22.929455
1.103 	22.745331
1.104 	22.619696
1.105 	22.352776
1.106 	22.180190
1.107 	22.425195
1.108 	22.819395
1.109 	23.234544
1.110 	23.640164
1.111 	23.701082
1.112 	23.399262
1.113 	23.117403
1.114 	22.524099
1.115 	21.681259
1.116 	21.292900
1.117 	21.526155
1.118 	22.014107
1.119 	22.091553
1.120 	22.007163
1.121 	22.053947
1.122 	21.862129
1.123 	21.543094
1.124 	21.770695
1.125 	22.500509
1.126 	22.833641
1.127 	22.327928
1.128 	21.709618
1.129 	21.586066
1.130 	21.717348
1.131 	21.830876
1.132 	22.066499
1.133 	22.214996
1.134 	21.994332
1.135 	21.813932
1.136 	21.935501
1.137 	21.915868
1.138 	21.308760
1.139 	20.525075
1.140 	20.312239
1.141 	20.722443
1.142 	21.100439
1.143 	21.037224
1.144 	20.523235
1.145 	19.804315
1.146 	19.514020
1.147 	19.681594
1.148 	19.860238
1.149 	20.023781
1.150 	20.045611
1.151 	19.811720
1.152 	19.828884
1.153 	20.078026
1.154 	20.042623
1.155 	20.064287
1.156 	20.454461
1.157 	20.506840
1.158 	20.106467
1.159 	19.747726
1.160 	19.275610
1.161 	18.637363
1.162 	18.515039
1.163 	18.828705
1.164 	18.574151
1.165 	18.068884
1.166 	18.136987
1.167 	18.506305
1.168 	18.809855
1.169 	19.159255
1.170 	19.729221
1.171 	19.903929
1.172 	19.459768
1.173 	19.240268
1.174 	19.506054
1.175 	19.618232
1.176 	19.279103
1.177 	18.842663
1.178 	18.426500
1.179 	18.012672
1.180 	18.088638
1.181 	18.459414
1.182 	18.642052
1.183 	18.684712
1.184 	18.912632
1.185 	19.000579
1.186 	18.704810
1.187 	18.686296
1.188 	18.930134
1.189 	19.005404
1.190 	18.937594
1.191 	18.650766
1.192 	18.182143
1.193 	17.994980
1.194 	18.574807
1.195 	19.680982
1.196 	20.246866
1.197 	19.838866
1.198 	19.067790
1.199 	18.578811
1.200 	18.666747
1.201 	18.788325
1.202 	18.475640
1.203 	18.374950
1.204 	18.690080
1.205 	18.967494
1.206 	19.175468
1.207 	19.283734
1.208 	19.171730
1.209 	18.992411
1.210 	18.940405
1.211 	18.980992
1.212 	18.741486
1.213 	18.164514
1.214 	18.130008
1.215 	18.855672
1.216 	19.283740
1.217 	19.166510
1.218 	19.014512
1.219 	18.947849
1.220 	18.659556
1.221 	18.269327
1.222 	18.145391
1.223 	18.725081
1.224 	19.385561
1.225 	19.442603
1.226 	19.277527
1.227 	19.188726
1.228 	18.682261
1.229 	17.934584
1.230 	17.624027
1.231 	17.935268
1.232 	18.633562
1.233 	19.309588
1.234 	19.104003
1.235 	18.360857
1.236 	18.562897
1.237 	19.604919
1.238 	20.483044
1.239 	20.693289
1.240 	20.338810
1.241 	19.394523
1.242 	18.665085
1.243 	18.789747
1.244 	19.141340
1.245 	19.119007
1.246 	19.214366
1.247 	19.710615
1.248 	19.792558
1.249 	19.067455
1.250 	18.386875
1.251 	18.305998
1.252 	18.493530
1.253 	18.578359
1.254 	18.695422
1.255 	19.226688
1.256 	19.824467
1.257 	19.855242
1.258 	19.721785
1.259 	20.011070
1.260 	20.368331
1.261 	20.527899
1.262 	20.664047
1.263 	20.490375
1.264 	19.678045
1.265 	18.844777
1.266 	18.707840
1.267 	19.009032
1.268 	19.370852
1.269 	19.541208
1.270 	19.547131
1.271 	19.373163
1.272 	19.248194
1.273 	19.111142
1.274 	18.440284
1.275 	17.780693
1.276 	17.999982
1.277 	18.921093
1.278 	19.887016
1.279 	20.293804
1.280 	20.309891
1.281 	20.204132
1.282 	19.675589
1.283 	18.944080
1.284 	18.849963
1.285 	19.229786
1.286 	19.047572
1.287 	18.715767
1.288 	19.007233
1.289 	19.243903
1.290 	18.818765
1.291 	18.485555
1.292 	18.671997
1.293 	18.993265
1.294 	19.144506
1.295 	19.206712
1.296 	19.463899
1.297 	19.847996
1.298 	19.999652
1.299 	19.603205
1.300 	18.641274
1.301 	17.656917
1.302 	17.309483
1.303 	17.682284
1.304 	18.439531
1.305 	18.882711
1.306 	18.702183
1.307 	18.113297
1.308 	17.469560
1.309 	16.960711
1.310 	16.850164
1.311 	17.205546
1.312 	17.796101
1.313 	18.249729
1.314 	18.345885
1.315 	18.057519
1.316 	17.848680
1.317 	17.944363
1.318 	18.061532
1.319 	18.181750
1.320 	18.331153
1.321 	18.366758
1.322 	18.275570
1.323 	18.158790
1.324 	18.186203
1.325 	18.241875
1.326 	18.094422
1.327 	17.657059
1.328 	17.259135
1.329 	17.403733
1.330 	17.531442
1.331 	17.372356
1.332 	17.280343
1.333 	17.144199
1.334 	16.842540
1.335 	16.320718
1.336 	15.757908
1.337 	15.702889
1.338 	15.942454
1.339 	16.133677
1.340 	16.473123
1.341 	16.689228
1.342 	16.275255
1.343 	15.784681
1.344 	15.400609
1.345 	14.952331
1.346 	15.012347
1.347 	15.793626
1.348 	16.202239
1.349 	15.801236
1.350 	15.304805
1.351 	15.345330
1.352 	16.083850
1.353 	17.115901
1.354 	17.479401
1.355 	16.546923
1.356 	14.917037
1.357 	14.018239
1.358 	14.520149
1.359 	15.783844
1.360 	16.937101
1.361 	16.675873
1.362 	15.634078
1.363 	15.022333
1.364 	14.681615
1.365 	14.213086
1.366 	14.034800
1.367 	14.223681
1.368 	14.697772
1.369 	14.950498
1.370 	14.726701
1.371 	14.588920
1.372 	14.631888
1.373 	14.414803
1.374 	14.255565
1.375 	14.246399
1.376 	14.057330
1.377 	14.148630
1.378 	14.406945
1.379 	13.854701
1.380 	12.648524
1.381 	11.628515
1.382 	11.580829
1.383 	12.099029
1.384 	12.368692
1.385 	12.482145
1.386 	12.502000
1.387 	12.159061
1.388 	11.808539
1.389 	11.765742
1.390 	12.147163
1.391 	12.540226
1.392 	11.868932
1.393 	10.959184
1.394 	10.987331
1.395 	11.490149
1.396 	11.846355
1.397 	11.730578
1.398 	10.751281
1.399 	9.118670
1.400 	8.410142
1.401 	8.990140
1.402 	9.300048
1.403 	8.891928
1.404 	8.697432
1.405 	8.926354
1.406 	9.186485
1.407 	9.500194
1.408 	9.700680
1.409 	9.389929
1.410 	8.813610
1.411 	8.474437
1.412 	8.694390
1.413 	9.095784
1.414 	9.480741
1.415 	9.701747
1.416 	9.122590
1.417 	8.184198
1.418 	8.057526
1.419 	8.860938
1.420 	9.145706
1.421 	8.725612
1.422 	8.625422
1.423 	8.731095
1.424 	8.252904
1.425 	7.732424
1.426 	7.955605
1.427 	8.296976
1.428 	8.498981
1.429 	8.723960
1.430 	8.593497
1.431 	8.371978
1.432 	8.530402
1.433 	8.912343
1.434 	9.379869
1.435 	9.492941
1.436 	8.820823
1.437 	7.878540
1.438 	7.739574
1.439 	8.426704
1.440 	8.758798
1.441 	8.213581
1.442 	7.990416
1.443 	8.577356
1.444 	9.167324
1.445 	9.423734
1.446 	9.500834
1.447 	8.768646
1.448 	7.011954
1.449 	6.287432
1.450 	7.469740
1.451 	8.176640
1.452 	7.659098
1.453 	7.256219
1.454 	7.358966
1.455 	7.680200
1.456 	8.077436
1.457 	8.122676
1.458 	7.482871
1.459 	7.376798
1.460 	7.881115
1.461 	8.106889
1.462 	8.690235
1.463 	9.061115
1.464 	8.334389
1.465 	7.760725
1.466 	8.574749
1.467 	9.471421
1.468 	9.245461
1.469 	9.106632
1.470 	9.568351
1.471 	9.528020
1.472 	8.787866
1.473 	8.153935
1.474 	8.132384
1.475 	8.786227
1.476 	9.003242
1.477 	7.867661
1.478 	6.961329
1.479 	7.919855
1.480 	9.541890
1.481 	10.218541
1.482 	10.156134
1.483 	9.741593
1.484 	9.248938
1.485 	8.561660
1.486 	8.059364
1.487 	8.340741
1.488 	8.922186
1.489 	9.042613
1.490 	8.980987
1.491 	9.123555
1.492 	9.558655
1.493 	9.749876
1.494 	9.338625
1.495 	8.875193
1.496 	8.339530
1.497 	8.248386
1.498 	9.139857
1.499 	10.504501
1.500 	11.203361
1.501 	10.394839
1.502 	8.407140
1.503 	6.731917
1.504 	6.958723
1.505 	7.952074
1.506 	8.852661
1.507 	9.691102
1.508 	9.762528
1.509 	9.812628
1.510 	10.312976
1.511 	10.616910
1.512 	10.697500
1.513 	10.419222
1.514 	10.173252
1.515 	10.610977
1.516 	11.122426
1.517 	10.439364
1.518 	8.952223
1.519 	8.411347
1.520 	8.759122
1.521 	9.222108
1.522 	9.267685
1.523 	9.642804
1.524 	10.919809
1.525 	11.708360
1.526 	11.411191
1.527 	10.537224
1.528 	9.615729
1.529 	9.980894
1.530 	11.540851
1.531 	11.645471
1.532 	10.341989
1.533 	9.667582
1.534 	8.850005
1.535 	8.584312
1.536 	10.397615
1.537 	12.393455
1.538 	12.614421
1.539 	12.088775
1.540 	11.394054
1.541 	10.612834
1.542 	9.557851
1.543 	9.200506
1.544 	10.776011
1.545 	12.959765
1.546 	12.996252
1.547 	11.351868
1.548 	10.054200
1.549 	10.165915
1.550 	12.055061
1.551 	13.333462
1.552 	11.884561
1.553 	9.410446
1.554 	10.028298
1.555 	12.017206
1.556 	11.669319
1.557 	10.716455
1.558 	11.208869
1.559 	11.657283
1.560 	11.608909
1.561 	11.876417
1.562 	11.035680
1.563 	10.003443
1.564 	9.504696
1.565 	8.958867
1.566 	9.565020
1.567 	10.917760
1.568 	12.322817
1.569 	12.850539
1.570 	12.947139
1.571 	11.770862
1.572 	10.950852
1.573 	11.934066
1.574 	11.843393
1.575 	12.043830
1.576 	13.289605
1.577 	13.291246
1.578 	11.443828
1.579 	10.167563
1.580 	10.567471
1.581 	11.851449
1.582 	13.935023
1.583 	15.811738
1.584 	15.247908
1.585 	12.589221
1.586 	11.524886
1.587 	12.795101
1.588 	13.952548
1.589 	12.306043
1.590 	10.250772
1.591 	10.373851
1.592 	11.871663
1.593 	12.914370
1.594 	13.497508
1.595 	13.860841
1.596 	15.297046
1.597 	13.854514
1.598 	11.051201
1.599 	11.598424
1.600 	13.176723
1.601 	13.170019
1.602 	12.441310
1.603 	10.940983
1.604 	11.417507
1.605 	13.599203
1.606 	14.487783
1.607 	13.992718
1.608 	13.821585
1.609 	14.594574
1.610 	13.898678
1.611 	12.212646
1.612 	12.268987
1.613 	13.291815
1.614 	13.591893
1.615 	14.080305
1.616 	13.627661
1.617 	12.339265
1.618 	12.205474
1.619 	13.448072
1.620 	14.624849
1.621 	14.086469
1.622 	14.719990
1.623 	15.374404
1.624 	15.553974
1.625 	14.899730
1.626 	12.072783
1.627 	10.298002
1.628 	11.807967
1.629 	14.264051
1.630 	13.721029
1.631 	14.669013
1.632 	14.049193
1.633 	12.624307
1.634 	12.905126
1.635 	14.356713
1.636 	15.338095
1.637 	15.948301
1.638 	16.346542
1.639 	14.710695
1.640 	11.309904
1.641 	11.024148
1.642 	13.258214
1.643 	15.022378
1.644 	14.676850
1.645 	13.091835
1.646 	13.094483
1.647 	14.438792
1.648 	14.900551
1.649 	14.415475
1.650 	15.179796
1.651 	14.545803
1.652 	15.698703
1.653 	16.963899
1.654 	14.506904
1.655 	10.653320
1.656 	11.820153
1.657 	14.107189
1.658 	15.294773
1.659 	14.125681
1.660 	11.616672
1.661 	14.523223
1.662 	17.236715
1.663 	11.967843
1.664 	11.737063
1.665 	14.973544
1.666 	15.185265
1.667 	17.334475
1.668 	17.655843
1.669 	15.099168
1.670 	13.191336
1.671 	12.469544
1.672 	14.366228
1.673 	18.155178
1.674 	15.958118
1.675 	12.300079
1.676 	18.613821
1.677 	20.348892
1.678 	11.538046
1.679 	13.377069
1.680 	15.456955
1.681 	17.700705
1.682 	21.941068
1.683 	16.634121
1.684 	14.193486
1.685 	18.117302
1.686 	20.910559
1.687 	20.968091
1.688 	20.280420
1.689 	17.243528
1.690 	16.219948
1.691 	16.203922
1.692 	14.967834
1.693 	13.476149
1.694 	14.348275
1.695 	19.615367
1.696 	22.087142
1.697 	19.542930
1.698 	20.708084
1.699 	21.831472
1.700 	24.724354
