0.660 	40.107114
0.661 	37.393373
0.662 	41.674600
0.663 	43.157850
0.664 	43.172307
0.665 	39.939625
0.666 	38.039342
0.667 	36.421312
0.668 	40.473768
0.669 	38.610249
0.670 	36.655426
0.671 	33.366281
0.672 	36.357567
0.673 	44.542918
0.674 	36.003752
0.675 	35.924391
0.676 	32.289626
0.677 	33.315456
0.678 	40.382189
0.679 	39.298773
0.680 	39.025319
0.681 	40.091386
0.682 	39.371000
0.683 	35.519747
0.684 	38.433570
0.685 	38.298036
0.686 	34.524607
0.687 	35.003387
0.688 	35.426889
0.689 	37.068824
0.690 	37.618958
0.691 	33.907642
0.692 	35.969997
0.693 	37.557325
0.694 	37.045957
0.695 	35.470351
0.696 	36.601757
0.697 	36.510542
0.698 	38.375974
0.699 	33.794660
0.700 	32.636587
0.701 	33.660701
0.702 	37.597358
0.703 	35.375116
0.704 	33.970157
0.705 	33.264312
0.706 	31.152106
0.707 	31.852562
0.708 	32.993620
0.709 	32.257910
0.710 	34.936299
0.711 	36.538915
0.712 	34.012247
0.713 	35.748512
0.714 	38.132815
0.715 	33.116225
0.716 	31.414473
0.717 	34.639558
0.718 	35.624614
0.719 	33.537708
0.720 	32.486076
0.721 	33.362022
0.722 	32.765283
0.723 	30.481651
0.724 	31.163498
0.725 	33.703936
0.726 	33.619633
0.727 	32.767455
0.728 	33.200588
0.729 	35.488211
0.730 	35.536514
0.731 	33.426199
0.732 	31.664467
0.733 	33.181277
0.734 	34.033322
0.735 	33.793637
0.736 	32.121294
0.737 	29.323142
0.738 	28.923356
0.739 	30.077268
0.740 	31.197163
0.741 	32.574244
0.742 	32.663759
0.743 	32.788364
0.744 	33.053138
0.745 	32.344057
0.746 	31.642395
0.747 	33.173660
0.748 	33.801331
0.749 	34.020096
0.750 	34.155941
0.751 	30.729720
0.752 	29.705197
0.753 	31.169093
0.754 	30.795111
0.755 	30.494136
0.756 	30.169794
0.757 	29.341757
0.758 	28.132991
0.759 	28.383498
0.760 	30.393807
0.761 	32.180408
0.762 	31.731097
0.763 	30.758818
0.764 	31.521424
0.765 	31.591577
0.766 	31.370024
0.767 	30.895703
0.768 	30.235065
0.769 	30.347227
0.770 	31.352775
0.771 	31.826844
0.772 	32.362463
0.773 	32.988540
0.774 	31.803798
0.775 	30.688155
0.776 	28.951716
0.777 	28.165637
0.778 	28.467820
0.779 	29.066939
0.780 	30.632366
0.781 	31.645522
0.782 	31.870099
0.783 	32.203786
0.784 	31.380777
0.785 	31.460489
0.786 	31.316536
0.787 	30.282624
0.788 	30.100981
0.789 	29.642211
0.790 	29.407465
0.791 	29.575868
0.792 	29.134319
0.793 	28.963520
0.794 	28.877563
0.795 	29.569117
0.796 	31.271361
0.797 	31.681518
0.798 	29.888735
0.799 	28.157966
0.800 	28.164564
0.801 	30.029429
0.802 	31.150596
0.803 	30.874778
0.804 	30.152961
0.805 	29.153679
0.806 	28.832133
0.807 	29.120002
0.808 	29.485979
0.809 	30.391042
0.810 	30.897608
0.811 	30.159594
0.812 	29.502337
0.813 	29.438007
0.814 	29.603493
0.815 	29.439241
0.816 	28.670350
0.817 	27.829760
0.818 	28.941012
0.819 	30.813330
0.820 	30.588564
0.821 	29.131562
0.822 	28.252684
0.823 	28.231361
0.824 	28.885594
0.825 	29.526918
0.826 	29.422022
0.827 	28.640605
0.828 	28.604457
0.829 	29.073650
0.830 	29.141667
0.831 	28.645374
0.832 	28.613191
0.833 	28.993692
0.834 	29.030911
0.835 	28.957575
0.836 	28.939106
0.837 	28.760908
0.838 	28.747477
0.839 	28.821131
0.840 	27.961548
0.841 	27.073933
0.842 	27.915253
0.843 	29.157618
0.844 	29.019476
0.845 	28.100801
0.846 	27.751669
0.847 	28.578611
0.848 	28.623259
0.849 	27.617303
0.850 	27.588732
0.851 	28.364764
0.852 	28.527365
0.853 	27.976330
0.854 	28.014978
0.855 	28.797602
0.856 	29.275531
0.857 	28.442076
0.858 	27.303732
0.859 	27.331980
0.860 	28.030814
0.861 	28.348945
0.862 	28.180261
0.863 	27.783026
0.864 	28.056174
0.865 	28.607350
0.866 	28.248418
0.867 	27.487524
0.868 	27.113323
0.869 	26.488333
0.870 	25.913668
0.871 	26.784677
0.872 	28.299803
0.873 	28.673773
0.874 	28.124688
0.875 	27.662753
0.876 	27.272464
0.877 	26.864408
0.878 	26.393154
0.879 	26.343630
0.880 	26.752401
0.881 	26.911828
0.882 	27.065222
0.883 	27.294982
0.884 	27.313945
0.885 	27.264515
0.886 	27.363574
0.887 	26.895593
0.888 	26.450493
0.889 	26.838621
0.890 	27.269784
0.891 	27.770098
0.892 	28.190175
0.893 	27.690097
0.894 	26.891160
0.895 	26.433041
0.896 	26.439064
0.897 	26.897516
0.898 	27.226499
0.899 	27.079701
0.900 	27.370407
0.901 	27.892836
0.902 	27.731573
0.903 	27.086064
0.904 	26.513269
0.905 	26.697968
0.906 	27.736358
0.907 	28.433108
0.908 	27.939685
0.909 	27.001924
0.910 	26.865672
0.911 	27.110216
0.912 	26.548461
0.913 	26.042339
0.914 	26.604017
0.915 	27.196786
0.916 	26.815425
0.917 	26.564430
0.918 	27.353231
0.919 	27.889288
0.920 	27.103195
0.921 	25.917934
0.922 	25.608503
0.923 	26.278392
0.924 	26.582486
0.925 	26.105717
0.926 	26.341600
0.927 	27.565243
0.928 	28.010366
0.929 	27.043338
0.930 	25.508873
0.931 	24.422897
0.932 	24.513556
0.933 	25.211011
0.934 	25.862535
0.935 	25.792109
0.936 	25.500239
0.937 	25.753876
0.938 	26.541150
0.939 	27.546365
0.940 	27.542758
0.941 	26.015167
0.942 	24.830183
0.943 	24.656830
0.944 	24.925496
0.945 	25.369207
0.946 	24.692024
0.947 	23.860870
0.948 	24.140824
0.949 	25.204125
0.950 	25.677998
0.951 	24.885886
0.952 	23.613106
0.953 	23.166793
0.954 	23.580058
0.955 	23.937866
0.956 	23.775061
0.957 	24.190906
0.958 	24.939812
0.959 	24.611239
0.960 	23.724994
0.961 	23.278705
0.962 	22.477446
0.963 	22.974946
0.964 	23.728246
0.965 	24.008022
0.966 	23.710791
0.967 	23.075495
0.968 	23.191308
0.969 	24.177262
0.970 	24.224714
0.971 	22.215096
0.972 	21.204228
0.973 	22.045328
0.974 	22.935875
0.975 	22.194510
0.976 	21.787090
0.977 	22.033703
0.978 	21.817489
0.979 	21.604865
0.980 	22.412291
0.981 	22.629998
0.982 	21.856169
0.983 	22.266041
0.984 	22.641684
0.985 	22.608709
0.986 	22.011596
0.987 	21.197215
0.988 	21.875270
0.989 	22.234408
0.990 	21.212126
0.991 	21.041165
0.992 	22.107361
0.993 	22.464730
0.994 	22.323812
0.995 	22.439982
0.996 	21.628659
0.997 	21.384596
0.998 	21.649192
0.999 	21.378275
1.000 	21.232456
1.001 	21.810556
1.002 	21.907733
1.003 	21.236977
1.004 	21.018739
1.005 	21.989063
1.006 	21.987292
1.007 	20.872337
1.008 	20.248988
1.009 	19.968291
1.010 	19.765946
1.011 	19.806305
1.012 	20.358350
1.013 	21.211544
1.014 	22.004045
1.015 	21.675316
1.016 	20.766954
1.017 	20.702180
1.018 	21.865223
1.019 	23.059630
1.020 	22.041260
1.021 	21.029672
1.022 	20.430412
1.023 	20.296864
1.024 	20.588324
1.025 	20.277994
1.026 	19.861732
1.027 	19.479004
1.028 	20.019382
1.029 	20.699657
1.030 	20.829441
1.031 	20.814197
1.032 	20.903863
1.033 	21.546582
1.034 	22.391920
1.035 	22.523678
1.036 	22.191755
1.037 	21.330677
1.038 	20.603385
1.039 	20.423642
1.040 	21.449006
1.041 	22.399988
1.042 	21.262541
1.043 	19.906337
1.044 	19.704468
1.045 	20.079603
1.046 	20.400539
1.047 	20.307435
1.048 	20.065953
1.049 	20.496252
1.050 	21.478466
1.051 	22.390565
1.052 	21.647530
1.053 	20.552630
1.054 	20.402664
1.055 	20.154813
1.056 	20.408526
1.057 	21.807592
1.058 	22.577921
1.059 	21.791275
1.060 	19.973652
1.061 	19.107134
1.062 	19.724644
1.063 	20.709737
1.064 	21.198600
1.065 	21.258000
1.066 	21.544547
1.067 	21.810534
1.068 	21.194826
1.069 	20.409617
1.070 	20.695975
1.071 	21.848763
1.072 	22.297692
1.073 	21.243058
1.074 	19.330100
1.075 	18.379105
1.076 	19.137416
1.077 	20.252442
1.078 	21.613085
1.079 	22.079590
1.080 	21.024625
1.081 	20.164594
1.082 	20.898038
1.083 	22.154496
1.084 	22.232522
1.085 	21.317573
1.086 	21.076613
1.087 	21.939244
1.088 	22.374912
1.089 	21.885098
1.090 	21.155431
1.091 	20.832232
1.092 	20.792997
1.093 	21.208155
1.094 	21.602854
1.095 	20.789844
1.096 	20.019382
1.097 	20.298025
1.098 	20.623230
1.099 	20.557754
1.100 	19.962294
1.101 	19.621093
1.102 	19.420650
1.103 	18.986727
1.104 	19.243160
1.105 	19.973193
1.106 	20.499103
1.107 	20.769383
1.108 	21.077904
1.109 	21.554854
1.110 	21.585413
1.111 	20.849262
1.112 	20.363564
1.113 	20.941685
1.114 	21.301781
1.115 	20.562993
1.116 	20.177703
1.117 	20.751641
1.118 	20.835259
1.119 	20.158187
1.120 	19.432772
1.121 	19.168044
1.122 	19.185650
1.123 	19.089690
1.124 	19.443134
1.125 	20.630949
1.126 	21.643425
1.127 	21.924624
1.128 	21.741843
1.129 	21.406330
1.130 	20.881087
1.131 	19.951716
1.132 	18.944212
1.133 	18.517533
1.134 	18.751024
1.135 	19.483830
1.136 	20.246326
1.137 	20.451386
1.138 	19.909323
1.139 	18.749674
1.140 	17.768046
1.141 	18.102643
1.142 	18.873227
1.143 	18.666774
1.144 	18.413406
1.145 	19.001928
1.146 	19.060460
1.147 	18.299025
1.148 	17.776337
1.149 	17.630704
1.150 	17.892768
1.151 	18.129257
1.152 	17.551920
1.153 	16.564135
1.154 	16.320739
1.155 	16.929009
1.156 	17.621684
1.157 	17.693410
1.158 	17.074681
1.159 	16.874619
1.160 	17.340370
1.161 	17.586084
1.162 	17.872256
1.163 	18.252896
1.164 	17.809152
1.165 	17.126803
1.166 	16.966437
1.167 	17.039033
1.168 	16.565062
1.169 	15.723925
1.170 	15.295735
1.171 	15.477937
1.172 	16.014983
1.173 	16.871572
1.174 	18.050875
1.175 	18.408638
1.176 	17.335314
1.177 	16.522400
1.178 	17.106298
1.179 	17.599059
1.180 	16.625083
1.181 	14.858787
1.182 	13.978916
1.183 	15.017770
1.184 	17.006049
1.185 	18.458398
1.186 	18.606846
1.187 	17.350918
1.188 	16.139954
1.189 	16.296588
1.190 	17.195668
1.191 	17.369042
1.192 	16.547581
1.193 	15.989374
1.194 	16.602602
1.195 	17.311284
1.196 	16.652822
1.197 	15.375046
1.198 	15.046386
1.199 	15.640342
1.200 	16.463451
1.201 	16.738812
1.202 	16.374511
1.203 	16.298055
1.204 	16.944358
1.205 	17.663778
1.206 	17.732436
1.207 	17.056086
1.208 	15.851580
1.209 	15.034126
1.210 	15.621369
1.211 	16.256441
1.212 	16.090043
1.213 	16.435476
1.214 	17.020928
1.215 	16.835270
1.216 	16.540401
1.217 	16.841833
1.218 	16.693595
1.219 	16.351641
1.220 	16.736168
1.221 	17.308345
1.222 	16.898352
1.223 	16.141655
1.224 	16.068480
1.225 	16.407061
1.226 	16.393293
1.227 	15.841228
1.228 	15.737069
1.229 	16.274068
1.230 	17.173665
1.231 	18.292943
1.232 	18.619206
1.233 	17.719786
1.234 	16.584252
1.235 	16.103367
1.236 	16.087102
1.237 	16.110841
1.238 	16.347173
1.239 	16.782791
1.240 	17.261815
1.241 	17.391646
1.242 	16.844599
1.243 	15.721368
1.244 	15.429643
1.245 	16.715340
1.246 	17.994226
1.247 	17.700252
1.248 	16.731940
1.249 	17.068568
1.250 	18.552670
1.251 	19.318433
1.252 	19.122805
1.253 	18.294614
1.254 	17.052976
1.255 	16.058551
1.256 	15.509743
1.257 	15.161560
1.258 	15.075525
1.259 	15.591653
1.260 	16.388959
1.261 	17.739681
1.262 	19.216286
1.263 	19.614568
1.264 	19.350393
1.265 	19.299220
1.266 	19.391711
1.267 	19.022285
1.268 	18.006270
1.269 	16.709347
1.270 	16.134926
1.271 	16.461368
1.272 	16.629643
1.273 	16.227052
1.274 	16.639591
1.275 	17.963403
1.276 	18.556529
1.277 	17.828261
1.278 	17.300967
1.279 	17.402657
1.280 	17.211939
1.281 	16.377078
1.282 	15.372597
1.283 	15.115699
1.284 	15.565924
1.285 	16.153431
1.286 	17.077768
1.287 	18.358424
1.288 	19.170413
1.289 	19.166273
1.290 	18.016383
1.291 	16.403064
1.292 	15.865225
1.293 	16.703073
1.294 	17.130296
1.295 	16.510783
1.296 	16.245442
1.297 	16.995384
1.298 	17.163012
1.299 	16.255957
1.300 	16.162010
1.301 	17.291307
1.302 	18.069461
1.303 	17.933187
1.304 	17.182487
1.305 	16.425871
1.306 	16.455410
1.307 	16.717993
1.308 	16.504237
1.309 	16.514273
1.310 	16.767796
1.311 	16.048868
1.312 	15.082675
1.313 	15.189596
1.314 	15.952185
1.315 	16.308092
1.316 	15.686451
1.317 	14.662532
1.318 	14.878329
1.319 	16.086210
1.320 	16.645908
1.321 	16.196292
1.322 	15.967705
1.323 	16.636703
1.324 	16.822270
1.325 	15.967784
1.326 	15.275820
1.327 	15.443314
1.328 	15.370912
1.329 	14.541055
1.330 	14.278965
1.331 	15.250279
1.332 	15.687089
1.333 	14.763419
1.334 	14.346585
1.335 	15.062584
1.336 	15.621228
1.337 	15.380798
1.338 	14.954966
1.339 	15.148905
1.340 	15.822328
1.341 	15.993021
1.342 	15.138419
1.343 	14.089664
1.344 	14.083933
1.345 	14.350151
1.346 	14.225119
1.347 	14.844638
1.348 	15.769809
1.349 	14.794918
1.350 	13.265150
1.351 	13.577895
1.352 	14.660109
1.353 	14.404689
1.354 	13.261757
1.355 	12.236623
1.356 	11.254342
1.357 	11.415193
1.358 	13.045911
1.359 	14.537806
1.360 	14.707908
1.361 	14.214688
1.362 	13.804442
1.363 	13.002246
1.364 	11.521687
1.365 	10.516459
1.366 	10.609603
1.367 	11.434164
1.368 	12.579083
1.369 	13.860358
1.370 	14.358537
1.371 	13.970811
1.372 	13.515531
1.373 	13.814881
1.374 	14.170942
1.375 	13.334943
1.376 	12.354198
1.377 	12.401363
1.378 	12.985706
1.379 	12.958926
1.380 	12.120752
1.381 	11.789472
1.382 	11.870026
1.383 	11.140499
1.384 	10.129741
1.385 	10.085881
1.386 	10.239653
1.387 	9.583898
1.388 	8.674277
1.389 	9.199314
1.390 	10.996088
1.391 	11.613409
1.392 	10.429329
1.393 	8.791950
1.394 	7.900754
1.395 	7.833709
1.396 	7.863329
1.397 	8.373943
1.398 	9.550095
1.399 	10.121360
1.400 	9.162214
1.401 	7.696777
1.402 	7.343635
1.403 	8.360874
1.404 	9.168039
1.405 	8.907088
1.406 	8.051194
1.407 	6.714945
1.408 	4.916151
1.409 	3.660594
1.410 	4.843550
1.411 	6.989266
1.412 	7.136428
1.413 	5.826311
1.414 	6.086114
1.415 	8.496236
1.416 	9.908482
1.417 	7.413346
1.418 	3.700960
1.419 	2.971613
1.420 	4.705206
1.421 	6.823691
1.422 	7.811400
1.423 	7.563237
1.424 	6.770643
1.425 	6.643015
1.426 	7.634097
1.427 	8.484439
1.428 	8.747189
1.429 	8.807632
1.430 	7.924663
1.431 	6.592728
1.432 	7.080618
1.433 	8.454450
1.434 	7.939257
1.435 	6.453572
1.436 	6.073335
1.437 	6.331148
1.438 	6.797137
1.439 	7.207025
1.440 	6.805353
1.441 	6.389711
1.442 	6.973489
1.443 	7.632228
1.444 	7.179298
1.445 	7.218401
1.446 	8.537074
1.447 	9.480985
1.448 	8.870504
1.449 	6.711143
1.450 	4.635325
1.451 	3.546411
1.452 	3.338501
1.453 	4.421914
1.454 	6.116394
1.455 	7.353915
1.456 	7.803808
1.457 	7.331580
1.458 	6.465164
1.459 	6.402544
1.460 	6.433440
1.461 	5.819834
1.462 	5.854161
1.463 	6.330113
1.464 	5.813151
1.465 	5.644106
1.466 	6.515411
1.467 	7.637691
1.468 	8.910475
1.469 	8.499530
1.470 	6.227283
1.471 	4.854523
1.472 	5.857347
1.473 	7.443293
1.474 	8.054284
1.475 	7.955468
1.476 	7.501623
1.477 	7.210996
1.478 	6.511010
1.479 	5.003091
1.480 	4.411747
1.481 	5.039555
1.482 	5.873946
1.483 	7.283757
1.484 	8.518771
1.485 	8.198001
1.486 	6.701803
1.487 	5.749234
1.488 	6.750027
1.489 	8.790067
1.490 	9.454245
1.491 	8.956104
1.492 	8.096957
1.493 	6.912873
1.494 	6.482329
1.495 	6.155726
1.496 	5.981118
1.497 	7.774436
1.498 	9.578902
1.499 	9.368438
1.500 	8.192189
1.501 	8.406583
1.502 	9.734134
1.503 	10.220043
1.504 	9.732364
1.505 	9.128483
1.506 	7.513425
1.507 	6.313462
1.508 	6.861927
1.509 	7.535109
1.510 	8.589390
1.511 	8.652237
1.512 	6.862890
1.513 	4.624108
1.514 	4.107917
1.515 	5.689276
1.516 	7.739404
1.517 	8.579376
1.518 	7.723745
1.519 	7.802351
1.520 	9.619671
1.521 	10.285115
1.522 	10.542732
1.523 	11.844751
1.524 	11.643264
1.525 	9.197437
1.526 	7.210925
1.527 	7.108288
1.528 	7.003018
1.529 	7.241733
1.530 	8.756583
1.531 	10.545251
1.532 	11.183418
1.533 	10.836036
1.534 	9.971679
1.535 	8.539626
1.536 	7.867728
1.537 	8.208490
1.538 	9.095192
1.539 	9.457252
1.540 	8.839582
1.541 	8.834037
1.542 	8.503076
1.543 	7.727923
1.544 	9.658770
1.545 	10.270380
1.546 	8.541011
1.547 	9.593519
1.548 	11.360189
1.549 	11.681813
1.550 	10.520157
1.551 	8.355578
1.552 	6.656483
1.553 	6.402249
1.554 	8.754195
1.555 	10.044761
1.556 	8.120010
1.557 	7.800821
1.558 	10.588175
1.559 	11.944256
1.560 	9.335603
1.561 	7.770382
1.562 	7.921899
1.563 	9.156793
1.564 	11.612447
1.565 	11.618006
1.566 	9.621276
1.567 	9.272485
1.568 	9.859363
1.569 	11.242320
1.570 	11.961736
1.571 	8.876309
1.572 	6.907247
1.573 	10.286127
1.574 	9.987614
1.575 	7.095165
1.576 	8.603474
1.577 	11.025716
1.578 	10.899217
1.579 	9.368479
1.580 	7.855318
1.581 	8.516569
1.582 	9.562220
1.583 	10.032540
1.584 	10.831087
1.585 	11.936294
1.586 	10.225279
1.587 	8.074611
1.588 	7.342964
1.589 	8.547329
1.590 	10.877919
1.591 	13.415453
1.592 	13.839518
1.593 	12.429981
1.594 	11.324089
1.595 	10.744464
1.596 	10.269350
1.597 	10.758249
1.598 	10.907001
1.599 	10.958974
1.600 	10.986345
1.601 	9.256240
1.602 	8.860755
1.603 	10.715158
1.604 	10.367590
1.605 	9.606997
1.606 	11.638176
1.607 	13.995268
1.608 	14.019494
1.609 	12.071603
1.610 	9.373374
1.611 	8.850016
1.612 	11.009930
1.613 	13.151343
1.614 	11.029889
1.615 	10.360207
1.616 	13.170958
1.617 	11.631092
1.618 	8.897004
1.619 	10.550038
1.620 	12.610497
1.621 	11.261026
1.622 	11.430385
1.623 	13.536435
1.624 	15.338233
1.625 	13.998571
1.626 	10.445519
1.627 	10.248380
1.628 	12.859023
1.629 	11.899743
1.630 	7.475179
1.631 	7.203857
1.632 	9.180137
1.633 	10.484208
1.634 	12.294796
1.635 	15.081606
1.636 	17.379342
1.637 	15.083716
1.638 	10.897180
1.639 	10.750504
1.640 	10.080707
1.641 	9.839204
1.642 	11.402902
1.643 	13.624023
1.644 	14.801019
1.645 	14.075186
1.646 	11.490276
1.647 	9.057350
1.648 	7.137074
1.649 	8.190581
1.650 	13.663004
1.651 	16.707018
1.652 	11.174366
1.653 	4.834305
1.654 	8.037218
1.655 	12.161981
1.656 	10.342956
1.657 	10.146315
1.658 	10.630323
1.659 	14.960642
1.660 	19.751420
1.661 	20.406642
1.662 	15.807787
1.663 	7.241177
1.664 	3.204106
1.665 	8.829392
1.666 	14.061257
1.667 	15.376809
1.668 	13.323618
1.669 	9.738043
1.670 	6.992659
1.671 	17.518950
1.672 	13.728167
1.673 	14.360512
1.674 	15.252538
1.675 	17.464546
1.676 	15.491912
1.677 	16.668285
1.678 	17.056539
1.679 	7.016465
1.680 	6.859360
1.681 	17.580607
1.682 	17.788471
1.683 	9.438199
1.684 	-7.671182
1.685 	-5.900139
1.686 	21.544339
1.687 	29.729726
1.688 	36.511131
1.689 	31.596812
1.690 	20.929713
1.691 	11.938246
1.692 	3.683323
1.693 	7.525127
1.694 	8.152599
1.695 	-1.031580
1.696 	12.901027
1.697 	23.583116
1.698 	-1.159814
1.699 	6.587486
1.700 	29.321311
