0.660 	48.854622
0.661 	46.685401
0.662 	52.417580
0.663 	48.708411
0.664 	49.348025
0.665 	51.129816
0.666 	45.107590
0.667 	46.654002
0.668 	50.481440
0.669 	52.556350
0.670 	44.950811
0.671 	42.096029
0.672 	44.588827
0.673 	53.698140
0.674 	46.088613
0.675 	40.879047
0.676 	40.912026
0.677 	44.898109
0.678 	49.579982
0.679 	49.592999
0.680 	50.648392
0.681 	50.539825
0.682 	46.680668
0.683 	42.327709
0.684 	46.591522
0.685 	45.779123
0.686 	42.617554
0.687 	45.571086
0.688 	46.682761
0.689 	47.242061
0.690 	44.226726
0.691 	41.000579
0.692 	45.726137
0.693 	47.385941
0.694 	46.511982
0.695 	44.922734
0.696 	45.033948
0.697 	44.958658
0.698 	48.927988
0.699 	47.746990
0.700 	41.115565
0.701 	40.177279
0.702 	45.466266
0.703 	43.857988
0.704 	42.048043
0.705 	42.778610
0.706 	42.308159
0.707 	44.284795
0.708 	43.144172
0.709 	42.957363
0.710 	43.574510
0.711 	43.487562
0.712 	42.725850
0.713 	44.151330
0.714 	46.808403
0.715 	44.211695
0.716 	39.342996
0.717 	40.812400
0.718 	43.039534
0.719 	41.681502
0.720 	40.867663
0.721 	43.795401
0.722 	44.198167
0.723 	40.185668
0.724 	40.559582
0.725 	43.000023
0.726 	42.336215
0.727 	40.331749
0.728 	40.814145
0.729 	42.949931
0.730 	44.172280
0.731 	41.900928
0.732 	39.404710
0.733 	38.774833
0.734 	39.793627
0.735 	41.335348
0.736 	40.957245
0.737 	39.510562
0.738 	40.068356
0.739 	40.642428
0.740 	40.272956
0.741 	40.970851
0.742 	42.015082
0.743 	39.814825
0.744 	39.105369
0.745 	41.426206
0.746 	41.498278
0.747 	41.399143
0.748 	41.304555
0.749 	40.352200
0.750 	40.823695
0.751 	39.245388
0.752 	38.080369
0.753 	38.355590
0.754 	39.081149
0.755 	39.656359
0.756 	37.919676
0.757 	36.205360
0.758 	36.713411
0.759 	40.362554
0.760 	41.652116
0.761 	42.303169
0.762 	41.539491
0.763 	39.113442
0.764 	39.066912
0.765 	39.328521
0.766 	39.152586
0.767 	39.652235
0.768 	39.500879
0.769 	38.491694
0.770 	38.700406
0.771 	39.421491
0.772 	40.365714
0.773 	40.418451
0.774 	37.850425
0.775 	36.993015
0.776 	37.876366
0.777 	37.992534
0.778 	37.463541
0.779 	37.171436
0.780 	38.793509
0.781 	40.694135
0.782 	41.351894
0.783 	40.219790
0.784 	38.736504
0.785 	39.236019
0.786 	39.018009
0.787 	38.447179
0.788 	38.038600
0.789 	37.097409
0.790 	37.803109
0.791 	38.650312
0.792 	38.512819
0.793 	37.360323
0.794 	36.493183
0.795 	37.504970
0.796 	38.170941
0.797 	38.153185
0.798 	38.063345
0.799 	37.849298
0.800 	37.527862
0.801 	37.913693
0.802 	37.847668
0.803 	37.514227
0.804 	37.782437
0.805 	37.172665
0.806 	36.670206
0.807 	36.769176
0.808 	36.769033
0.809 	37.050248
0.810 	36.963216
0.811 	37.276921
0.812 	38.831391
0.813 	39.428879
0.814 	38.473586
0.815 	37.454258
0.816 	36.999376
0.817 	36.400801
0.818 	36.679147
0.819 	37.990962
0.820 	38.219376
0.821 	37.085430
0.822 	36.278272
0.823 	35.943119
0.824 	35.763232
0.825 	36.594218
0.826 	37.513639
0.827 	37.062602
0.828 	36.485405
0.829 	36.853999
0.830 	37.052181
0.831 	36.608873
0.832 	36.630102
0.833 	36.507494
0.834 	36.187817
0.835 	36.172173
0.836 	36.369402
0.837 	36.467098
0.838 	36.523250
0.839 	36.725683
0.840 	36.417188
0.841 	35.707915
0.842 	35.632308
0.843 	35.581142
0.844 	34.647793
0.845 	34.211333
0.846 	35.320821
0.847 	37.123496
0.848 	37.141758
0.849 	35.825433
0.850 	35.765873
0.851 	36.461044
0.852 	36.305820
0.853 	35.734477
0.854 	35.867557
0.855 	36.491023
0.856 	36.966595
0.857 	36.148494
0.858 	34.515984
0.859 	34.080876
0.860 	34.645723
0.861 	34.562597
0.862 	34.083894
0.863 	34.209736
0.864 	35.457446
0.865 	36.575019
0.866 	36.090504
0.867 	34.896025
0.868 	34.131636
0.869 	33.463584
0.870 	33.558418
0.871 	34.657533
0.872 	35.542202
0.873 	35.714032
0.874 	35.398753
0.875 	35.365604
0.876 	35.344746
0.877 	35.133939
0.878 	34.925503
0.879 	34.760557
0.880 	34.545350
0.881 	34.345507
0.882 	34.841712
0.883 	35.652273
0.884 	35.574060
0.885 	35.202503
0.886 	35.469107
0.887 	35.107995
0.888 	34.205068
0.889 	34.026281
0.890 	33.977764
0.891 	33.933076
0.892 	34.150367
0.893 	33.898797
0.894 	33.273755
0.895 	32.949596
0.896 	33.364354
0.897 	34.450323
0.898 	35.219748
0.899 	35.583844
0.900 	36.032707
0.901 	35.937601
0.902 	35.285562
0.903 	34.711558
0.904 	34.373548
0.905 	34.549159
0.906 	35.316302
0.907 	35.711121
0.908 	35.413219
0.909 	34.543088
0.910 	33.562955
0.911 	33.009896
0.912 	32.641337
0.913 	32.836629
0.914 	33.753323
0.915 	34.500946
0.916 	34.587247
0.917 	34.646496
0.918 	35.174269
0.919 	35.123100
0.920 	33.651553
0.921 	31.980800
0.922 	31.868141
0.923 	33.143707
0.924 	33.975629
0.925 	33.870444
0.926 	33.942732
0.927 	34.522948
0.928 	34.683333
0.929 	34.020133
0.930 	33.068500
0.931 	32.263765
0.932 	32.069499
0.933 	32.325472
0.934 	32.755325
0.935 	32.864819
0.936 	32.981737
0.937 	33.414967
0.938 	34.069868
0.939 	34.334447
0.940 	33.543459
0.941 	32.131283
0.942 	32.002282
0.943 	32.225178
0.944 	31.843711
0.945 	32.058282
0.946 	31.515360
0.947 	30.541185
0.948 	30.755601
0.949 	32.385382
0.950 	33.922006
0.951 	33.320247
0.952 	30.898194
0.953 	29.068300
0.954 	28.852524
0.955 	29.369630
0.956 	29.611325
0.957 	30.222099
0.958 	31.106446
0.959 	30.765457
0.960 	29.599348
0.961 	30.014356
0.962 	30.097899
0.963 	29.533489
0.964 	29.208496
0.965 	29.613510
0.966 	29.749695
0.967 	29.248366
0.968 	29.304927
0.969 	30.214003
0.970 	30.595090
0.971 	29.240965
0.972 	28.542049
0.973 	28.787346
0.974 	28.647805
0.975 	27.803333
0.976 	27.792216
0.977 	28.306177
0.978 	28.324019
0.979 	28.101308
0.980 	28.820640
0.981 	28.616774
0.982 	27.694509
0.983 	28.666396
0.984 	29.353785
0.985 	29.029993
0.986 	28.699477
0.987 	28.185959
0.988 	28.638380
0.989 	28.763938
0.990 	27.670625
0.991 	27.301851
0.992 	27.829634
0.993 	28.180763
0.994 	28.569104
0.995 	28.808210
0.996 	28.421321
0.997 	27.886670
0.998 	27.333803
0.999 	27.359451
1.000 	28.022023
1.001 	28.837044
1.002 	28.627798
1.003 	28.015973
1.004 	27.459166
1.005 	27.510549
1.006 	27.261592
1.007 	26.757962
1.008 	26.247209
1.009 	27.816152
1.010 	28.663865
1.011 	28.455945
1.012 	28.658610
1.013 	28.488759
1.014 	28.102559
1.015 	28.143050
1.016 	28.001585
1.017 	28.073477
1.018 	28.668945
1.019 	29.033545
1.020 	28.646412
1.021 	28.131408
1.022 	27.963352
1.023 	28.057384
1.024 	28.024040
1.025 	27.080738
1.026 	26.964298
1.027 	27.613048
1.028 	28.244188
1.029 	28.907750
1.030 	28.491639
1.031 	27.535780
1.032 	27.460389
1.033 	28.532642
1.034 	29.528334
1.035 	29.499671
1.036 	29.317682
1.037 	28.650655
1.038 	28.073572
1.039 	27.914499
1.040 	28.420090
1.041 	29.165641
1.042 	28.889589
1.043 	28.300182
1.044 	27.545291
1.045 	27.106033
1.046 	27.767298
1.047 	28.174866
1.048 	27.580924
1.049 	27.916607
1.050 	29.333604
1.051 	29.752579
1.052 	28.768692
1.053 	28.214161
1.054 	28.366111
1.055 	27.801981
1.056 	27.295642
1.057 	28.705429
1.058 	29.669512
1.059 	28.842769
1.060 	27.314835
1.061 	27.008646
1.062 	28.297818
1.063 	29.168385
1.064 	28.795207
1.065 	28.552101
1.066 	29.433126
1.067 	30.035278
1.068 	29.642503
1.069 	29.214687
1.070 	29.146586
1.071 	29.375523
1.072 	29.316823
1.073 	28.963706
1.074 	28.330023
1.075 	27.461233
1.076 	27.503428
1.077 	27.999404
1.078 	28.602491
1.079 	28.644873
1.080 	27.667738
1.081 	27.784751
1.082 	29.379793
1.083 	30.552233
1.084 	30.363945
1.085 	29.383024
1.086 	29.278945
1.087 	29.900583
1.088 	29.522682
1.089 	28.258879
1.090 	27.291558
1.091 	27.349415
1.092 	28.001110
1.093 	28.549677
1.094 	28.320282
1.095 	27.788215
1.096 	28.257384
1.097 	29.062945
1.098 	28.896511
1.099 	28.091448
1.100 	27.283151
1.101 	27.152149
1.102 	27.328003
1.103 	27.643991
1.104 	28.356021
1.105 	28.854508
1.106 	29.179654
1.107 	29.156432
1.108 	28.597178
1.109 	28.069438
1.110 	28.034546
1.111 	28.214795
1.112 	28.133759
1.113 	28.048422
1.114 	27.931248
1.115 	27.415524
1.116 	27.031524
1.117 	27.312766
1.118 	27.554625
1.119 	27.365768
1.120 	26.727503
1.121 	26.171936
1.122 	26.414429
1.123 	26.861665
1.124 	27.110784
1.125 	27.821300
1.126 	28.731696
1.127 	29.314768
1.128 	29.500062
1.129 	29.113735
1.130 	28.213537
1.131 	26.907394
1.132 	25.247413
1.133 	24.348665
1.134 	24.910430
1.135 	25.864128
1.136 	26.305626
1.137 	26.147008
1.138 	25.645364
1.139 	24.946494
1.140 	23.908367
1.141 	23.689381
1.142 	24.495343
1.143 	24.679846
1.144 	24.351871
1.145 	24.163928
1.146 	23.672535
1.147 	23.188743
1.148 	23.093906
1.149 	22.834800
1.150 	22.880574
1.151 	23.871003
1.152 	24.773974
1.153 	24.423641
1.154 	23.593744
1.155 	23.063679
1.156 	22.343569
1.157 	21.526409
1.158 	21.163862
1.159 	21.705579
1.160 	22.861005
1.161 	23.552621
1.162 	23.704604
1.163 	23.883181
1.164 	23.612616
1.165 	22.578423
1.166 	21.598952
1.167 	21.340108
1.168 	21.437849
1.169 	21.536053
1.170 	21.521180
1.171 	21.401342
1.172 	21.249921
1.173 	21.679906
1.174 	22.714197
1.175 	23.338573
1.176 	22.938866
1.177 	21.707524
1.178 	20.888472
1.179 	21.401145
1.180 	21.634256
1.181 	20.661996
1.182 	19.840039
1.183 	20.693636
1.184 	22.647151
1.185 	23.891183
1.186 	23.349757
1.187 	21.495042
1.188 	20.164505
1.189 	20.320256
1.190 	20.980341
1.191 	21.033635
1.192 	20.691650
1.193 	20.821238
1.194 	21.620548
1.195 	22.357698
1.196 	22.190626
1.197 	21.198029
1.198 	20.492523
1.199 	20.537216
1.200 	20.694738
1.201 	20.896115
1.202 	21.230768
1.203 	21.512089
1.204 	21.767745
1.205 	21.948784
1.206 	21.784540
1.207 	21.603634
1.208 	21.454435
1.209 	20.718110
1.210 	20.483212
1.211 	21.199344
1.212 	21.894897
1.213 	22.634217
1.214 	22.527148
1.215 	21.274881
1.216 	20.927231
1.217 	22.091337
1.218 	23.006146
1.219 	22.803621
1.220 	22.164799
1.221 	21.746332
1.222 	21.424554
1.223 	21.425253
1.224 	21.916895
1.225 	22.446161
1.226 	22.509660
1.227 	21.928332
1.228 	21.406383
1.229 	21.145239
1.230 	21.103548
1.231 	21.686618
1.232 	22.663195
1.233 	23.282900
1.234 	23.019254
1.235 	22.258344
1.236 	21.269384
1.237 	20.451260
1.238 	20.611746
1.239 	21.919243
1.240 	23.092541
1.241 	23.187284
1.242 	22.358734
1.243 	20.990068
1.244 	20.422005
1.245 	21.441602
1.246 	22.528020
1.247 	22.627354
1.248 	22.582185
1.249 	23.514851
1.250 	24.886665
1.251 	25.247560
1.252 	24.631478
1.253 	24.134975
1.254 	23.927602
1.255 	23.394531
1.256 	22.285222
1.257 	20.890147
1.258 	20.366650
1.259 	21.114740
1.260 	21.832031
1.261 	22.324936
1.262 	23.126034
1.263 	23.553355
1.264 	23.688124
1.265 	24.081767
1.266 	24.380575
1.267 	24.296105
1.268 	23.510251
1.269 	22.005130
1.270 	21.213018
1.271 	21.736392
1.272 	22.209598
1.273 	22.117679
1.274 	22.505031
1.275 	23.323101
1.276 	23.192301
1.277 	22.106609
1.278 	22.170846
1.279 	23.731511
1.280 	24.530800
1.281 	23.509288
1.282 	21.646119
1.283 	20.596132
1.284 	20.767482
1.285 	21.742097
1.286 	22.551547
1.287 	22.766038
1.288 	22.719215
1.289 	22.458289
1.290 	21.653573
1.291 	20.789779
1.292 	20.972381
1.293 	22.291393
1.294 	23.258310
1.295 	23.140883
1.296 	22.750625
1.297 	22.510327
1.298 	21.567774
1.299 	20.466449
1.300 	20.664749
1.301 	21.830071
1.302 	22.599847
1.303 	22.341093
1.304 	21.579578
1.305 	21.480599
1.306 	21.952215
1.307 	21.944995
1.308 	21.351781
1.309 	20.772279
1.310 	20.755423
1.311 	20.965601
1.312 	21.161799
1.313 	21.348885
1.314 	21.217942
1.315 	20.505179
1.316 	19.456265
1.317 	18.726299
1.318 	18.760461
1.319 	19.486870
1.320 	20.294359
1.321 	20.943755
1.322 	21.435776
1.323 	21.186996
1.324 	20.151464
1.325 	19.463811
1.326 	19.243418
1.327 	19.371696
1.328 	19.455113
1.329 	18.971962
1.330 	18.934428
1.331 	19.857130
1.332 	20.232027
1.333 	19.750136
1.334 	19.283809
1.335 	18.775274
1.336 	18.099237
1.337 	17.246787
1.338 	16.614670
1.339 	17.254618
1.340 	18.658905
1.341 	19.271583
1.342 	18.602056
1.343 	17.424846
1.344 	17.241119
1.345 	17.564998
1.346 	17.328708
1.347 	17.253235
1.348 	17.428123
1.349 	16.440117
1.350 	15.455254
1.351 	16.289339
1.352 	17.309117
1.353 	17.097877
1.354 	16.725044
1.355 	16.019850
1.356 	13.953863
1.357 	12.765314
1.358 	14.581316
1.359 	17.530213
1.360 	18.830625
1.361 	18.586730
1.362 	17.630514
1.363 	15.876837
1.364 	13.734391
1.365 	12.788599
1.366 	12.802337
1.367 	13.204169
1.368 	14.252752
1.369 	15.706817
1.370 	16.778459
1.371 	17.693855
1.372 	17.975319
1.373 	17.462414
1.374 	17.057509
1.375 	16.245654
1.376 	15.032216
1.377 	14.450711
1.378 	15.232418
1.379 	16.737070
1.380 	16.813659
1.381 	15.098745
1.382 	13.170967
1.383 	11.648431
1.384 	10.496333
1.385 	10.419414
1.386 	10.842321
1.387 	10.915609
1.388 	10.796391
1.389 	11.460238
1.390 	12.445939
1.391 	12.134859
1.392 	10.422343
1.393 	9.180658
1.394 	9.570117
1.395 	10.524582
1.396 	10.457371
1.397 	10.146937
1.398 	10.862892
1.399 	11.693327
1.400 	10.599175
1.401 	8.660619
1.402 	8.743851
1.403 	10.684159
1.404 	11.743235
1.405 	11.201556
1.406 	10.572102
1.407 	10.435464
1.408 	9.900357
1.409 	8.671573
1.410 	8.573433
1.411 	9.205117
1.412 	8.088065
1.413 	6.430975
1.414 	7.002356
1.415 	9.582934
1.416 	11.493772
1.417 	10.360915
1.418 	7.591206
1.419 	6.174745
1.420 	6.367125
1.421 	7.800372
1.422 	9.446964
1.423 	10.076648
1.424 	10.083875
1.425 	10.473015
1.426 	11.189731
1.427 	11.856888
1.428 	12.283872
1.429 	12.000195
1.430 	10.768938
1.431 	9.397636
1.432 	9.858701
1.433 	10.895957
1.434 	9.736945
1.435 	7.711733
1.436 	6.987218
1.437 	7.363953
1.438 	8.960068
1.439 	10.691059
1.440 	10.885737
1.441 	10.410322
1.442 	10.673609
1.443 	11.077002
1.444 	10.517788
1.445 	9.628905
1.446 	8.820513
1.447 	8.447244
1.448 	9.225573
1.449 	10.263390
1.450 	9.822540
1.451 	7.946793
1.452 	6.753904
1.453 	7.008935
1.454 	7.547700
1.455 	8.440225
1.456 	10.177460
1.457 	11.340929
1.458 	10.428361
1.459 	9.253412
1.460 	8.996087
1.461 	8.554149
1.462 	8.481783
1.463 	8.832866
1.464 	7.987741
1.465 	7.103476
1.466 	7.354608
1.467 	8.651026
1.468 	11.016145
1.469 	12.039468
1.470 	10.926448
1.471 	9.802176
1.472 	9.989293
1.473 	10.823705
1.474 	11.039332
1.475 	11.328375
1.476 	12.292334
1.477 	12.159772
1.478 	9.983724
1.479 	7.164467
1.480 	6.031094
1.481 	7.694536
1.482 	9.624265
1.483 	10.000928
1.484 	10.542738
1.485 	10.728023
1.486 	9.411541
1.487 	8.321043
1.488 	9.487720
1.489 	11.878440
1.490 	12.240095
1.491 	10.436834
1.492 	8.221556
1.493 	6.619930
1.494 	6.564614
1.495 	6.425742
1.496 	7.057569
1.497 	10.166243
1.498 	12.159792
1.499 	11.438540
1.500 	9.943401
1.501 	9.997830
1.502 	11.490651
1.503 	11.693427
1.504 	10.607721
1.505 	9.890470
1.506 	8.609605
1.507 	8.038013
1.508 	9.046413
1.509 	9.652728
1.510 	10.135498
1.511 	9.680867
1.512 	8.152394
1.513 	6.736833
1.514 	7.287730
1.515 	8.999005
1.516 	9.906689
1.517 	10.390748
1.518 	10.862297
1.519 	11.507633
1.520 	11.382918
1.521 	9.693441
1.522 	9.939346
1.523 	12.862085
1.524 	13.733794
1.525 	11.306892
1.526 	8.274566
1.527 	7.076682
1.528 	7.762507
1.529 	10.094993
1.530 	12.210347
1.531 	13.360020
1.532 	13.854908
1.533 	13.043496
1.534 	11.380501
1.535 	10.098121
1.536 	10.882549
1.537 	11.819395
1.538 	11.153020
1.539 	10.046198
1.540 	8.721885
1.541 	7.979524
1.542 	9.894668
1.543 	12.102873
1.544 	12.129601
1.545 	10.562081
1.546 	10.352371
1.547 	12.998507
1.548 	13.696464
1.549 	11.281401
1.550 	9.758588
1.551 	9.271823
1.552 	9.429102
1.553 	9.676543
1.554 	10.766288
1.555 	10.864227
1.556 	9.027007
1.557 	10.204252
1.558 	13.608057
1.559 	14.321444
1.560 	11.541919
1.561 	9.651157
1.562 	9.343420
1.563 	9.625445
1.564 	10.779542
1.565 	11.165214
1.566 	11.887724
1.567 	12.885282
1.568 	11.714922
1.569 	11.213453
1.570 	11.491914
1.571 	9.938634
1.572 	8.641321
1.573 	11.581525
1.574 	11.369527
1.575 	9.798700
1.576 	12.339241
1.577 	12.979421
1.578 	10.623549
1.579 	9.609508
1.580 	11.301286
1.581 	13.541604
1.582 	14.098571
1.583 	14.140664
1.584 	14.324621
1.585 	14.230188
1.586 	12.340147
1.587 	11.163956
1.588 	9.068509
1.589 	9.708317
1.590 	13.300867
1.591 	15.043727
1.592 	13.993235
1.593 	13.236375
1.594 	13.302088
1.595 	11.801100
1.596 	10.672062
1.597 	10.901703
1.598 	12.595603
1.599 	14.130262
1.600 	15.511188
1.601 	14.489839
1.602 	11.501852
1.603 	10.795042
1.604 	10.112431
1.605 	10.897176
1.606 	13.584609
1.607 	15.257229
1.608 	12.786536
1.609 	12.193466
1.610 	13.362806
1.611 	12.521466
1.612 	11.843204
1.613 	13.004588
1.614 	10.526239
1.615 	11.102921
1.616 	15.230244
1.617 	14.548784
1.618 	13.270080
1.619 	13.071597
1.620 	13.090006
1.621 	13.122552
1.622 	14.638020
1.623 	15.150555
1.624 	14.134751
1.625 	13.308692
1.626 	11.838117
1.627 	11.198790
1.628 	11.874496
1.629 	11.944124
1.630 	12.605719
1.631 	11.853293
1.632 	10.918180
1.633 	12.076562
1.634 	12.959127
1.635 	15.802825
1.636 	20.092325
1.637 	19.502463
1.638 	13.988310
1.639 	8.916093
1.640 	10.255054
1.641 	13.126519
1.642 	12.905129
1.643 	13.775099
1.644 	15.824759
1.645 	16.845195
1.646 	13.766261
1.647 	9.261909
1.648 	7.155634
1.649 	9.505586
1.650 	19.033952
1.651 	20.739350
1.652 	11.559999
1.653 	6.805821
1.654 	12.910747
1.655 	16.009079
1.656 	10.699295
1.657 	13.163390
1.658 	16.056301
1.659 	17.695375
1.660 	20.304371
1.661 	17.989272
1.662 	16.348564
1.663 	11.205252
1.664 	7.399012
1.665 	12.955107
1.666 	17.615215
1.667 	19.435699
1.668 	17.517292
1.669 	12.015643
1.670 	10.634977
1.671 	21.272946
1.672 	18.352437
1.673 	16.027815
1.674 	15.346995
1.675 	19.300126
1.676 	20.870025
1.677 	20.464892
1.678 	18.034201
1.679 	9.306768
1.680 	4.770458
1.681 	9.982066
1.682 	19.378977
1.683 	22.102159
1.684 	3.473682
1.685 	-1.695911
1.686 	15.023167
1.687 	22.977076
1.688 	30.490780
1.689 	32.010582
1.690 	27.397105
1.691 	9.498573
1.692 	10.935118
1.693 	14.607965
1.694 	12.319061
1.695 	8.328632
1.696 	11.469929
1.697 	20.419855
1.698 	7.600639
1.699 	32.959820
1.700 	38.879380
