0.660 	27.674977
0.661 	28.262282
0.662 	28.484827
0.663 	28.106336
0.664 	29.973287
0.665 	28.848238
0.666 	27.334727
0.667 	27.000758
0.668 	27.316534
0.669 	26.533436
0.670 	29.969981
0.671 	29.367404
0.672 	27.745505
0.673 	28.179999
0.674 	29.052948
0.675 	27.015943
0.676 	25.687899
0.677 	25.516937
0.678 	26.504246
0.679 	29.455380
0.680 	27.738531
0.681 	28.400798
0.682 	27.251233
0.683 	27.132814
0.684 	29.049317
0.685 	28.131100
0.686 	25.149381
0.687 	26.409823
0.688 	28.029072
0.689 	28.025781
0.690 	27.308821
0.691 	27.818365
0.692 	29.076143
0.693 	27.316588
0.694 	26.614169
0.695 	27.058684
0.696 	27.474334
0.697 	28.471457
0.698 	28.159297
0.699 	26.672031
0.700 	26.371419
0.701 	26.772669
0.702 	26.749846
0.703 	27.170825
0.704 	27.104651
0.705 	26.073319
0.706 	24.008318
0.707 	25.195080
0.708 	27.603450
0.709 	27.692051
0.710 	27.007443
0.711 	25.544854
0.712 	25.819135
0.713 	27.600425
0.714 	27.782356
0.715 	26.263189
0.716 	24.415268
0.717 	24.234872
0.718 	26.310806
0.719 	27.468034
0.720 	27.000064
0.721 	25.796922
0.722 	25.311994
0.723 	25.799314
0.724 	24.939434
0.725 	24.201901
0.726 	25.214053
0.727 	26.276429
0.728 	26.324161
0.729 	25.536467
0.730 	24.576927
0.731 	24.207654
0.732 	25.399402
0.733 	26.670084
0.734 	25.789636
0.735 	25.228484
0.736 	26.098046
0.737 	25.708102
0.738 	25.026774
0.739 	24.855587
0.740 	24.722785
0.741 	24.712569
0.742 	24.945151
0.743 	24.437799
0.744 	24.133520
0.745 	24.311053
0.746 	24.285482
0.747 	24.267626
0.748 	24.709369
0.749 	25.230852
0.750 	25.235148
0.751 	24.866446
0.752 	25.410214
0.753 	25.937640
0.754 	25.620865
0.755 	25.351646
0.756 	25.202008
0.757 	24.947791
0.758 	24.857217
0.759 	24.742710
0.760 	24.249515
0.761 	24.552463
0.762 	25.169788
0.763 	24.876527
0.764 	24.235612
0.765 	23.750882
0.766 	24.211531
0.767 	25.141960
0.768 	25.772494
0.769 	26.006546
0.770 	25.413254
0.771 	24.510440
0.772 	24.100474
0.773 	24.113082
0.774 	23.681365
0.775 	23.720375
0.776 	24.402575
0.777 	24.309875
0.778 	24.380153
0.779 	24.458948
0.780 	24.108674
0.781 	24.127942
0.782 	23.970022
0.783 	23.622362
0.784 	23.894108
0.785 	24.002657
0.786 	23.885062
0.787 	23.956443
0.788 	23.804834
0.789 	23.341652
0.790 	23.315546
0.791 	24.201851
0.792 	24.609930
0.793 	23.837314
0.794 	22.985802
0.795 	22.757944
0.796 	23.018094
0.797 	23.395866
0.798 	23.200041
0.799 	22.882307
0.800 	23.232109
0.801 	23.650944
0.802 	23.542003
0.803 	23.713155
0.804 	23.714588
0.805 	23.108564
0.806 	22.960825
0.807 	22.963074
0.808 	22.695992
0.809 	22.708788
0.810 	23.181228
0.811 	23.697833
0.812 	23.656020
0.813 	23.143396
0.814 	22.865573
0.815 	23.148179
0.816 	23.008866
0.817 	22.522941
0.818 	22.650843
0.819 	22.800000
0.820 	22.393779
0.821 	22.230032
0.822 	22.402751
0.823 	22.501859
0.824 	22.645722
0.825 	22.715987
0.826 	22.408055
0.827 	21.977818
0.828 	22.160506
0.829 	22.593076
0.830 	22.540501
0.831 	22.252355
0.832 	22.086742
0.833 	21.933406
0.834 	21.770974
0.835 	21.987810
0.836 	22.624164
0.837 	23.221746
0.838 	23.305334
0.839 	22.609501
0.840 	21.957980
0.841 	22.515759
0.842 	23.376164
0.843 	23.144111
0.844 	22.357525
0.845 	21.875326
0.846 	21.683767
0.847 	21.614226
0.848 	21.812241
0.849 	22.197940
0.850 	22.297166
0.851 	22.158205
0.852 	22.208300
0.853 	22.354634
0.854 	22.278810
0.855 	21.900953
0.856 	21.645426
0.857 	21.961675
0.858 	22.317836
0.859 	21.971844
0.860 	21.355879
0.861 	21.130297
0.862 	21.352967
0.863 	21.842070
0.864 	22.253964
0.865 	22.083261
0.866 	21.227646
0.867 	20.526321
0.868 	20.551163
0.869 	21.228774
0.870 	22.028269
0.871 	22.430049
0.872 	22.242210
0.873 	21.820648
0.874 	21.443539
0.875 	21.007841
0.876 	20.990951
0.877 	21.445219
0.878 	21.569876
0.879 	20.982454
0.880 	20.624788
0.881 	20.845267
0.882 	21.053086
0.883 	20.993129
0.884 	21.057165
0.885 	21.566778
0.886 	21.927031
0.887 	21.652004
0.888 	21.289670
0.889 	21.063166
0.890 	20.828166
0.891 	20.609716
0.892 	20.871896
0.893 	21.605984
0.894 	22.012500
0.895 	21.523658
0.896 	20.729752
0.897 	20.465045
0.898 	20.482644
0.899 	20.156468
0.900 	19.856248
0.901 	19.862708
0.902 	20.024508
0.903 	20.342473
0.904 	20.428677
0.905 	20.150350
0.906 	20.197464
0.907 	20.852565
0.908 	21.539612
0.909 	21.359824
0.910 	20.540961
0.911 	19.998526
0.912 	20.414508
0.913 	21.311843
0.914 	21.574398
0.915 	20.834027
0.916 	19.905046
0.917 	19.816107
0.918 	20.203894
0.919 	20.492041
0.920 	20.564258
0.921 	20.254272
0.922 	19.520359
0.923 	18.995597
0.924 	18.927248
0.925 	18.845803
0.926 	18.427769
0.927 	18.091172
0.928 	18.214958
0.929 	18.737314
0.930 	19.333171
0.931 	19.959816
0.932 	20.214687
0.933 	20.106846
0.934 	19.769052
0.935 	19.179328
0.936 	18.228360
0.937 	17.419191
0.938 	17.603174
0.939 	18.234205
0.940 	18.577861
0.941 	18.692376
0.942 	18.716585
0.943 	18.508480
0.944 	17.872479
0.945 	17.525582
0.946 	17.369319
0.947 	17.450156
0.948 	17.787125
0.949 	18.004648
0.950 	17.957681
0.951 	17.830453
0.952 	18.082111
0.953 	18.355431
0.954 	18.315722
0.955 	17.964201
0.956 	17.456907
0.957 	17.646484
0.958 	17.895892
0.959 	17.517444
0.960 	17.212176
0.961 	17.098468
0.962 	16.921183
0.963 	17.030668
0.964 	17.727802
0.965 	18.214586
0.966 	18.074165
0.967 	18.051422
0.968 	17.547530
0.969 	17.070181
0.970 	17.445679
0.971 	17.972063
0.972 	17.655518
0.973 	17.017238
0.974 	17.207693
0.975 	17.681633
0.976 	17.495206
0.977 	17.313636
0.978 	17.542583
0.979 	17.874308
0.980 	18.198909
0.981 	17.818934
0.982 	17.357695
0.983 	17.292400
0.984 	17.184321
0.985 	17.381698
0.986 	18.099773
0.987 	18.308739
0.988 	17.604839
0.989 	17.077794
0.990 	17.185902
0.991 	17.310447
0.992 	17.143497
0.993 	17.057727
0.994 	17.606949
0.995 	17.816194
0.996 	17.538519
0.997 	17.590602
0.998 	17.635248
0.999 	17.754991
1.000 	18.378911
1.001 	18.646035
1.002 	18.254016
1.003 	17.982013
1.004 	17.986399
1.005 	17.720713
1.006 	17.165903
1.007 	17.248365
1.008 	17.686886
1.009 	17.676396
1.010 	17.425494
1.011 	17.796865
1.012 	18.110167
1.013 	17.967602
1.014 	17.772623
1.015 	17.699644
1.016 	17.381865
1.017 	17.246269
1.018 	17.812770
1.019 	18.565672
1.020 	19.077916
1.021 	18.853275
1.022 	18.106278
1.023 	17.887997
1.024 	18.583393
1.025 	18.920900
1.026 	18.655806
1.027 	18.153931
1.028 	17.497950
1.029 	17.589939
1.030 	18.219281
1.031 	18.387697
1.032 	18.306950
1.033 	18.281061
1.034 	18.241684
1.035 	18.160540
1.036 	18.248579
1.037 	18.365073
1.038 	18.142455
1.039 	18.061610
1.040 	18.374885
1.041 	18.577502
1.042 	18.198730
1.043 	17.518626
1.044 	17.610114
1.045 	18.350221
1.046 	18.119060
1.047 	17.286630
1.048 	17.565258
1.049 	18.385045
1.050 	18.371472
1.051 	18.046678
1.052 	18.318468
1.053 	18.734530
1.054 	18.520028
1.055 	17.694925
1.056 	17.158722
1.057 	17.686768
1.058 	18.371340
1.059 	18.530470
1.060 	18.464715
1.061 	18.309509
1.062 	18.324439
1.063 	18.382322
1.064 	18.053216
1.065 	17.892388
1.066 	18.425958
1.067 	19.055976
1.068 	19.011053
1.069 	18.471758
1.070 	17.803113
1.071 	17.701589
1.072 	17.905388
1.073 	17.872239
1.074 	18.091815
1.075 	18.648305
1.076 	18.730122
1.077 	18.245908
1.078 	18.102977
1.079 	18.433966
1.080 	18.374779
1.081 	17.912279
1.082 	17.579454
1.083 	17.479351
1.084 	17.644453
1.085 	18.020466
1.086 	18.128084
1.087 	17.990506
1.088 	17.979609
1.089 	17.530664
1.090 	16.840583
1.091 	16.837392
1.092 	17.163017
1.093 	17.052139
1.094 	16.780864
1.095 	17.151716
1.096 	18.127156
1.097 	19.119799
1.098 	19.173641
1.099 	17.847561
1.100 	16.122133
1.101 	15.560308
1.102 	16.355726
1.103 	17.280944
1.104 	17.491401
1.105 	17.460478
1.106 	17.495076
1.107 	17.425205
1.108 	17.136335
1.109 	16.666507
1.110 	16.192309
1.111 	15.815917
1.112 	15.654429
1.113 	15.846355
1.114 	16.051670
1.115 	16.277470
1.116 	16.440552
1.117 	16.008026
1.118 	15.419275
1.119 	15.158770
1.120 	15.085404
1.121 	15.214190
1.122 	15.569796
1.123 	15.749209
1.124 	15.432575
1.125 	14.994664
1.126 	14.754167
1.127 	14.653461
1.128 	14.524655
1.129 	14.189808
1.130 	14.047718
1.131 	14.250774
1.132 	14.407797
1.133 	14.454300
1.134 	14.440340
1.135 	14.239211
1.136 	13.934208
1.137 	13.821357
1.138 	13.986394
1.139 	14.047848
1.140 	13.792665
1.141 	13.358721
1.142 	13.122713
1.143 	13.301802
1.144 	13.395076
1.145 	13.093600
1.146 	12.628696
1.147 	12.096039
1.148 	11.926399
1.149 	12.461579
1.150 	13.460112
1.151 	14.368382
1.152 	14.688155
1.153 	14.317285
1.154 	13.425749
1.155 	12.423352
1.156 	11.880117
1.157 	12.131096
1.158 	12.618252
1.159 	12.837316
1.160 	12.932094
1.161 	13.153840
1.162 	13.279861
1.163 	13.279780
1.164 	13.171876
1.165 	13.015147
1.166 	13.045651
1.167 	13.465952
1.168 	13.728955
1.169 	13.438990
1.170 	12.990919
1.171 	12.869586
1.172 	12.991051
1.173 	12.897116
1.174 	12.465611
1.175 	12.131335
1.176 	12.290722
1.177 	12.700990
1.178 	12.958952
1.179 	12.863946
1.180 	12.605063
1.181 	12.747909
1.182 	13.132921
1.183 	13.247021
1.184 	13.179160
1.185 	13.159767
1.186 	13.332706
1.187 	13.680085
1.188 	13.614284
1.189 	13.034537
1.190 	12.523869
1.191 	12.394011
1.192 	12.372601
1.193 	12.551022
1.194 	12.749282
1.195 	12.496924
1.196 	12.374182
1.197 	12.850879
1.198 	13.184604
1.199 	12.834313
1.200 	12.498190
1.201 	12.682760
1.202 	13.092475
1.203 	13.215051
1.204 	13.199146
1.205 	13.296756
1.206 	13.222851
1.207 	12.819006
1.208 	12.545707
1.209 	12.891859
1.210 	13.335141
1.211 	13.177364
1.212 	12.847808
1.213 	13.227210
1.214 	14.076179
1.215 	14.585928
1.216 	14.409425
1.217 	13.759379
1.218 	12.983240
1.219 	12.732182
1.220 	13.195862
1.221 	13.443664
1.222 	12.982857
1.223 	12.680730
1.224 	13.107921
1.225 	13.634145
1.226 	13.666656
1.227 	13.254113
1.228 	13.021688
1.229 	13.065969
1.230 	13.043699
1.231 	13.137907
1.232 	13.631349
1.233 	14.021391
1.234 	14.072988
1.235 	14.014318
1.236 	13.821967
1.237 	13.263432
1.238 	12.779296
1.239 	13.018008
1.240 	13.660771
1.241 	13.887782
1.242 	13.617479
1.243 	13.011800
1.244 	12.200722
1.245 	11.810079
1.246 	12.226586
1.247 	13.026896
1.248 	13.766602
1.249 	14.057945
1.250 	13.542783
1.251 	12.822893
1.252 	12.599606
1.253 	12.785141
1.254 	12.944911
1.255 	12.955538
1.256 	12.894122
1.257 	13.122890
1.258 	13.769700
1.259 	14.350323
1.260 	14.472410
1.261 	14.054428
1.262 	13.494275
1.263 	12.943016
1.264 	12.643645
1.265 	12.669363
1.266 	12.905232
1.267 	13.245638
1.268 	13.477327
1.269 	13.510407
1.270 	13.507120
1.271 	13.594627
1.272 	13.708910
1.273 	13.782416
1.274 	13.618204
1.275 	13.146150
1.276 	12.879744
1.277 	12.922131
1.278 	12.848348
1.279 	12.599864
1.280 	12.573361
1.281 	13.069950
1.282 	13.577480
1.283 	13.146403
1.284 	11.998152
1.285 	11.534718
1.286 	11.971594
1.287 	12.573741
1.288 	12.701411
1.289 	12.538880
1.290 	12.498993
1.291 	12.777752
1.292 	13.156679
1.293 	13.162306
1.294 	12.926469
1.295 	12.759779
1.296 	12.478245
1.297 	11.930235
1.298 	11.450163
1.299 	11.604390
1.300 	11.971414
1.301 	11.765578
1.302 	11.155112
1.303 	11.195554
1.304 	11.855021
1.305 	12.157322
1.306 	11.730819
1.307 	11.020077
1.308 	10.708034
1.309 	10.927923
1.310 	11.323496
1.311 	11.521020
1.312 	11.553777
1.313 	11.342124
1.314 	11.164287
1.315 	11.332812
1.316 	11.302041
1.317 	10.340995
1.318 	9.298220
1.319 	9.352937
1.320 	9.929544
1.321 	10.123300
1.322 	10.087502
1.323 	10.131203
1.324 	10.303206
1.325 	10.852987
1.326 	11.462457
1.327 	11.601332
1.328 	11.160912
1.329 	10.708308
1.330 	10.126310
1.331 	9.126879
1.332 	8.149163
1.333 	7.757481
1.334 	8.267771
1.335 	9.181716
1.336 	10.074265
1.337 	10.673597
1.338 	10.683977
1.339 	10.180256
1.340 	9.569297
1.341 	9.195657
1.342 	9.246059
1.343 	9.178270
1.344 	8.791322
1.345 	8.760288
1.346 	8.800397
1.347 	8.264646
1.348 	7.798651
1.349 	7.928906
1.350 	8.239835
1.351 	8.364782
1.352 	8.355559
1.353 	8.290681
1.354 	8.447805
1.355 	8.843450
1.356 	9.139653
1.357 	9.193696
1.358 	8.898343
1.359 	8.213951
1.360 	7.857751
1.361 	8.051802
1.362 	8.103367
1.363 	8.203347
1.364 	8.653171
1.365 	8.727041
1.366 	8.285511
1.367 	7.833841
1.368 	7.703909
1.369 	7.804156
1.370 	7.839774
1.371 	7.746570
1.372 	7.567913
1.373 	7.091515
1.374 	6.422239
1.375 	6.153779
1.376 	6.331956
1.377 	6.420927
1.378 	6.564320
1.379 	7.214340
1.380 	7.921933
1.381 	8.071707
1.382 	7.615464
1.383 	6.559562
1.384 	5.841896
1.385 	6.110184
1.386 	6.449974
1.387 	6.058977
1.388 	5.468786
1.389 	5.625226
1.390 	6.246111
1.391 	6.537080
1.392 	6.542036
1.393 	6.646517
1.394 	6.457885
1.395 	5.407270
1.396 	4.428852
1.397 	4.413913
1.398 	4.596915
1.399 	4.746379
1.400 	5.021677
1.401 	5.250043
1.402 	5.255903
1.403 	5.503919
1.404 	5.670633
1.405 	5.032984
1.406 	4.624516
1.407 	5.421575
1.408 	6.277317
1.409 	6.274054
1.410 	5.700578
1.411 	5.211152
1.412 	4.942144
1.413 	4.608467
1.414 	4.731154
1.415 	5.901578
1.416 	7.609239
1.417 	8.116510
1.418 	7.124266
1.419 	5.793190
1.420 	4.977542
1.421 	4.413167
1.422 	4.480687
1.423 	5.169431
1.424 	5.967781
1.425 	6.888656
1.426 	7.523596
1.427 	7.383367
1.428 	6.753601
1.429 	5.637102
1.430 	3.823806
1.431 	2.489952
1.432 	3.226241
1.433 	4.812172
1.434 	5.427190
1.435 	5.501263
1.436 	5.709244
1.437 	5.457307
1.438 	4.242774
1.439 	3.342364
1.440 	3.744997
1.441 	4.828861
1.442 	5.661344
1.443 	5.650711
1.444 	5.309496
1.445 	5.475272
1.446 	5.820952
1.447 	5.800431
1.448 	5.819267
1.449 	6.194903
1.450 	6.767246
1.451 	6.965036
1.452 	6.219336
1.453 	5.641419
1.454 	6.234351
1.455 	6.843769
1.456 	6.657648
1.457 	6.031992
1.458 	5.447464
1.459 	5.221488
1.460 	4.886461
1.461 	4.411013
1.462 	4.778473
1.463 	5.889362
1.464 	6.472159
1.465 	6.166162
1.466 	5.449946
1.467 	4.834193
1.468 	4.351011
1.469 	4.210656
1.470 	4.520730
1.471 	4.959951
1.472 	5.553849
1.473 	6.029118
1.474 	6.814578
1.475 	7.184451
1.476 	6.055051
1.477 	4.648447
1.478 	4.332896
1.479 	5.107800
1.480 	5.738523
1.481 	5.061939
1.482 	4.039980
1.483 	4.712859
1.484 	6.359227
1.485 	7.351164
1.486 	7.468667
1.487 	6.696860
1.488 	5.698774
1.489 	4.714704
1.490 	4.061896
1.491 	5.129615
1.492 	6.941381
1.493 	7.077558
1.494 	6.318331
1.495 	6.307924
1.496 	6.631603
1.497 	6.112549
1.498 	5.186920
1.499 	5.344784
1.500 	6.039314
1.501 	5.799000
1.502 	5.132002
1.503 	4.372266
1.504 	3.427486
1.505 	3.474658
1.506 	5.233586
1.507 	7.371767
1.508 	8.105056
1.509 	7.416092
1.510 	5.981565
1.511 	4.986710
1.512 	5.187903
1.513 	5.954743
1.514 	6.756200
1.515 	7.467095
1.516 	7.395228
1.517 	6.269967
1.518 	5.589155
1.519 	6.140283
1.520 	6.663290
1.521 	6.342421
1.522 	5.584537
1.523 	5.458246
1.524 	5.725245
1.525 	5.442989
1.526 	5.361290
1.527 	6.182946
1.528 	7.205123
1.529 	7.362086
1.530 	6.630208
1.531 	6.120569
1.532 	6.459988
1.533 	7.116796
1.534 	6.749149
1.535 	5.647121
1.536 	4.986727
1.537 	4.817088
1.538 	5.548867
1.539 	6.934623
1.540 	7.992990
1.541 	7.711293
1.542 	6.550096
1.543 	6.770297
1.544 	7.536153
1.545 	7.110681
1.546 	5.891403
1.547 	5.351855
1.548 	5.681107
1.549 	6.668828
1.550 	7.121236
1.551 	6.329714
1.552 	6.355562
1.553 	7.257863
1.554 	7.061437
1.555 	5.750214
1.556 	5.713763
1.557 	7.493212
1.558 	8.086015
1.559 	6.684068
1.560 	4.969486
1.561 	4.300169
1.562 	5.514729
1.563 	6.690272
1.564 	6.712665
1.565 	7.148696
1.566 	8.260475
1.567 	7.571159
1.568 	6.673108
1.569 	7.347607
1.570 	7.741839
1.571 	7.954710
1.572 	7.316635
1.573 	4.959953
1.574 	4.247527
1.575 	6.925053
1.576 	9.277429
1.577 	9.762462
1.578 	8.475933
1.579 	7.526212
1.580 	8.141138
1.581 	7.828778
1.582 	5.767851
1.583 	6.097144
1.584 	6.182360
1.585 	5.163537
1.586 	5.830995
1.587 	6.707850
1.588 	7.331715
1.589 	8.889606
1.590 	8.306421
1.591 	6.865120
1.592 	6.804543
1.593 	7.662784
1.594 	8.370097
1.595 	8.479421
1.596 	8.386651
1.597 	8.622327
1.598 	9.744875
1.599 	9.969744
1.600 	7.588546
1.601 	6.248492
1.602 	7.476728
1.603 	9.058736
1.604 	8.632569
1.605 	6.771477
1.606 	6.602473
1.607 	7.205592
1.608 	6.450117
1.609 	6.245866
1.610 	8.039781
1.611 	8.356372
1.612 	6.687568
1.613 	5.817622
1.614 	5.771654
1.615 	6.017648
1.616 	7.344485
1.617 	9.574955
1.618 	8.908362
1.619 	7.389283
1.620 	7.428288
1.621 	7.324173
1.622 	8.302352
1.623 	8.242234
1.624 	6.193772
1.625 	6.727862
1.626 	7.688467
1.627 	6.420341
1.628 	6.795884
1.629 	8.235279
1.630 	8.280815
1.631 	8.018029
1.632 	7.570612
1.633 	6.722711
1.634 	6.042729
1.635 	4.846078
1.636 	5.852532
1.637 	9.757505
1.638 	10.419306
1.639 	8.214797
1.640 	7.129340
1.641 	8.132735
1.642 	9.447715
1.643 	8.208202
1.644 	6.852658
1.645 	8.973045
1.646 	8.974589
1.647 	8.619952
1.648 	7.660390
1.649 	7.421331
1.650 	6.169647
1.651 	7.002067
1.652 	7.827326
1.653 	8.969061
1.654 	7.796527
1.655 	6.014649
1.656 	6.987435
1.657 	8.527279
1.658 	9.346217
1.659 	8.046410
1.660 	5.290901
1.661 	7.649785
1.662 	9.141882
1.663 	8.693991
1.664 	7.495819
1.665 	6.933932
1.666 	9.856077
1.667 	8.904660
1.668 	7.625208
1.669 	8.007128
1.670 	7.521966
1.671 	7.392533
1.672 	4.869485
1.673 	12.230892
1.674 	8.533392
1.675 	6.087303
1.676 	9.330887
1.677 	8.669809
1.678 	6.884257
1.679 	4.507236
1.680 	9.040971
1.681 	8.972550
1.682 	8.749558
1.683 	7.361164
1.684 	2.031081
1.685 	1.094881
1.686 	4.330376
1.687 	4.500704
1.688 	3.312166
1.689 	4.735719
1.690 	6.887748
1.691 	9.418443
1.692 	19.931660
1.693 	16.877680
1.694 	9.284254
1.695 	10.296472
1.696 	14.832310
1.697 	1.868847
1.698 	5.763317
1.699 	20.711189
1.700 	19.364417
