0.660 	27.253949
0.661 	28.508607
0.662 	31.771605
0.663 	28.904823
0.664 	20.636470
0.665 	31.639062
0.666 	27.420319
0.667 	31.801200
0.668 	19.796797
0.669 	29.590076
0.670 	35.645511
0.671 	28.984314
0.672 	29.160289
0.673 	31.425657
0.674 	26.355924
0.675 	28.695536
0.676 	31.555031
0.677 	30.787094
0.678 	27.791785
0.679 	29.668470
0.680 	31.742007
0.681 	29.620687
0.682 	33.133003
0.683 	30.549101
0.684 	30.056182
0.685 	27.726019
0.686 	30.188921
0.687 	29.487044
0.688 	27.501922
0.689 	27.034717
0.690 	35.397693
0.691 	30.693613
0.692 	22.809851
0.693 	30.292078
0.694 	31.290041
0.695 	23.389007
0.696 	20.918635
0.697 	27.313362
0.698 	28.532663
0.699 	27.825523
0.700 	30.089122
0.701 	29.242277
0.702 	29.567159
0.703 	30.337182
0.704 	26.707172
0.705 	31.517418
0.706 	29.737368
0.707 	26.206268
0.708 	27.528526
0.709 	29.567632
0.710 	31.082645
0.711 	27.316735
0.712 	28.976863
0.713 	30.475339
0.714 	28.963072
0.715 	27.728516
0.716 	30.308556
0.717 	31.571860
0.718 	28.400203
0.719 	26.950716
0.720 	29.950145
0.721 	31.344911
0.722 	25.336798
0.723 	23.837468
0.724 	28.744775
0.725 	32.834836
0.726 	30.364220
0.727 	24.190218
0.728 	26.645625
0.729 	26.400266
0.730 	25.095357
0.731 	29.252504
0.732 	31.845953
0.733 	31.218647
0.734 	29.362964
0.735 	26.150899
0.736 	28.083548
0.737 	27.647939
0.738 	26.901592
0.739 	27.835415
0.740 	27.092245
0.741 	27.009757
0.742 	25.571332
0.743 	27.243803
0.744 	29.056239
0.745 	31.014201
0.746 	31.815457
0.747 	30.778525
0.748 	29.533845
0.749 	29.150655
0.750 	27.210353
0.751 	28.711282
0.752 	29.082066
0.753 	28.586588
0.754 	26.778958
0.755 	24.849241
0.756 	26.220531
0.757 	27.184658
0.758 	26.774660
0.759 	25.155642
0.760 	25.337684
0.761 	29.380760
0.762 	30.341403
0.763 	29.676506
0.764 	30.103658
0.765 	30.029559
0.766 	29.462078
0.767 	29.244015
0.768 	30.034358
0.769 	30.806673
0.770 	30.258373
0.771 	28.530438
0.772 	25.949539
0.773 	23.388239
0.774 	24.760691
0.775 	27.669971
0.776 	28.105621
0.777 	27.316487
0.778 	27.069212
0.779 	27.236291
0.780 	27.930491
0.781 	28.876233
0.782 	29.162777
0.783 	28.328012
0.784 	27.107364
0.785 	26.580768
0.786 	27.706599
0.787 	28.878332
0.788 	28.241388
0.789 	26.660963
0.790 	27.077191
0.791 	28.380215
0.792 	29.140800
0.793 	29.828815
0.794 	28.053269
0.795 	27.155712
0.796 	26.678081
0.797 	25.767372
0.798 	28.393237
0.799 	30.324548
0.800 	30.865500
0.801 	30.786632
0.802 	28.906152
0.803 	26.992427
0.804 	25.648502
0.805 	23.682210
0.806 	25.069440
0.807 	29.417739
0.808 	30.718744
0.809 	26.908977
0.810 	23.908683
0.811 	23.987858
0.812 	26.124702
0.813 	27.503525
0.814 	26.969841
0.815 	26.914055
0.816 	26.251939
0.817 	24.830037
0.818 	25.588771
0.819 	27.561887
0.820 	26.577228
0.821 	24.772454
0.822 	26.047137
0.823 	28.249402
0.824 	29.055763
0.825 	29.014374
0.826 	27.789036
0.827 	26.684036
0.828 	26.557335
0.829 	26.986422
0.830 	27.900503
0.831 	28.236823
0.832 	27.295817
0.833 	25.807841
0.834 	25.127068
0.835 	25.455833
0.836 	25.577274
0.837 	25.319682
0.838 	25.990547
0.839 	27.058153
0.840 	27.527034
0.841 	27.918381
0.842 	27.785748
0.843 	26.822415
0.844 	26.503779
0.845 	26.807428
0.846 	26.587555
0.847 	26.124748
0.848 	26.131130
0.849 	26.835123
0.850 	28.669782
0.851 	29.293353
0.852 	27.587276
0.853 	26.924704
0.854 	26.929938
0.855 	26.328221
0.856 	25.790166
0.857 	26.019698
0.858 	27.142766
0.859 	26.564651
0.860 	23.505688
0.861 	21.717106
0.862 	23.350206
0.863 	26.802754
0.864 	29.182532
0.865 	29.210276
0.866 	27.555863
0.867 	26.470058
0.868 	27.104280
0.869 	28.244503
0.870 	28.407648
0.871 	27.036499
0.872 	25.757225
0.873 	25.618814
0.874 	24.971615
0.875 	24.301928
0.876 	25.077792
0.877 	25.921466
0.878 	26.204291
0.879 	26.867411
0.880 	27.109626
0.881 	26.391607
0.882 	26.212303
0.883 	26.553344
0.884 	26.287177
0.885 	25.632195
0.886 	25.322595
0.887 	25.879858
0.888 	25.956278
0.889 	24.853105
0.890 	24.423477
0.891 	25.126579
0.892 	26.058257
0.893 	26.986005
0.894 	27.472208
0.895 	27.394006
0.896 	26.638422
0.897 	25.678869
0.898 	26.014877
0.899 	26.893220
0.900 	27.243901
0.901 	27.092037
0.902 	25.929573
0.903 	24.585637
0.904 	24.220143
0.905 	25.317595
0.906 	26.384637
0.907 	25.315005
0.908 	23.772433
0.909 	23.738542
0.910 	25.620986
0.911 	27.891506
0.912 	27.805835
0.913 	25.809988
0.914 	24.327974
0.915 	24.416098
0.916 	25.245107
0.917 	25.595665
0.918 	25.181965
0.919 	25.053364
0.920 	25.289987
0.921 	24.577328
0.922 	23.346742
0.923 	23.161603
0.924 	24.444423
0.925 	27.060440
0.926 	28.367174
0.927 	27.164105
0.928 	25.235232
0.929 	23.574929
0.930 	23.099533
0.931 	24.243380
0.932 	25.455402
0.933 	25.695721
0.934 	25.193541
0.935 	24.672565
0.936 	24.053471
0.937 	23.200064
0.938 	22.731568
0.939 	23.571105
0.940 	25.773814
0.941 	27.272883
0.942 	25.574021
0.943 	23.765158
0.944 	23.974678
0.945 	24.886711
0.946 	25.078324
0.947 	24.645241
0.948 	24.694089
0.949 	24.922626
0.950 	24.569594
0.951 	24.694668
0.952 	25.060942
0.953 	24.382443
0.954 	23.394749
0.955 	24.145812
0.956 	24.440563
0.957 	23.744138
0.958 	23.705546
0.959 	23.732063
0.960 	23.182786
0.961 	23.261998
0.962 	23.383536
0.963 	21.831248
0.964 	21.703762
0.965 	22.911235
0.966 	23.838523
0.967 	23.911973
0.968 	23.098136
0.969 	22.745976
0.970 	22.818586
0.971 	23.747086
0.972 	24.741048
0.973 	23.808352
0.974 	22.379718
0.975 	22.598735
0.976 	23.341565
0.977 	23.491609
0.978 	22.963950
0.979 	22.249149
0.980 	22.958011
0.981 	23.334296
0.982 	22.730400
0.983 	24.081476
0.984 	24.641050
0.985 	23.394034
0.986 	23.312914
0.987 	23.758126
0.988 	24.121737
0.989 	24.067500
0.990 	23.662008
0.991 	23.151197
0.992 	23.374652
0.993 	24.124165
0.994 	24.745393
0.995 	23.714257
0.996 	22.776149
0.997 	23.065284
0.998 	22.708132
0.999 	22.855180
1.000 	24.575853
1.001 	25.088097
1.002 	24.110280
1.003 	22.237676
1.004 	20.927740
1.005 	20.365733
1.006 	20.824133
1.007 	21.899723
1.008 	23.638900
1.009 	24.567142
1.010 	22.884042
1.011 	20.670460
1.012 	21.170735
1.013 	23.600982
1.014 	23.891964
1.015 	23.664853
1.016 	25.023802
1.017 	25.484229
1.018 	25.556658
1.019 	24.672651
1.020 	22.952000
1.021 	21.944154
1.022 	22.036025
1.023 	23.049877
1.024 	23.710446
1.025 	22.705392
1.026 	22.734792
1.027 	22.812275
1.028 	22.536571
1.029 	23.512725
1.030 	24.562981
1.031 	24.544943
1.032 	23.958652
1.033 	22.336212
1.034 	20.760456
1.035 	21.395765
1.036 	24.369014
1.037 	26.837013
1.038 	26.129543
1.039 	24.208056
1.040 	22.860849
1.041 	22.576051
1.042 	22.833389
1.043 	23.005036
1.044 	23.309467
1.045 	23.493158
1.046 	22.839372
1.047 	21.981084
1.048 	22.210442
1.049 	23.019195
1.050 	24.204133
1.051 	24.765050
1.052 	24.130135
1.053 	23.646741
1.054 	24.118677
1.055 	24.097286
1.056 	23.610829
1.057 	23.695019
1.058 	24.386565
1.059 	24.865227
1.060 	23.762460
1.061 	22.298467
1.062 	22.661778
1.063 	23.003412
1.064 	21.817555
1.065 	21.341237
1.066 	22.738773
1.067 	24.212081
1.068 	24.185268
1.069 	24.113242
1.070 	24.503729
1.071 	23.968109
1.072 	22.852533
1.073 	22.745192
1.074 	23.778845
1.075 	24.848350
1.076 	25.430650
1.077 	25.489527
1.078 	24.335542
1.079 	23.158983
1.080 	23.136358
1.081 	23.447569
1.082 	23.117649
1.083 	23.283769
1.084 	24.395977
1.085 	24.881308
1.086 	24.424099
1.087 	24.324739
1.088 	24.988259
1.089 	25.088428
1.090 	23.652215
1.091 	22.654203
1.092 	23.246150
1.093 	23.778647
1.094 	23.747847
1.095 	23.812583
1.096 	23.613775
1.097 	23.171354
1.098 	22.921900
1.099 	23.380837
1.100 	23.775547
1.101 	23.555877
1.102 	23.454901
1.103 	24.049518
1.104 	24.901599
1.105 	25.088409
1.106 	24.588562
1.107 	23.563327
1.108 	22.930433
1.109 	23.117385
1.110 	22.980576
1.111 	22.570905
1.112 	22.624571
1.113 	23.160551
1.114 	23.905776
1.115 	23.996175
1.116 	23.750503
1.117 	23.336060
1.118 	22.518317
1.119 	22.531711
1.120 	23.489811
1.121 	23.784957
1.122 	22.619989
1.123 	21.315983
1.124 	21.849831
1.125 	23.265903
1.126 	23.057029
1.127 	22.160327
1.128 	21.943688
1.129 	21.713190
1.130 	21.023392
1.131 	21.080535
1.132 	22.381025
1.133 	23.511623
1.134 	24.053026
1.135 	24.178310
1.136 	23.375082
1.137 	21.895042
1.138 	20.877845
1.139 	20.703859
1.140 	20.771672
1.141 	21.126744
1.142 	21.812074
1.143 	21.974716
1.144 	20.881039
1.145 	20.142813
1.146 	20.771543
1.147 	21.341258
1.148 	21.579129
1.149 	22.276142
1.150 	22.205569
1.151 	20.256283
1.152 	18.321639
1.153 	17.853663
1.154 	18.949278
1.155 	20.995635
1.156 	22.569487
1.157 	22.581913
1.158 	21.015332
1.159 	19.429708
1.160 	18.806684
1.161 	18.896921
1.162 	19.491430
1.163 	20.521610
1.164 	21.162715
1.165 	20.226660
1.166 	18.723110
1.167 	18.274124
1.168 	18.367235
1.169 	18.450343
1.170 	19.475124
1.171 	21.211939
1.172 	22.165630
1.173 	21.881262
1.174 	20.631022
1.175 	19.577221
1.176 	19.410901
1.177 	19.925285
1.178 	19.479746
1.179 	17.927163
1.180 	17.243849
1.181 	17.985928
1.182 	19.596273
1.183 	20.602071
1.184 	19.576815
1.185 	18.511719
1.186 	18.843533
1.187 	18.719114
1.188 	17.846042
1.189 	17.790901
1.190 	18.435532
1.191 	18.477705
1.192 	18.173401
1.193 	18.679100
1.194 	19.238984
1.195 	18.808552
1.196 	18.642141
1.197 	19.842493
1.198 	21.201216
1.199 	20.844225
1.200 	18.817414
1.201 	17.394034
1.202 	18.207106
1.203 	19.568363
1.204 	19.269850
1.205 	18.810609
1.206 	19.755331
1.207 	21.251614
1.208 	21.981081
1.209 	20.874396
1.210 	18.261470
1.211 	16.783899
1.212 	16.936555
1.213 	17.622696
1.214 	18.846382
1.215 	20.536175
1.216 	21.311017
1.217 	20.439482
1.218 	18.406506
1.219 	17.425756
1.220 	18.993359
1.221 	20.960393
1.222 	20.628609
1.223 	18.374095
1.224 	17.621080
1.225 	18.674886
1.226 	19.348005
1.227 	19.603124
1.228 	20.491658
1.229 	21.495153
1.230 	21.504672
1.231 	20.430661
1.232 	19.498391
1.233 	19.203751
1.234 	18.605729
1.235 	18.132587
1.236 	18.641518
1.237 	19.153082
1.238 	19.598209
1.239 	20.453765
1.240 	20.998875
1.241 	20.357582
1.242 	19.432453
1.243 	19.382860
1.244 	20.213283
1.245 	20.637498
1.246 	20.006109
1.247 	19.554007
1.248 	19.832515
1.249 	19.664332
1.250 	19.155567
1.251 	19.483211
1.252 	20.033453
1.253 	19.651993
1.254 	18.768235
1.255 	18.410696
1.256 	18.616005
1.257 	19.404658
1.258 	20.236099
1.259 	20.212577
1.260 	19.893796
1.261 	20.280827
1.262 	21.151506
1.263 	21.864413
1.264 	21.271832
1.265 	19.662123
1.266 	19.163311
1.267 	19.501665
1.268 	20.073757
1.269 	21.218570
1.270 	22.081587
1.271 	21.846991
1.272 	21.107248
1.273 	20.911338
1.274 	20.774461
1.275 	19.977460
1.276 	19.671359
1.277 	20.611417
1.278 	21.947998
1.279 	22.491529
1.280 	21.513010
1.281 	19.381805
1.282 	17.616154
1.283 	16.831931
1.284 	17.167435
1.285 	18.232909
1.286 	19.028535
1.287 	19.556613
1.288 	21.151988
1.289 	23.365431
1.290 	23.164019
1.291 	20.082901
1.292 	17.382546
1.293 	17.152600
1.294 	18.413445
1.295 	19.623854
1.296 	20.567448
1.297 	20.935604
1.298 	21.048610
1.299 	20.869365
1.300 	19.522830
1.301 	18.155609
1.302 	18.800442
1.303 	20.810145
1.304 	21.931437
1.305 	21.245278
1.306 	19.787517
1.307 	18.578102
1.308 	18.487249
1.309 	18.939462
1.310 	18.609634
1.311 	17.209030
1.312 	16.021624
1.313 	16.769751
1.314 	18.688336
1.315 	19.815692
1.316 	19.669893
1.317 	19.206784
1.318 	18.622399
1.319 	18.003248
1.320 	17.875629
1.321 	18.149728
1.322 	18.121592
1.323 	17.995663
1.324 	18.081670
1.325 	18.652156
1.326 	20.268353
1.327 	21.971616
1.328 	22.140090
1.329 	20.471793
1.330 	17.779636
1.331 	15.582705
1.332 	15.754485
1.333 	17.440534
1.334 	18.878123
1.335 	18.109061
1.336 	16.389585
1.337 	15.357500
1.338 	15.078085
1.339 	16.079000
1.340 	17.298606
1.341 	16.909048
1.342 	15.432070
1.343 	14.495788
1.344 	15.027815
1.345 	16.603927
1.346 	17.712251
1.347 	17.686554
1.348 	16.531130
1.349 	15.364462
1.350 	15.577887
1.351 	16.873248
1.352 	17.884900
1.353 	17.899373
1.354 	16.817051
1.355 	14.865256
1.356 	13.975229
1.357 	15.121813
1.358 	16.083875
1.359 	15.208448
1.360 	14.663098
1.361 	15.876489
1.362 	16.856513
1.363 	16.731238
1.364 	15.699723
1.365 	14.673499
1.366 	14.603403
1.367 	14.721106
1.368 	14.976417
1.369 	15.377858
1.370 	14.292082
1.371 	12.895231
1.372 	13.209565
1.373 	14.172407
1.374 	15.473007
1.375 	16.821685
1.376 	17.535095
1.377 	18.037660
1.378 	17.445765
1.379 	14.428734
1.380 	11.393776
1.381 	11.080916
1.382 	12.235622
1.383 	12.658911
1.384 	12.129767
1.385 	11.175581
1.386 	10.981612
1.387 	13.160113
1.388 	15.957927
1.389 	16.208327
1.390 	15.582896
1.391 	15.991674
1.392 	14.917485
1.393 	10.746614
1.394 	7.844870
1.395 	8.649694
1.396 	10.705165
1.397 	12.028209
1.398 	12.665823
1.399 	12.028609
1.400 	10.846401
1.401 	10.435394
1.402 	10.689441
1.403 	11.237323
1.404 	12.791630
1.405 	14.137031
1.406 	13.136219
1.407 	10.395652
1.408 	8.669346
1.409 	9.487253
1.410 	10.951800
1.411 	10.422945
1.412 	9.412218
1.413 	10.034693
1.414 	10.828519
1.415 	10.269772
1.416 	8.539009
1.417 	6.815474
1.418 	5.923983
1.419 	6.879191
1.420 	9.326388
1.421 	10.093492
1.422 	8.194184
1.423 	6.628879
1.424 	7.805057
1.425 	10.461269
1.426 	11.855474
1.427 	11.619561
1.428 	11.490252
1.429 	11.607265
1.430 	9.821078
1.431 	6.983178
1.432 	6.944568
1.433 	9.791821
1.434 	12.409695
1.435 	12.940793
1.436 	12.182529
1.437 	12.201501
1.438 	12.388654
1.439 	10.242468
1.440 	8.091816
1.441 	7.712642
1.442 	7.411924
1.443 	6.846901
1.444 	6.930047
1.445 	8.420998
1.446 	10.421190
1.447 	10.671205
1.448 	8.542960
1.449 	5.945322
1.450 	4.553782
1.451 	5.371918
1.452 	8.041462
1.453 	10.087800
1.454 	10.290924
1.455 	9.381918
1.456 	8.843846
1.457 	10.074652
1.458 	11.695575
1.459 	12.100203
1.460 	11.050772
1.461 	8.308556
1.462 	5.916142
1.463 	6.602908
1.464 	8.236265
1.465 	8.135428
1.466 	7.964438
1.467 	9.208571
1.468 	10.300963
1.469 	10.340897
1.470 	10.990140
1.471 	11.480067
1.472 	9.471898
1.473 	6.796149
1.474 	7.195348
1.475 	9.896815
1.476 	11.845392
1.477 	11.752051
1.478 	10.641194
1.479 	11.073297
1.480 	13.562070
1.481 	15.893484
1.482 	14.669633
1.483 	10.005564
1.484 	7.062247
1.485 	7.639872
1.486 	8.546985
1.487 	8.689728
1.488 	8.896264
1.489 	8.278791
1.490 	6.414632
1.491 	6.845473
1.492 	9.954278
1.493 	11.527503
1.494 	11.157154
1.495 	10.837324
1.496 	11.880147
1.497 	12.899855
1.498 	13.397733
1.499 	12.414790
1.500 	9.299500
1.501 	7.798266
1.502 	8.978084
1.503 	10.312833
1.504 	11.674239
1.505 	12.467184
1.506 	11.753449
1.507 	10.813166
1.508 	10.336602
1.509 	11.207943
1.510 	13.643053
1.511 	14.878316
1.512 	12.687585
1.513 	9.648371
1.514 	9.012587
1.515 	9.638711
1.516 	9.727825
1.517 	8.963461
1.518 	7.537271
1.519 	7.986072
1.520 	9.586524
1.521 	9.859071
1.522 	11.105437
1.523 	12.537127
1.524 	11.313579
1.525 	10.813702
1.526 	12.684006
1.527 	14.127505
1.528 	13.044870
1.529 	10.304097
1.530 	7.973400
1.531 	7.688909
1.532 	7.344549
1.533 	7.027810
1.534 	9.449687
1.535 	12.212124
1.536 	11.725545
1.537 	9.582468
1.538 	8.312249
1.539 	8.696615
1.540 	9.634594
1.541 	11.483266
1.542 	14.808924
1.543 	16.629967
1.544 	14.222049
1.545 	10.606344
1.546 	10.892850
1.547 	13.184007
1.548 	16.847676
1.549 	17.947989
1.550 	13.664438
1.551 	10.423925
1.552 	12.787932
1.553 	15.132364
1.554 	13.543019
1.555 	11.589491
1.556 	10.115762
1.557 	8.258846
1.558 	8.172118
1.559 	8.796772
1.560 	10.767507
1.561 	12.949157
1.562 	13.824413
1.563 	14.895728
1.564 	14.158654
1.565 	12.539479
1.566 	11.893189
1.567 	10.119233
1.568 	9.719300
1.569 	11.002425
1.570 	10.800262
1.571 	11.757774
1.572 	13.488971
1.573 	13.585651
1.574 	11.989553
1.575 	12.286301
1.576 	15.098744
1.577 	12.667815
1.578 	9.193865
1.579 	10.448877
1.580 	14.161638
1.581 	16.342858
1.582 	16.232603
1.583 	13.763649
1.584 	9.839709
1.585 	7.636607
1.586 	10.108333
1.587 	11.921469
1.588 	11.858075
1.589 	15.250418
1.590 	16.162087
1.591 	15.276701
1.592 	17.651606
1.593 	17.208936
1.594 	12.071246
1.595 	8.094826
1.596 	8.836215
1.597 	10.813133
1.598 	16.246166
1.599 	20.120723
1.600 	19.014295
1.601 	15.873269
1.602 	14.205848
1.603 	13.704820
1.604 	13.339801
1.605 	11.288653
1.606 	9.507459
1.607 	11.984769
1.608 	17.171505
1.609 	18.826851
1.610 	14.817387
1.611 	7.950566
1.612 	6.296073
1.613 	9.366650
1.614 	10.989779
1.615 	13.926209
1.616 	17.070211
1.617 	17.122477
1.618 	15.759188
1.619 	15.481487
1.620 	11.008086
1.621 	6.297983
1.622 	10.082931
1.623 	13.946358
1.624 	13.072110
1.625 	9.457365
1.626 	10.064538
1.627 	17.033927
1.628 	22.836383
1.629 	22.564957
1.630 	18.330801
1.631 	14.689590
1.632 	12.658927
1.633 	14.436110
1.634 	13.752153
1.635 	13.641454
1.636 	14.802792
1.637 	17.893245
1.638 	20.200601
1.639 	19.741636
1.640 	15.888571
1.641 	11.251959
1.642 	9.803650
1.643 	17.176011
1.644 	19.135083
1.645 	11.859002
1.646 	9.543807
1.647 	11.713045
1.648 	11.328044
1.649 	15.430895
1.650 	13.507204
1.651 	7.404497
1.652 	9.237739
1.653 	12.512234
1.654 	13.508672
1.655 	20.384860
1.656 	24.494974
1.657 	18.329999
1.658 	15.260105
1.659 	16.690118
1.660 	13.495679
1.661 	14.201873
1.662 	14.612954
1.663 	13.871122
1.664 	15.239893
1.665 	17.231979
1.666 	12.932513
1.667 	7.182549
1.668 	10.535341
1.669 	15.183542
1.670 	15.107114
1.671 	16.996298
1.672 	14.814705
1.673 	11.023521
1.674 	13.051675
1.675 	16.798248
1.676 	13.381033
1.677 	16.729702
1.678 	24.511616
1.679 	15.684005
1.680 	9.982984
1.681 	18.781186
1.682 	16.666810
1.683 	23.536208
1.684 	17.473451
1.685 	17.793245
1.686 	16.557496
1.687 	19.591302
1.688 	-0.533586
1.689 	-13.894688
1.690 	26.929771
1.691 	34.754476
1.692 	1.704853
1.693 	-11.115587
1.694 	5.437710
1.695 	26.224579
1.696 	40.870587
1.697 	18.208753
1.698 	6.809857
1.699 	-1.904168
1.700 	12.727109
