0.660 	22.006147
0.661 	24.128540
0.662 	23.732335
0.663 	27.427092
0.664 	26.714341
0.665 	22.554881
0.666 	22.091070
0.667 	26.984880
0.668 	24.901266
0.669 	25.554911
0.670 	24.734125
0.671 	23.230785
0.672 	26.828273
0.673 	23.687720
0.674 	17.958604
0.675 	22.741830
0.676 	25.518779
0.677 	27.626579
0.678 	24.006379
0.679 	21.711872
0.680 	25.069350
0.681 	21.045514
0.682 	25.126813
0.683 	25.469726
0.684 	26.046684
0.685 	21.955617
0.686 	19.602316
0.687 	23.237914
0.688 	24.718875
0.689 	23.710212
0.690 	23.377364
0.691 	22.590039
0.692 	26.698730
0.693 	25.023264
0.694 	22.889351
0.695 	24.738114
0.696 	26.627498
0.697 	25.916782
0.698 	23.387803
0.699 	22.775906
0.700 	22.361285
0.701 	21.656193
0.702 	25.190155
0.703 	26.061630
0.704 	22.645503
0.705 	25.919351
0.706 	27.599555
0.707 	24.385362
0.708 	21.384815
0.709 	22.616319
0.710 	26.445540
0.711 	26.299243
0.712 	24.262575
0.713 	23.684584
0.714 	26.779223
0.715 	26.301155
0.716 	22.798850
0.717 	22.476785
0.718 	24.885174
0.719 	26.246358
0.720 	26.291490
0.721 	24.986550
0.722 	24.749429
0.723 	24.163693
0.724 	24.219322
0.725 	24.629735
0.726 	24.305857
0.727 	23.301526
0.728 	22.794041
0.729 	24.409974
0.730 	25.483870
0.731 	24.532072
0.732 	24.030041
0.733 	24.829368
0.734 	24.292053
0.735 	24.037223
0.736 	24.741632
0.737 	24.088061
0.738 	22.743157
0.739 	23.166317
0.740 	23.891083
0.741 	23.724377
0.742 	23.193335
0.743 	22.767986
0.744 	23.735512
0.745 	25.058883
0.746 	25.842370
0.747 	25.614672
0.748 	24.127213
0.749 	22.693665
0.750 	23.441111
0.751 	24.722351
0.752 	24.763308
0.753 	23.654130
0.754 	22.738976
0.755 	23.731135
0.756 	25.329011
0.757 	25.492292
0.758 	24.478950
0.759 	23.669142
0.760 	24.185930
0.761 	24.304302
0.762 	23.732979
0.763 	23.335549
0.764 	23.537029
0.765 	24.506971
0.766 	24.734991
0.767 	25.279400
0.768 	25.803678
0.769 	24.809704
0.770 	24.163392
0.771 	25.176629
0.772 	24.927242
0.773 	24.085620
0.774 	23.240912
0.775 	22.720290
0.776 	23.665472
0.777 	24.659483
0.778 	24.822804
0.779 	24.487910
0.780 	24.142958
0.781 	24.031422
0.782 	24.018151
0.783 	24.750835
0.784 	25.318803
0.785 	24.374743
0.786 	23.199225
0.787 	22.763840
0.788 	22.990626
0.789 	23.989278
0.790 	25.381366
0.791 	25.453299
0.792 	24.603505
0.793 	23.781731
0.794 	23.384347
0.795 	23.992653
0.796 	25.549332
0.797 	26.069643
0.798 	24.738408
0.799 	24.041678
0.800 	24.739232
0.801 	24.955600
0.802 	24.537626
0.803 	24.085338
0.804 	23.857223
0.805 	23.900185
0.806 	24.416786
0.807 	25.029933
0.808 	24.188691
0.809 	22.969635
0.810 	23.268735
0.811 	24.136065
0.812 	24.711731
0.813 	24.668208
0.814 	23.903718
0.815 	23.248682
0.816 	23.672532
0.817 	24.883407
0.818 	25.411908
0.819 	24.735798
0.820 	24.133290
0.821 	24.257489
0.822 	24.563856
0.823 	24.625801
0.824 	24.560019
0.825 	24.316327
0.826 	24.053435
0.827 	24.133282
0.828 	24.288972
0.829 	24.305697
0.830 	24.469549
0.831 	24.678252
0.832 	24.723280
0.833 	24.267007
0.834 	23.545013
0.835 	23.079020
0.836 	22.991477
0.837 	23.318893
0.838 	23.502161
0.839 	23.623528
0.840 	24.132595
0.841 	24.267994
0.842 	24.227197
0.843 	24.657130
0.844 	24.586429
0.845 	24.023620
0.846 	24.043732
0.847 	24.319551
0.848 	24.326750
0.849 	24.233404
0.850 	23.950665
0.851 	23.721740
0.852 	24.207845
0.853 	24.973145
0.854 	24.847552
0.855 	23.864514
0.856 	23.208999
0.857 	23.442451
0.858 	23.790338
0.859 	23.686239
0.860 	23.807281
0.861 	24.512672
0.862 	24.990673
0.863 	25.071589
0.864 	25.127229
0.865 	24.943436
0.866 	24.228378
0.867 	23.455495
0.868 	23.163171
0.869 	23.215451
0.870 	23.267857
0.871 	23.192419
0.872 	23.087517
0.873 	23.435745
0.874 	24.225666
0.875 	25.040538
0.876 	25.374053
0.877 	24.892231
0.878 	23.846771
0.879 	22.879330
0.880 	22.593750
0.881 	23.026613
0.882 	23.757629
0.883 	24.152260
0.884 	24.041153
0.885 	23.344686
0.886 	22.836718
0.887 	23.119260
0.888 	23.439300
0.889 	23.327502
0.890 	23.683250
0.891 	24.324306
0.892 	24.305272
0.893 	23.836564
0.894 	23.581112
0.895 	23.693418
0.896 	23.824040
0.897 	23.709973
0.898 	23.504899
0.899 	23.553188
0.900 	23.453088
0.901 	22.956252
0.902 	22.750488
0.903 	23.250038
0.904 	23.774962
0.905 	24.018921
0.906 	24.148466
0.907 	23.898522
0.908 	23.324907
0.909 	23.132133
0.910 	23.572905
0.911 	24.230863
0.912 	24.443870
0.913 	24.205574
0.914 	23.906194
0.915 	23.305698
0.916 	22.467176
0.917 	22.402380
0.918 	23.067841
0.919 	23.406006
0.920 	23.148015
0.921 	22.482749
0.922 	22.113594
0.923 	22.711683
0.924 	23.749886
0.925 	24.188498
0.926 	23.972456
0.927 	23.627623
0.928 	23.595412
0.929 	23.759451
0.930 	23.734206
0.931 	23.520185
0.932 	23.546887
0.933 	23.847338
0.934 	23.944201
0.935 	23.640075
0.936 	23.291665
0.937 	22.988828
0.938 	22.733464
0.939 	22.752663
0.940 	22.899860
0.941 	22.866121
0.942 	22.848380
0.943 	22.813707
0.944 	22.764072
0.945 	22.932368
0.946 	23.020013
0.947 	23.046698
0.948 	22.997510
0.949 	22.758322
0.950 	22.620222
0.951 	22.546575
0.952 	22.480383
0.953 	23.014233
0.954 	23.336593
0.955 	22.856325
0.956 	22.480531
0.957 	22.509912
0.958 	22.586319
0.959 	22.786263
0.960 	22.576133
0.961 	21.827140
0.962 	21.569994
0.963 	21.706117
0.964 	21.555072
0.965 	21.049241
0.966 	21.266233
0.967 	22.150725
0.968 	22.898335
0.969 	22.640600
0.970 	21.942349
0.971 	21.865875
0.972 	21.806692
0.973 	21.860557
0.974 	22.061414
0.975 	22.512452
0.976 	21.977673
0.977 	20.961499
0.978 	21.448855
0.979 	22.535647
0.980 	22.517523
0.981 	21.514538
0.982 	20.968459
0.983 	20.918199
0.984 	21.586441
0.985 	21.867281
0.986 	21.718445
0.987 	21.752268
0.988 	21.765380
0.989 	21.456770
0.990 	20.930365
0.991 	20.776945
0.992 	21.333829
0.993 	21.889486
0.994 	21.921828
0.995 	22.072535
0.996 	22.280280
0.997 	22.000562
0.998 	21.838596
0.999 	21.846072
1.000 	22.026742
1.001 	22.437007
1.002 	22.414198
1.003 	21.817559
1.004 	21.465526
1.005 	22.094982
1.006 	22.958582
1.007 	22.961343
1.008 	22.174086
1.009 	21.244522
1.010 	20.794434
1.011 	21.286768
1.012 	21.809257
1.013 	21.966692
1.014 	22.051119
1.015 	22.287911
1.016 	22.506594
1.017 	22.566602
1.018 	22.594260
1.019 	22.960951
1.020 	22.756529
1.021 	22.539679
1.022 	22.767658
1.023 	22.719238
1.024 	22.314670
1.025 	21.796879
1.026 	21.871643
1.027 	21.668147
1.028 	21.034380
1.029 	21.236835
1.030 	21.667960
1.031 	22.151457
1.032 	22.674647
1.033 	22.796608
1.034 	22.577786
1.035 	22.778999
1.036 	23.457475
1.037 	23.596624
1.038 	22.772680
1.039 	21.704245
1.040 	21.590456
1.041 	22.527331
1.042 	23.271987
1.043 	23.119886
1.044 	22.517368
1.045 	22.335469
1.046 	22.778443
1.047 	22.958345
1.048 	23.064889
1.049 	23.019441
1.050 	22.740888
1.051 	22.590195
1.052 	22.717082
1.053 	22.746061
1.054 	22.401280
1.055 	22.096076
1.056 	21.703773
1.057 	21.650614
1.058 	22.183598
1.059 	22.852261
1.060 	23.375974
1.061 	23.793010
1.062 	23.694383
1.063 	23.027556
1.064 	22.119215
1.065 	21.587001
1.066 	22.072157
1.067 	23.041595
1.068 	23.387422
1.069 	23.340335
1.070 	22.981547
1.071 	22.252146
1.072 	21.672944
1.073 	21.762225
1.074 	22.775233
1.075 	23.687964
1.076 	23.474848
1.077 	22.623204
1.078 	22.001380
1.079 	22.051691
1.080 	22.575134
1.081 	23.027272
1.082 	23.090951
1.083 	22.641800
1.084 	22.253320
1.085 	22.546080
1.086 	23.110684
1.087 	23.439973
1.088 	23.563058
1.089 	23.193679
1.090 	22.357621
1.091 	21.894072
1.092 	22.052158
1.093 	22.301056
1.094 	22.346862
1.095 	22.585209
1.096 	22.960459
1.097 	22.827027
1.098 	22.036633
1.099 	21.653626
1.100 	21.979378
1.101 	22.378870
1.102 	22.484974
1.103 	22.193720
1.104 	22.174580
1.105 	22.569417
1.106 	22.831112
1.107 	23.222100
1.108 	23.564475
1.109 	23.082444
1.110 	22.315642
1.111 	21.989995
1.112 	22.058695
1.113 	22.164245
1.114 	21.732496
1.115 	21.301896
1.116 	21.704474
1.117 	22.345493
1.118 	22.738305
1.119 	22.811248
1.120 	22.568355
1.121 	22.283880
1.122 	21.716910
1.123 	21.007927
1.124 	21.096317
1.125 	21.648860
1.126 	21.885393
1.127 	22.103382
1.128 	22.410387
1.129 	22.298965
1.130 	21.679316
1.131 	21.149236
1.132 	21.469678
1.133 	22.177523
1.134 	22.247309
1.135 	21.796884
1.136 	21.538011
1.137 	21.568093
1.138 	21.567569
1.139 	21.286623
1.140 	20.747323
1.141 	20.509340
1.142 	20.719084
1.143 	20.755461
1.144 	20.513203
1.145 	20.388564
1.146 	20.539996
1.147 	20.531475
1.148 	20.229471
1.149 	19.970291
1.150 	19.691779
1.151 	19.401022
1.152 	19.290419
1.153 	19.152982
1.154 	19.097982
1.155 	19.257235
1.156 	19.527612
1.157 	19.506285
1.158 	18.973509
1.159 	18.534279
1.160 	18.704867
1.161 	19.067973
1.162 	19.254008
1.163 	19.322556
1.164 	19.218569
1.165 	19.191273
1.166 	19.139647
1.167 	18.708364
1.168 	18.193305
1.169 	18.142483
1.170 	18.519809
1.171 	18.883347
1.172 	18.610323
1.173 	18.006455
1.174 	18.121327
1.175 	18.862244
1.176 	19.361228
1.177 	19.310243
1.178 	18.906265
1.179 	18.314613
1.180 	17.747453
1.181 	17.677946
1.182 	18.096944
1.183 	18.427799
1.184 	18.263506
1.185 	17.767033
1.186 	17.540775
1.187 	17.907838
1.188 	18.436994
1.189 	19.009975
1.190 	19.545226
1.191 	19.443079
1.192 	18.862001
1.193 	18.711358
1.194 	18.750155
1.195 	18.239939
1.196 	17.641700
1.197 	17.911893
1.198 	18.482509
1.199 	18.377323
1.200 	17.570155
1.201 	16.740781
1.202 	16.644628
1.203 	17.494166
1.204 	18.676203
1.205 	19.150192
1.206 	18.684644
1.207 	18.015659
1.208 	18.133053
1.209 	18.545113
1.210 	18.429182
1.211 	18.255888
1.212 	18.309685
1.213 	18.463247
1.214 	18.695290
1.215 	18.686788
1.216 	18.118154
1.217 	17.518342
1.218 	17.497205
1.219 	17.852082
1.220 	18.163964
1.221 	18.259938
1.222 	18.348097
1.223 	18.408635
1.224 	18.453324
1.225 	18.613212
1.226 	18.768699
1.227 	18.966737
1.228 	19.102994
1.229 	18.964252
1.230 	18.878104
1.231 	18.835064
1.232 	18.476948
1.233 	18.017546
1.234 	17.940882
1.235 	18.340622
1.236 	18.635890
1.237 	18.665306
1.238 	18.392435
1.239 	17.976681
1.240 	18.232656
1.241 	19.399797
1.242 	20.209308
1.243 	20.005256
1.244 	19.291043
1.245 	18.476765
1.246 	18.033578
1.247 	18.296762
1.248 	18.838425
1.249 	19.063679
1.250 	18.999042
1.251 	18.827305
1.252 	18.644533
1.253 	18.693550
1.254 	19.160847
1.255 	19.632871
1.256 	19.420412
1.257 	18.672311
1.258 	18.372544
1.259 	18.821585
1.260 	19.526610
1.261 	19.748627
1.262 	19.325366
1.263 	18.669556
1.264 	18.262536
1.265 	17.980934
1.266 	17.589824
1.267 	17.521935
1.268 	18.304424
1.269 	19.689593
1.270 	20.597065
1.271 	20.514231
1.272 	19.787706
1.273 	18.972138
1.274 	18.336977
1.275 	18.405587
1.276 	18.915764
1.277 	19.127846
1.278 	19.080748
1.279 	19.178180
1.280 	19.141021
1.281 	18.611410
1.282 	17.970768
1.283 	17.966032
1.284 	18.787330
1.285 	19.245669
1.286 	19.109820
1.287 	19.098404
1.288 	19.249016
1.289 	19.166131
1.290 	19.006561
1.291 	18.903569
1.292 	18.485930
1.293 	18.080556
1.294 	18.068683
1.295 	18.199733
1.296 	18.350518
1.297 	18.329137
1.298 	18.098700
1.299 	18.173327
1.300 	18.379932
1.301 	18.288289
1.302 	18.357503
1.303 	18.813388
1.304 	19.215432
1.305 	19.257362
1.306 	18.990811
1.307 	18.738955
1.308 	18.911764
1.309 	19.290742
1.310 	19.254501
1.311 	18.670523
1.312 	17.813396
1.313 	16.998036
1.314 	16.788819
1.315 	17.228384
1.316 	17.759380
1.317 	18.264710
1.318 	18.737248
1.319 	18.634480
1.320 	18.091815
1.321 	17.541201
1.322 	17.409921
1.323 	17.531367
1.324 	17.517109
1.325 	17.349986
1.326 	17.237734
1.327 	16.941672
1.328 	16.356135
1.329 	16.291446
1.330 	17.110456
1.331 	17.769828
1.332 	17.475408
1.333 	16.843409
1.334 	16.830168
1.335 	17.263230
1.336 	17.669861
1.337 	17.662463
1.338 	17.023865
1.339 	15.911064
1.340 	15.242895
1.341 	15.384921
1.342 	16.004202
1.343 	16.508637
1.344 	16.611929
1.345 	16.351994
1.346 	15.956201
1.347 	15.625700
1.348 	15.699191
1.349 	16.162599
1.350 	16.558411
1.351 	16.494440
1.352 	16.202000
1.353 	15.578969
1.354 	14.651682
1.355 	14.345860
1.356 	15.347871
1.357 	16.625188
1.358 	16.722160
1.359 	15.830668
1.360 	15.104336
1.361 	15.004892
1.362 	15.103279
1.363 	14.643548
1.364 	14.081224
1.365 	14.327018
1.366 	14.904250
1.367 	15.240614
1.368 	15.392078
1.369 	15.388063
1.370 	14.827906
1.371 	13.679073
1.372 	12.979548
1.373 	12.957152
1.374 	13.137721
1.375 	13.678561
1.376 	14.611054
1.377 	15.279025
1.378 	15.430985
1.379 	15.046330
1.380 	14.535356
1.381 	14.161425
1.382 	13.914425
1.383 	13.609209
1.384 	13.292809
1.385 	13.266643
1.386 	13.324427
1.387 	12.811286
1.388 	11.749558
1.389 	11.227551
1.390 	11.821741
1.391 	12.395910
1.392 	12.383547
1.393 	12.025561
1.394 	11.575116
1.395 	11.254965
1.396 	11.154283
1.397 	10.956418
1.398 	10.732212
1.399 	10.814155
1.400 	11.054574
1.401 	10.768897
1.402 	9.914312
1.403 	8.911590
1.404 	8.534844
1.405 	9.148812
1.406 	10.127836
1.407 	10.457346
1.408 	10.212329
1.409 	9.913176
1.410 	9.694510
1.411 	9.610907
1.412 	9.793127
1.413 	9.881899
1.414 	9.374735
1.415 	8.804207
1.416 	8.554075
1.417 	8.210490
1.418 	7.764912
1.419 	7.801858
1.420 	8.536337
1.421 	9.697040
1.422 	10.363711
1.423 	9.620247
1.424 	7.998443
1.425 	7.265859
1.426 	7.423447
1.427 	7.853013
1.428 	8.595577
1.429 	9.172741
1.430 	9.021930
1.431 	8.340277
1.432 	7.836727
1.433 	8.059928
1.434 	8.587197
1.435 	8.996793
1.436 	9.434391
1.437 	9.834658
1.438 	9.521403
1.439 	8.361540
1.440 	7.535904
1.441 	7.373426
1.442 	7.557700
1.443 	7.877734
1.444 	8.257801
1.445 	8.556534
1.446 	8.448752
1.447 	8.231660
1.448 	8.442878
1.449 	8.801415
1.450 	8.952893
1.451 	8.960865
1.452 	8.540226
1.453 	7.697217
1.454 	6.967740
1.455 	6.669083
1.456 	6.914284
1.457 	7.662114
1.458 	8.862787
1.459 	9.762172
1.460 	9.562273
1.461 	8.630082
1.462 	7.953454
1.463 	8.433158
1.464 	9.338877
1.465 	9.021609
1.466 	7.828150
1.467 	7.252732
1.468 	8.034908
1.469 	9.171272
1.470 	9.388373
1.471 	9.000438
1.472 	8.487742
1.473 	8.143904
1.474 	8.643847
1.475 	9.541115
1.476 	9.685111
1.477 	8.818446
1.478 	7.763078
1.479 	7.245089
1.480 	7.352501
1.481 	8.134578
1.482 	8.827169
1.483 	8.667068
1.484 	8.118779
1.485 	7.776934
1.486 	7.588667
1.487 	7.806025
1.488 	8.332949
1.489 	8.509575
1.490 	7.954485
1.491 	7.023108
1.492 	6.943605
1.493 	8.331851
1.494 	10.599752
1.495 	11.960795
1.496 	11.153859
1.497 	9.079710
1.498 	7.649133
1.499 	7.558668
1.500 	8.326658
1.501 	9.249849
1.502 	9.451080
1.503 	8.668205
1.504 	8.295078
1.505 	8.941121
1.506 	9.096521
1.507 	8.556802
1.508 	8.532202
1.509 	9.085674
1.510 	9.123614
1.511 	8.475094
1.512 	8.433984
1.513 	9.044199
1.514 	8.718169
1.515 	8.012019
1.516 	8.947031
1.517 	10.229296
1.518 	9.959177
1.519 	9.023365
1.520 	8.749105
1.521 	9.601517
1.522 	11.126946
1.523 	12.206624
1.524 	11.330658
1.525 	9.279867
1.526 	8.223704
1.527 	8.359847
1.528 	9.272888
1.529 	10.044581
1.530 	9.018867
1.531 	7.701765
1.532 	8.445052
1.533 	10.003100
1.534 	10.713605
1.535 	9.807341
1.536 	7.717898
1.537 	7.330899
1.538 	9.575033
1.539 	11.674815
1.540 	11.864449
1.541 	10.363863
1.542 	8.484349
1.543 	7.709720
1.544 	8.527588
1.545 	10.343521
1.546 	11.203995
1.547 	10.724708
1.548 	10.566855
1.549 	11.367246
1.550 	11.597648
1.551 	11.465427
1.552 	11.366362
1.553 	11.279332
1.554 	12.045677
1.555 	12.260145
1.556 	10.930654
1.557 	9.771614
1.558 	9.385820
1.559 	9.382465
1.560 	9.567312
1.561 	10.288523
1.562 	11.284343
1.563 	11.015285
1.564 	9.428337
1.565 	7.748110
1.566 	7.806779
1.567 	9.830771
1.568 	11.627429
1.569 	12.465224
1.570 	13.122125
1.571 	13.349071
1.572 	12.651875
1.573 	11.336119
1.574 	10.260408
1.575 	10.029359
1.576 	10.939862
1.577 	11.158072
1.578 	10.617534
1.579 	11.130945
1.580 	11.871932
1.581 	11.113559
1.582 	9.408683
1.583 	9.108585
1.584 	10.448426
1.585 	11.000624
1.586 	11.356920
1.587 	12.476740
1.588 	12.888155
1.589 	11.752301
1.590 	11.322167
1.591 	12.890611
1.592 	12.970932
1.593 	11.527518
1.594 	9.992048
1.595 	10.086976
1.596 	11.004751
1.597 	11.310455
1.598 	10.319365
1.599 	10.214457
1.600 	10.773784
1.601 	11.006608
1.602 	12.167775
1.603 	12.774393
1.604 	12.178957
1.605 	10.833214
1.606 	9.579486
1.607 	10.457564
1.608 	13.931890
1.609 	14.626650
1.610 	12.644606
1.611 	11.940415
1.612 	12.036605
1.613 	12.801265
1.614 	13.435674
1.615 	12.532104
1.616 	10.157350
1.617 	8.704006
1.618 	10.241865
1.619 	13.789164
1.620 	14.221177
1.621 	13.465587
1.622 	13.593383
1.623 	12.956930
1.624 	11.811649
1.625 	11.941637
1.626 	12.176074
1.627 	12.405715
1.628 	13.435631
1.629 	13.801996
1.630 	12.493301
1.631 	11.614930
1.632 	11.218997
1.633 	10.658372
1.634 	12.306819
1.635 	14.141564
1.636 	14.212192
1.637 	13.055915
1.638 	12.506387
1.639 	13.176464
1.640 	13.411835
1.641 	13.071773
1.642 	11.406270
1.643 	10.727773
1.644 	11.577811
1.645 	12.604414
1.646 	13.775355
1.647 	14.171239
1.648 	13.465797
1.649 	13.291022
1.650 	12.566532
1.651 	12.337724
1.652 	12.203112
1.653 	13.494988
1.654 	13.501925
1.655 	12.101034
1.656 	12.481244
1.657 	14.579692
1.658 	15.042194
1.659 	12.552943
1.660 	11.037942
1.661 	12.251328
1.662 	13.388055
1.663 	14.439212
1.664 	13.278244
1.665 	11.956865
1.666 	14.048764
1.667 	15.491242
1.668 	14.487552
1.669 	13.248394
1.670 	11.625098
1.671 	10.964469
1.672 	13.700267
1.673 	13.171840
1.674 	12.272669
1.675 	13.447710
1.676 	16.083425
1.677 	14.200502
1.678 	10.654690
1.679 	8.955594
1.680 	11.807613
1.681 	13.213517
1.682 	12.072382
1.683 	11.274941
1.684 	12.799749
1.685 	16.308321
1.686 	17.633938
1.687 	20.483176
1.688 	15.416009
1.689 	11.432218
1.690 	7.572273
1.691 	18.216318
1.692 	22.012189
1.693 	18.460211
1.694 	17.507191
1.695 	14.607936
1.696 	9.557810
1.697 	19.140182
1.698 	18.916089
1.699 	17.221181
1.700 	8.740477
