0.660 	23.712057
0.661 	31.376631
0.662 	28.155437
0.663 	28.858849
0.664 	31.849328
0.665 	30.325088
0.666 	29.905727
0.667 	27.956193
0.668 	27.080451
0.669 	27.683342
0.670 	29.518585
0.671 	25.412268
0.672 	29.389914
0.673 	28.086553
0.674 	23.920188
0.675 	26.457052
0.676 	26.479442
0.677 	26.597296
0.678 	28.478916
0.679 	27.691821
0.680 	29.416585
0.681 	26.780285
0.682 	25.866438
0.683 	26.837993
0.684 	29.681589
0.685 	26.131145
0.686 	22.446538
0.687 	27.016546
0.688 	26.344807
0.689 	26.020156
0.690 	26.457487
0.691 	24.603009
0.692 	26.186408
0.693 	26.404724
0.694 	26.871082
0.695 	29.364391
0.696 	28.010103
0.697 	27.781806
0.698 	27.735328
0.699 	26.156073
0.700 	25.999660
0.701 	25.874935
0.702 	27.089024
0.703 	25.974783
0.704 	24.849314
0.705 	27.701792
0.706 	30.189217
0.707 	28.459725
0.708 	25.467506
0.709 	24.848722
0.710 	26.433847
0.711 	28.269927
0.712 	28.919580
0.713 	27.918044
0.714 	26.810451
0.715 	25.933283
0.716 	24.858363
0.717 	25.115715
0.718 	27.192904
0.719 	28.384050
0.720 	26.691554
0.721 	26.493662
0.722 	28.078119
0.723 	27.727183
0.724 	28.214289
0.725 	27.044878
0.726 	26.347882
0.727 	26.663337
0.728 	26.967348
0.729 	28.582263
0.730 	27.549984
0.731 	24.990765
0.732 	25.895238
0.733 	26.509996
0.734 	26.532286
0.735 	26.651315
0.736 	25.696602
0.737 	25.155439
0.738 	25.657475
0.739 	27.320130
0.740 	27.614528
0.741 	27.199035
0.742 	25.926806
0.743 	24.420630
0.744 	25.699827
0.745 	26.611288
0.746 	26.130284
0.747 	26.740647
0.748 	26.796428
0.749 	25.755792
0.750 	25.805126
0.751 	25.435643
0.752 	24.843227
0.753 	25.785318
0.754 	26.150265
0.755 	26.575290
0.756 	27.152141
0.757 	26.870194
0.758 	26.131064
0.759 	25.646240
0.760 	25.835262
0.761 	25.730082
0.762 	25.829601
0.763 	25.577836
0.764 	25.511965
0.765 	26.394300
0.766 	26.998083
0.767 	27.298974
0.768 	27.750120
0.769 	27.903620
0.770 	26.928359
0.771 	26.766992
0.772 	26.656547
0.773 	25.784847
0.774 	24.736979
0.775 	24.757114
0.776 	25.956923
0.777 	27.242200
0.778 	27.403261
0.779 	26.581086
0.780 	25.685116
0.781 	25.614970
0.782 	25.721175
0.783 	25.821235
0.784 	26.748874
0.785 	26.492493
0.786 	25.214068
0.787 	25.110101
0.788 	25.981307
0.789 	26.525342
0.790 	26.459697
0.791 	25.979329
0.792 	25.561143
0.793 	25.358115
0.794 	25.204619
0.795 	25.403446
0.796 	26.386502
0.797 	27.487319
0.798 	27.332717
0.799 	26.280470
0.800 	26.290783
0.801 	26.276187
0.802 	25.327263
0.803 	25.128321
0.804 	26.005935
0.805 	25.877399
0.806 	25.425041
0.807 	26.018438
0.808 	25.955930
0.809 	25.540378
0.810 	25.639088
0.811 	25.626735
0.812 	26.167397
0.813 	26.903279
0.814 	26.994439
0.815 	26.892478
0.816 	26.669751
0.817 	26.292831
0.818 	25.795134
0.819 	25.255063
0.820 	25.434477
0.821 	26.310915
0.822 	26.660846
0.823 	25.983986
0.824 	25.742817
0.825 	26.332214
0.826 	26.434450
0.827 	25.855400
0.828 	25.623430
0.829 	25.930629
0.830 	26.119471
0.831 	26.173350
0.832 	26.112076
0.833 	25.477973
0.834 	24.727052
0.835 	24.318317
0.836 	24.248017
0.837 	24.797178
0.838 	25.199924
0.839 	25.241943
0.840 	25.379482
0.841 	25.475420
0.842 	25.703140
0.843 	25.761910
0.844 	25.471083
0.845 	25.406997
0.846 	25.742510
0.847 	25.985064
0.848 	26.054200
0.849 	26.086222
0.850 	25.963530
0.851 	25.468615
0.852 	24.952709
0.853 	25.240582
0.854 	25.696301
0.855 	25.418134
0.856 	25.253691
0.857 	25.783825
0.858 	25.992909
0.859 	25.300491
0.860 	24.441595
0.861 	24.456407
0.862 	25.463664
0.863 	26.424760
0.864 	26.594567
0.865 	26.234156
0.866 	25.608025
0.867 	25.069369
0.868 	25.080314
0.869 	25.602170
0.870 	25.890975
0.871 	25.499972
0.872 	24.926468
0.873 	24.882087
0.874 	25.174528
0.875 	25.238937
0.876 	25.055497
0.877 	24.702600
0.878 	24.430911
0.879 	24.502767
0.880 	24.830430
0.881 	25.202425
0.882 	25.736593
0.883 	26.169407
0.884 	25.830566
0.885 	24.763390
0.886 	24.118319
0.887 	24.260125
0.888 	24.557442
0.889 	24.552245
0.890 	24.670266
0.891 	25.147631
0.892 	25.587498
0.893 	25.610234
0.894 	25.571640
0.895 	25.894548
0.896 	26.000746
0.897 	25.391033
0.898 	24.627210
0.899 	24.524368
0.900 	24.672769
0.901 	24.456613
0.902 	24.260043
0.903 	24.340713
0.904 	24.507391
0.905 	24.680386
0.906 	24.800086
0.907 	24.764639
0.908 	24.525083
0.909 	24.305386
0.910 	24.393844
0.911 	24.807898
0.912 	25.088843
0.913 	25.158634
0.914 	25.214812
0.915 	25.053082
0.916 	24.748208
0.917 	24.835052
0.918 	24.974987
0.919 	24.466555
0.920 	23.815686
0.921 	23.491213
0.922 	23.702875
0.923 	24.608570
0.924 	25.744223
0.925 	25.947628
0.926 	25.098056
0.927 	24.132253
0.928 	23.928422
0.929 	24.260120
0.930 	24.336576
0.931 	24.023860
0.932 	23.756918
0.933 	23.648206
0.934 	23.878902
0.935 	24.496565
0.936 	24.720767
0.937 	24.256508
0.938 	23.893280
0.939 	24.038039
0.940 	24.069245
0.941 	23.819675
0.942 	24.006067
0.943 	24.499233
0.944 	24.621889
0.945 	24.309214
0.946 	24.300303
0.947 	24.311614
0.948 	24.084175
0.949 	23.916998
0.950 	23.648784
0.951 	23.809333
0.952 	23.933230
0.953 	24.051195
0.954 	24.185479
0.955 	23.908676
0.956 	23.401389
0.957 	23.169747
0.958 	23.763923
0.959 	23.847260
0.960 	23.231763
0.961 	23.108291
0.962 	23.380685
0.963 	23.815672
0.964 	23.790453
0.965 	22.732107
0.966 	21.957789
0.967 	22.305937
0.968 	23.126419
0.969 	23.656902
0.970 	23.448308
0.971 	23.139716
0.972 	22.761015
0.973 	22.296297
0.974 	22.654820
0.975 	23.296407
0.976 	22.822460
0.977 	22.564171
0.978 	23.287627
0.979 	23.617725
0.980 	23.125187
0.981 	22.713763
0.982 	22.173542
0.983 	22.340453
0.984 	22.824668
0.985 	22.304578
0.986 	22.168220
0.987 	22.607938
0.988 	22.889723
0.989 	23.117081
0.990 	22.859866
0.991 	22.549251
0.992 	22.288376
0.993 	22.041147
0.994 	22.274944
0.995 	22.995537
0.996 	23.643147
0.997 	23.489829
0.998 	23.068130
0.999 	22.750329
1.000 	22.810003
1.001 	22.765271
1.002 	22.506942
1.003 	22.358694
1.004 	22.320820
1.005 	22.604301
1.006 	23.656704
1.007 	24.120022
1.008 	23.424976
1.009 	21.925172
1.010 	21.077197
1.011 	21.646309
1.012 	22.576127
1.013 	22.815311
1.014 	22.333812
1.015 	22.219168
1.016 	22.476788
1.017 	22.649013
1.018 	23.213122
1.019 	23.498829
1.020 	23.250690
1.021 	23.318492
1.022 	23.270303
1.023 	23.319210
1.024 	22.963461
1.025 	22.465388
1.026 	22.553902
1.027 	22.434673
1.028 	22.063040
1.029 	22.292751
1.030 	23.183339
1.031 	23.684496
1.032 	23.568489
1.033 	23.021741
1.034 	22.300260
1.035 	22.264169
1.036 	22.778551
1.037 	23.158632
1.038 	23.201818
1.039 	23.187182
1.040 	23.253601
1.041 	23.134108
1.042 	22.673148
1.043 	22.283502
1.044 	22.388028
1.045 	22.900125
1.046 	23.456636
1.047 	23.796658
1.048 	23.952549
1.049 	23.762351
1.050 	23.301843
1.051 	23.080406
1.052 	23.104482
1.053 	23.158155
1.054 	23.042768
1.055 	22.534581
1.056 	22.188856
1.057 	22.880055
1.058 	23.599146
1.059 	23.435699
1.060 	23.318915
1.061 	23.473218
1.062 	23.233692
1.063 	22.879971
1.064 	22.681964
1.065 	22.488765
1.066 	22.633732
1.067 	23.171068
1.068 	23.715088
1.069 	24.203998
1.070 	24.274411
1.071 	23.988739
1.072 	23.423426
1.073 	22.821821
1.074 	22.688610
1.075 	23.252884
1.076 	24.054524
1.077 	24.009256
1.078 	23.386798
1.079 	23.132079
1.080 	23.222312
1.081 	23.268959
1.082 	23.272580
1.083 	23.090569
1.084 	22.734919
1.085 	22.783812
1.086 	23.016966
1.087 	22.983995
1.088 	22.933150
1.089 	22.964730
1.090 	22.960846
1.091 	22.976648
1.092 	23.212218
1.093 	23.707091
1.094 	23.869746
1.095 	23.398276
1.096 	22.610489
1.097 	22.232943
1.098 	22.388879
1.099 	22.666680
1.100 	22.886799
1.101 	22.825835
1.102 	22.531418
1.103 	22.311582
1.104 	22.581805
1.105 	23.161434
1.106 	23.513627
1.107 	23.450615
1.108 	22.918597
1.109 	22.452273
1.110 	22.678653
1.111 	23.170484
1.112 	23.345626
1.113 	23.180071
1.114 	22.703949
1.115 	22.228771
1.116 	22.307293
1.117 	22.809672
1.118 	23.003670
1.119 	22.620553
1.120 	22.336557
1.121 	22.711234
1.122 	23.099358
1.123 	23.084066
1.124 	23.118478
1.125 	23.038170
1.126 	22.788882
1.127 	22.628791
1.128 	22.585349
1.129 	22.556311
1.130 	22.140198
1.131 	21.377952
1.132 	21.231763
1.133 	21.990251
1.134 	22.601810
1.135 	22.507511
1.136 	22.048745
1.137 	21.679650
1.138 	21.504841
1.139 	21.460084
1.140 	21.587990
1.141 	21.886506
1.142 	22.020943
1.143 	21.628203
1.144 	21.182173
1.145 	21.279978
1.146 	21.667317
1.147 	21.457039
1.148 	20.847796
1.149 	20.735801
1.150 	20.695411
1.151 	20.342014
1.152 	20.102346
1.153 	19.945986
1.154 	19.890679
1.155 	19.978132
1.156 	20.273196
1.157 	20.570406
1.158 	20.424563
1.159 	19.783735
1.160 	19.472900
1.161 	20.094425
1.162 	21.114936
1.163 	21.415549
1.164 	20.525497
1.165 	19.687867
1.166 	19.571593
1.167 	19.583487
1.168 	19.340570
1.169 	18.945358
1.170 	18.632174
1.171 	18.768575
1.172 	19.086765
1.173 	19.042702
1.174 	18.564054
1.175 	18.252669
1.176 	18.633350
1.177 	19.214015
1.178 	19.284793
1.179 	18.882009
1.180 	18.744828
1.181 	19.401986
1.182 	20.241331
1.183 	20.429982
1.184 	19.793797
1.185 	19.148892
1.186 	19.183746
1.187 	19.685879
1.188 	19.824625
1.189 	19.167210
1.190 	18.588370
1.191 	18.596835
1.192 	18.862353
1.193 	18.986848
1.194 	19.195618
1.195 	19.511864
1.196 	19.409186
1.197 	18.826997
1.198 	18.193490
1.199 	17.678115
1.200 	17.761677
1.201 	18.305310
1.202 	18.772129
1.203 	19.253680
1.204 	19.880174
1.205 	19.927921
1.206 	19.077714
1.207 	18.262355
1.208 	18.413159
1.209 	18.864590
1.210 	18.734557
1.211 	18.421044
1.212 	18.480284
1.213 	18.996113
1.214 	19.444150
1.215 	19.308580
1.216 	18.902604
1.217 	18.902335
1.218 	19.082201
1.219 	19.064317
1.220 	19.227652
1.221 	19.327209
1.222 	18.952623
1.223 	18.768677
1.224 	19.157188
1.225 	19.205634
1.226 	18.690533
1.227 	18.418837
1.228 	18.652425
1.229 	18.913643
1.230 	18.889140
1.231 	18.669096
1.232 	18.425014
1.233 	18.292661
1.234 	18.553762
1.235 	19.598995
1.236 	20.690078
1.237 	21.025245
1.238 	20.505428
1.239 	19.726484
1.240 	19.169492
1.241 	19.221498
1.242 	19.630243
1.243 	19.989458
1.244 	19.921457
1.245 	19.347652
1.246 	18.935709
1.247 	19.219555
1.248 	19.674046
1.249 	20.006192
1.250 	20.150975
1.251 	19.890240
1.252 	19.717187
1.253 	19.831538
1.254 	19.886872
1.255 	19.861129
1.256 	19.711638
1.257 	19.443002
1.258 	19.484266
1.259 	19.843393
1.260 	19.955955
1.261 	19.648083
1.262 	19.373898
1.263 	19.325534
1.264 	19.553186
1.265 	19.834710
1.266 	19.590061
1.267 	19.143395
1.268 	19.581309
1.269 	20.707627
1.270 	21.102801
1.271 	20.630025
1.272 	19.896999
1.273 	19.118098
1.274 	18.467260
1.275 	18.436436
1.276 	19.028073
1.277 	19.634937
1.278 	19.703694
1.279 	19.540958
1.280 	19.536986
1.281 	19.956281
1.282 	20.165616
1.283 	19.775482
1.284 	19.565966
1.285 	19.780550
1.286 	19.711219
1.287 	19.166041
1.288 	18.719842
1.289 	18.605111
1.290 	18.715817
1.291 	19.040846
1.292 	19.534077
1.293 	19.711306
1.294 	19.376194
1.295 	18.951111
1.296 	19.018810
1.297 	19.273788
1.298 	19.347306
1.299 	19.504639
1.300 	19.944399
1.301 	20.287959
1.302 	20.040398
1.303 	19.334382
1.304 	18.570667
1.305 	18.129892
1.306 	18.031120
1.307 	18.615899
1.308 	19.810550
1.309 	20.571637
1.310 	20.129326
1.311 	19.226694
1.312 	18.804854
1.313 	18.815558
1.314 	18.664594
1.315 	18.498124
1.316 	18.595511
1.317 	18.738866
1.318 	18.947101
1.319 	19.323250
1.320 	19.361774
1.321 	18.645573
1.322 	17.603252
1.323 	17.289012
1.324 	17.939794
1.325 	18.631305
1.326 	18.485607
1.327 	17.772165
1.328 	17.170587
1.329 	16.777559
1.330 	16.626134
1.331 	16.731309
1.332 	16.770881
1.333 	16.689952
1.334 	17.004238
1.335 	17.923175
1.336 	19.052190
1.337 	19.641246
1.338 	19.327818
1.339 	18.321828
1.340 	17.205178
1.341 	16.455968
1.342 	16.585373
1.343 	17.114514
1.344 	17.128139
1.345 	16.760524
1.346 	16.794553
1.347 	17.156867
1.348 	17.232088
1.349 	17.048288
1.350 	16.891759
1.351 	17.024484
1.352 	17.216534
1.353 	16.971236
1.354 	16.237235
1.355 	15.575464
1.356 	15.411102
1.357 	15.532217
1.358 	15.269842
1.359 	15.170241
1.360 	16.364875
1.361 	17.854925
1.362 	17.833027
1.363 	16.535542
1.364 	15.376343
1.365 	15.461942
1.366 	16.272995
1.367 	16.521462
1.368 	15.596857
1.369 	14.612069
1.370 	14.546566
1.371 	15.325626
1.372 	15.767053
1.373 	15.489417
1.374 	14.778848
1.375 	14.310966
1.376 	14.436947
1.377 	14.690858
1.378 	14.687614
1.379 	14.819203
1.380 	15.238110
1.381 	15.435194
1.382 	15.211360
1.383 	14.811063
1.384 	14.304035
1.385 	14.023551
1.386 	13.924874
1.387 	13.408455
1.388 	12.447559
1.389 	11.944054
1.390 	12.163490
1.391 	12.187738
1.392 	11.906149
1.393 	11.996836
1.394 	12.768714
1.395 	13.866293
1.396 	14.170853
1.397 	13.351764
1.398 	12.006439
1.399 	11.214290
1.400 	11.350044
1.401 	11.685617
1.402 	11.537054
1.403 	11.091173
1.404 	10.768773
1.405 	10.743783
1.406 	11.030873
1.407 	11.730218
1.408 	12.275821
1.409 	11.550758
1.410 	9.990244
1.411 	9.042629
1.412 	9.698586
1.413 	10.643258
1.414 	10.464660
1.415 	9.737140
1.416 	9.363483
1.417 	9.073921
1.418 	8.580580
1.419 	8.406283
1.420 	8.754195
1.421 	9.506387
1.422 	10.119495
1.423 	9.834789
1.424 	9.163307
1.425 	8.979834
1.426 	8.866706
1.427 	8.925723
1.428 	9.453514
1.429 	9.878786
1.430 	9.781967
1.431 	9.091727
1.432 	8.157253
1.433 	7.813153
1.434 	8.299558
1.435 	9.432603
1.436 	10.395860
1.437 	10.153700
1.438 	9.044875
1.439 	8.087612
1.440 	7.997532
1.441 	8.621933
1.442 	9.606272
1.443 	9.938781
1.444 	9.244913
1.445 	8.425128
1.446 	8.271169
1.447 	8.986935
1.448 	10.098413
1.449 	10.597631
1.450 	9.673515
1.451 	8.471762
1.452 	8.100934
1.453 	8.173277
1.454 	8.375522
1.455 	8.451653
1.456 	8.405789
1.457 	8.415547
1.458 	8.710137
1.459 	9.367196
1.460 	9.538391
1.461 	8.728873
1.462 	7.922818
1.463 	8.245093
1.464 	8.924289
1.465 	8.964753
1.466 	9.010795
1.467 	8.817675
1.468 	8.186551
1.469 	8.074967
1.470 	8.519399
1.471 	9.453495
1.472 	10.358537
1.473 	10.231574
1.474 	9.598381
1.475 	9.729312
1.476 	10.944755
1.477 	11.645161
1.478 	10.708936
1.479 	9.636774
1.480 	9.172289
1.481 	8.670636
1.482 	8.515936
1.483 	8.660462
1.484 	9.277026
1.485 	10.243024
1.486 	10.070852
1.487 	9.022822
1.488 	8.535402
1.489 	9.093717
1.490 	9.715858
1.491 	9.139643
1.492 	8.692712
1.493 	10.013534
1.494 	11.720854
1.495 	11.941738
1.496 	10.986019
1.497 	10.062410
1.498 	9.393870
1.499 	8.393946
1.500 	7.830335
1.501 	8.338861
1.502 	9.024212
1.503 	9.655829
1.504 	10.505008
1.505 	10.400576
1.506 	9.296414
1.507 	8.964861
1.508 	9.736534
1.509 	9.777533
1.510 	9.240189
1.511 	9.647365
1.512 	10.636818
1.513 	10.755001
1.514 	9.615112
1.515 	9.111623
1.516 	9.793170
1.517 	10.281597
1.518 	10.318649
1.519 	9.978149
1.520 	9.301796
1.521 	9.857029
1.522 	11.630395
1.523 	12.252860
1.524 	11.297551
1.525 	10.514466
1.526 	10.808269
1.527 	11.260875
1.528 	10.994241
1.529 	10.415242
1.530 	9.970694
1.531 	9.554448
1.532 	9.811680
1.533 	10.850520
1.534 	11.249429
1.535 	10.834201
1.536 	10.394827
1.537 	9.903802
1.538 	9.698174
1.539 	10.650633
1.540 	11.744059
1.541 	10.636772
1.542 	8.228449
1.543 	8.143673
1.544 	9.884598
1.545 	11.157630
1.546 	11.848314
1.547 	11.646417
1.548 	11.337988
1.549 	12.290586
1.550 	12.992189
1.551 	12.075890
1.552 	10.740813
1.553 	10.782650
1.554 	11.520832
1.555 	12.182410
1.556 	12.774831
1.557 	12.719524
1.558 	11.367363
1.559 	10.116481
1.560 	10.570748
1.561 	12.327065
1.562 	13.319367
1.563 	12.076030
1.564 	10.395046
1.565 	8.961169
1.566 	8.758083
1.567 	10.710524
1.568 	12.379227
1.569 	12.348634
1.570 	12.966586
1.571 	14.043003
1.572 	13.824223
1.573 	12.403046
1.574 	11.402899
1.575 	11.619713
1.576 	11.994291
1.577 	11.328392
1.578 	10.833946
1.579 	11.630123
1.580 	10.737598
1.581 	9.167842
1.582 	10.145281
1.583 	12.003588
1.584 	14.297242
1.585 	15.445664
1.586 	13.998603
1.587 	11.210493
1.588 	10.466716
1.589 	12.247466
1.590 	13.546591
1.591 	14.079170
1.592 	12.887188
1.593 	11.555556
1.594 	11.509552
1.595 	11.971960
1.596 	12.456550
1.597 	12.551800
1.598 	11.004156
1.599 	10.325888
1.600 	12.020185
1.601 	13.974922
1.602 	14.819348
1.603 	14.484864
1.604 	13.839220
1.605 	12.718009
1.606 	10.801500
1.607 	10.358756
1.608 	13.026078
1.609 	15.548009
1.610 	14.353896
1.611 	12.257439
1.612 	12.405133
1.613 	13.581912
1.614 	13.953928
1.615 	12.683764
1.616 	11.149031
1.617 	10.785297
1.618 	10.744736
1.619 	12.442162
1.620 	13.669915
1.621 	13.485201
1.622 	12.805673
1.623 	12.422942
1.624 	13.092862
1.625 	14.361951
1.626 	14.958230
1.627 	14.933451
1.628 	13.963278
1.629 	12.049193
1.630 	11.156134
1.631 	11.282494
1.632 	12.036990
1.633 	14.250290
1.634 	15.487041
1.635 	14.784791
1.636 	14.530554
1.637 	14.421689
1.638 	14.052673
1.639 	14.329558
1.640 	15.207329
1.641 	14.024797
1.642 	11.601184
1.643 	12.559699
1.644 	14.897985
1.645 	13.258669
1.646 	11.496320
1.647 	12.643721
1.648 	15.548875
1.649 	17.097719
1.650 	15.327068
1.651 	13.135369
1.652 	12.314545
1.653 	12.662869
1.654 	12.498933
1.655 	14.477950
1.656 	16.100784
1.657 	15.529081
1.658 	13.911654
1.659 	11.647059
1.660 	9.911112
1.661 	10.788940
1.662 	14.888817
1.663 	16.348204
1.664 	13.615111
1.665 	12.694719
1.666 	13.866214
1.667 	13.714034
1.668 	12.171368
1.669 	12.525489
1.670 	13.624626
1.671 	13.192276
1.672 	13.234108
1.673 	14.975988
1.674 	13.821923
1.675 	14.646737
1.676 	16.278386
1.677 	16.777641
1.678 	16.481789
1.679 	13.471731
1.680 	14.082818
1.681 	13.559238
1.682 	13.060944
1.683 	16.346883
1.684 	15.168367
1.685 	10.484868
1.686 	10.554395
1.687 	12.887292
1.688 	10.596820
1.689 	14.549421
1.690 	18.103120
1.691 	21.010699
1.692 	19.776831
1.693 	19.524555
1.694 	13.496631
1.695 	11.733081
1.696 	8.931250
1.697 	15.097561
1.698 	20.496261
1.699 	22.188958
1.700 	17.337986
