0.66 35.875
0.661 38.611
0.662 40.342
0.663 31.566
0.664 37.857
0.665 36.768
0.666 41.549
0.667 33.824
0.668 35.943
0.669 41.499
0.67 41.233
0.671 40.725
0.672 32.452
0.673 35.187
0.674 35.656
0.675 38.778
0.676 39.143
0.677 35.8
0.678 39.764
0.679 36.719
0.68 37.465
0.681 35.024
0.682 35.238
0.683 34.283
0.684 38.427
0.685 39.568
0.686 35.837
0.687 35.063
0.688 37.478
0.689 38.951
0.69 34.521
0.691 37.27
0.692 37.816
0.693 34.239
0.694 32.735
0.695 34.631
0.696 32.879
0.697 35.81
0.698 37.017
0.699 37.979
0.7 33.05
0.701 32.091
0.702 36.248
0.703 37.89
0.704 35.294
0.705 35.531
0.706 35.817
0.707 33.547
0.708 32.692
0.709 33.122
0.71 33.402
0.711 32.908
0.712 34.874
0.713 37.424
0.714 36.571
0.715 34.944
0.716 34.377
0.717 35.352
0.718 37.736
0.719 35.409
0.72 33.463
0.721 34.239
0.722 35.683
0.723 34.294
0.724 32.784
0.725 33.796
0.726 35.572
0.727 35.333
0.728 33.878
0.729 33.011
0.73 32.6
0.731 32.143
0.732 33.833
0.733 32.533
0.734 32.114
0.735 33.712
0.736 34.533
0.737 34.697
0.738 33.672
0.739 33.165
0.74 33.205
0.741 33.388
0.742 34.455
0.743 34.372
0.744 32.932
0.745 32.133
0.746 33.633
0.747 34.617
0.748 35.297
0.749 33.922
0.75 32.16
0.751 32.652
0.752 33.129
0.753 32.265
0.754 31.947
0.755 32.279
0.756 33.2
0.757 34.018
0.758 33.466
0.759 32.783
0.76 32.56
0.761 32.423
0.762 32.862
0.763 32.93
0.764 32.998
0.765 31.866
0.766 31.838
0.767 32.734
0.768 33.239
0.769 34.074
0.77 33.744
0.771 31.059
0.772 29.354
0.773 31.787
0.774 35.062
0.775 35.069
0.776 33.517
0.777 32.434
0.778 32.073
0.779 32.047
0.78 32.267
0.781 33.348
0.782 33.927
0.783 32.489
0.784 31.082
0.785 31.343
0.786 31.655
0.787 31.054
0.788 32.234
0.789 33.348
0.79 33.741
0.791 33.592
0.792 32.737
0.793 32.167
0.794 31.744
0.795 31.981
0.796 32.981
0.797 33.586
0.798 33.853
0.799 33.557
0.8 32.499
0.801 32.582
0.802 33.264
0.803 33.167
0.804 33.554
0.805 32.964
0.806 31.641
0.807 31.458
0.808 31.65
0.809 32.284
0.81 33.103
0.811 32.955
0.812 32.11
0.813 31.368
0.814 31.478
0.815 32.139
0.816 32.95
0.817 33.453
0.818 32.704
0.819 31.749
0.82 30.971
0.821 29.925
0.822 29.738
0.823 31.595
0.824 33.578
0.825 34.082
0.826 33.217
0.827 31.889
0.828 31.18
0.829 31.651
0.83 31.865
0.831 31.788
0.832 31.72
0.833 31.3
0.834 30.653
0.835 30.182
0.836 30.521
0.837 31.074
0.838 31.595
0.839 32.72
0.84 33.545
0.841 32.624
0.842 31.327
0.843 31.215
0.844 31.732
0.845 32.209
0.846 31.882
0.847 31.259
0.848 32.329
0.849 33.624
0.85 32.664
0.851 30.766
0.852 29.749
0.853 29.604
0.854 30.091
0.855 31.407
0.856 32.829
0.857 32.811
0.858 31.585
0.859 30.243
0.86 30.444
0.861 31.507
0.862 31.539
0.863 30.965
0.864 30.973
0.865 31.452
0.866 31.612
0.867 31.711
0.868 31.855
0.869 31.605
0.87 31.388
0.871 31.529
0.872 31.4
0.873 31.397
0.874 31.345
0.875 30.651
0.876 30.55
0.877 31.595
0.878 31.95
0.879 31.562
0.88 31.566
0.881 31.402
0.882 31.032
0.883 30.835
0.884 31.22
0.885 31.55
0.886 30.891
0.887 29.903
0.888 29.52
0.889 30.007
0.89 30.946
0.891 31.486
0.892 31.49
0.893 31.77
0.894 32.351
0.895 32.456
0.896 32.026
0.897 31.857
0.898 31.668
0.899 30.911
0.9 30.331
0.901 30.316
0.902 30.333
0.903 30.062
0.904 30.27
0.905 31.124
0.906 31.354
0.907 30.724
0.908 30.107
0.909 29.565
0.91 29.505
0.911 30.475
0.912 31.513
0.913 31.511
0.914 30.934
0.915 30.564
0.916 30.404
0.917 30.622
0.918 30.995
0.919 31.243
0.92 31.854
0.921 32.391
0.922 31.369
0.923 29.946
0.924 29.53
0.925 29.74
0.926 30.319
0.927 30.597
0.928 30.397
0.929 30.531
0.93 31.282
0.931 32.215
0.932 32.446
0.933 31.743
0.934 30.43
0.935 29.55
0.936 29.739
0.937 30.678
0.938 31.489
0.939 30.772
0.94 29.508
0.941 28.94
0.942 29.392
0.943 29.878
0.944 29.996
0.945 30.16
0.946 30.508
0.947 30.795
0.948 30.435
0.949 29.496
0.95 29.02
0.951 28.54
0.952 28.344
0.953 28.214
0.954 28.571
0.955 29.628
0.956 29.216
0.957 28.495
0.958 28.703
0.959 28.144
0.96 27.766
0.961 28.28
0.962 28.527
0.963 28.032
0.964 28.288
0.965 28.606
0.966 28.229
0.967 27.66
0.968 27.752
0.969 28.581
0.97 27.787
0.971 26.621
0.972 26.641
0.973 27.29
0.974 27.883
0.975 27.715
0.976 27.895
0.977 27.6
0.978 27.062
0.979 27.738
0.98 27.794
0.981 27.464
0.982 27.844
0.983 27.379
0.984 26.507
0.985 26.234
0.986 26.461
0.987 27.133
0.988 27.052
0.989 26.278
0.99 26.79
0.991 26.994
0.992 26.679
0.993 26.247
0.994 25.896
0.995 26.556
0.996 27.727
0.997 27.976
0.998 26.94
0.999 26.491
1.0 26.371
1.001 26.263
1.002 25.382
1.003 26.108
1.004 27.473
1.005 26.506
1.006 25.727
1.007 26.033
1.008 26.687
1.009 26.898
1.01 25.872
1.011 25.549
1.012 26.563
1.013 27.155
1.014 26.789
1.015 26.235
1.016 26.302
1.017 26.886
1.018 26.722
1.019 25.889
1.02 25.506
1.021 25.796
1.022 26.395
1.023 27.04
1.024 26.74
1.025 25.743
1.026 25.485
1.027 25.834
1.028 26.243
1.029 26.075
1.03 25.534
1.031 25.789
1.032 26.39
1.033 25.551
1.034 25.0
1.035 25.849
1.036 26.517
1.037 26.986
1.038 27.202
1.039 26.943
1.04 26.459
1.041 26.749
1.042 26.236
1.043 24.541
1.044 24.406
1.045 25.891
1.046 26.905
1.047 26.864
1.048 26.346
1.049 26.239
1.05 26.357
1.051 26.543
1.052 26.258
1.053 26.19
1.054 26.941
1.055 27.328
1.056 27.38
1.057 26.957
1.058 26.026
1.059 25.79
1.06 26.779
1.061 27.668
1.062 27.743
1.063 26.739
1.064 25.318
1.065 24.945
1.066 26.191
1.067 26.951
1.068 26.258
1.069 25.37
1.07 25.125
1.071 25.442
1.072 26.125
1.073 26.7
1.074 26.677
1.075 26.169
1.076 25.71
1.077 25.795
1.078 25.933
1.079 25.961
1.08 26.121
1.081 26.885
1.082 27.31
1.083 26.44
1.084 25.84
1.085 26.387
1.086 26.796
1.087 26.815
1.088 27.293
1.089 27.364
1.09 26.354
1.091 25.014
1.092 24.686
1.093 25.842
1.094 26.346
1.095 26.115
1.096 26.44
1.097 26.828
1.098 26.545
1.099 26.162
1.1 26.294
1.101 26.904
1.102 27.611
1.103 27.797
1.104 27.715
1.105 27.822
1.106 27.547
1.107 26.255
1.108 25.539
1.109 26.006
1.11 26.612
1.111 26.619
1.112 25.543
1.113 24.51
1.114 24.752
1.115 25.537
1.116 25.527
1.117 25.161
1.118 25.631
1.119 26.176
1.12 25.875
1.121 25.443
1.122 25.311
1.123 25.128
1.124 25.262
1.125 25.756
1.126 26.184
1.127 26.57
1.128 26.898
1.129 27.238
1.13 27.084
1.131 26.072
1.132 24.416
1.133 23.239
1.134 23.671
1.135 24.622
1.136 25.053
1.137 25.889
1.138 26.099
1.139 24.804
1.14 24.138
1.141 24.919
1.142 26.025
1.143 26.699
1.144 26.165
1.145 24.747
1.146 23.887
1.147 23.42
1.148 23.16
1.149 23.543
1.15 23.712
1.151 22.985
1.152 22.294
1.153 22.421
1.154 22.993
1.155 22.943
1.156 22.474
1.157 22.557
1.158 22.609
1.159 22.539
1.16 22.985
1.161 23.167
1.162 22.719
1.163 22.752
1.164 23.613
1.165 24.251
1.166 24.318
1.167 23.694
1.168 22.398
1.169 21.855
1.17 22.44
1.171 23.031
1.172 23.465
1.173 23.243
1.174 22.262
1.175 22.023
1.176 22.521
1.177 22.489
1.178 21.922
1.179 22.236
1.18 23.633
1.181 24.915
1.182 24.81
1.183 22.989
1.184 21.141
1.185 21.292
1.186 23.042
1.187 23.738
1.188 22.755
1.189 22.016
1.19 21.832
1.191 21.747
1.192 22.197
1.193 22.919
1.194 23.384
1.195 23.659
1.196 23.677
1.197 22.302
1.198 20.574
1.199 20.815
1.2 22.51
1.201 23.574
1.202 23.325
1.203 22.304
1.204 22.032
1.205 23.151
1.206 23.748
1.207 23.044
1.208 22.502
1.209 22.455
1.21 22.378
1.211 22.388
1.212 22.066
1.213 22.019
1.214 22.81
1.215 23.365
1.216 23.202
1.217 23.278
1.218 23.683
1.219 23.779
1.22 23.489
1.221 23.061
1.222 22.626
1.223 22.074
1.224 21.741
1.225 22.414
1.226 23.505
1.227 23.739
1.228 23.059
1.229 22.601
1.23 23.603
1.231 25.113
1.232 25.463
1.233 24.376
1.234 22.818
1.235 21.624
1.236 21.095
1.237 21.882
1.238 23.462
1.239 24.41
1.24 24.11
1.241 23.053
1.242 21.803
1.243 21.424
1.244 21.991
1.245 22.702
1.246 23.158
1.247 23.206
1.248 23.287
1.249 24.023
1.25 24.64
1.251 24.607
1.252 24.575
1.253 24.669
1.254 24.429
1.255 24.352
1.256 24.302
1.257 23.883
1.258 23.576
1.259 23.285
1.26 22.437
1.261 21.8
1.262 22.068
1.263 22.401
1.264 22.502
1.265 22.955
1.266 23.944
1.267 24.645
1.268 24.195
1.269 23.464
1.27 23.388
1.271 23.672
1.272 24.049
1.273 23.746
1.274 23.029
1.275 23.889
1.276 26.009
1.277 26.746
1.278 25.259
1.279 23.152
1.28 21.938
1.281 21.569
1.282 21.836
1.283 22.148
1.284 22.146
1.285 22.318
1.286 22.848
1.287 23.186
1.288 23.317
1.289 23.461
1.29 23.345
1.291 22.568
1.292 21.84
1.293 22.268
1.294 23.234
1.295 23.901
1.296 23.746
1.297 22.997
1.298 22.729
1.299 22.548
1.3 22.178
1.301 22.598
1.302 24.291
1.303 25.967
1.304 25.792
1.305 24.325
1.306 23.319
1.307 23.224
1.308 22.977
1.309 22.133
1.31 21.412
1.311 21.466
1.312 22.395
1.313 23.32
1.314 23.481
1.315 22.693
1.316 21.494
1.317 20.397
1.318 20.101
1.319 20.939
1.32 22.434
1.321 23.257
1.322 23.004
1.323 23.002
1.324 23.662
1.325 23.939
1.326 23.344
1.327 22.737
1.328 22.107
1.329 21.142
1.33 20.315
1.331 20.403
1.332 21.033
1.333 21.481
1.334 21.419
1.335 21.329
1.336 21.496
1.337 21.735
1.338 21.282
1.339 19.865
1.34 18.55
1.341 18.7
1.342 19.564
1.343 19.864
1.344 19.689
1.345 19.726
1.346 19.952
1.347 20.144
1.348 20.703
1.349 21.476
1.35 21.389
1.351 20.268
1.352 19.487
1.353 20.212
1.354 21.282
1.355 21.295
1.356 20.641
1.357 20.092
1.358 19.425
1.359 18.731
1.36 18.212
1.361 17.962
1.362 18.227
1.363 18.855
1.364 19.414
1.365 19.437
1.366 18.345
1.367 16.839
1.368 16.416
1.369 17.206
1.37 18.192
1.371 18.38
1.372 18.094
1.373 18.215
1.374 18.863
1.375 19.697
1.376 20.509
1.377 20.737
1.378 19.604
1.379 17.287
1.38 15.037
1.381 14.542
1.382 15.733
1.383 16.416
1.384 16.108
1.385 16.026
1.386 16.25
1.387 15.566
1.388 14.959
1.389 16.227
1.39 18.454
1.391 19.225
1.392 17.664
1.393 15.306
1.394 13.17
1.395 12.184
1.396 12.564
1.397 13.643
1.398 14.429
1.399 14.312
1.4 13.67
1.401 13.531
1.402 13.964
1.403 14.26
1.404 14.111
1.405 13.341
1.406 12.454
1.407 12.439
1.408 13.196
1.409 13.412
1.41 12.585
1.411 11.729
1.412 11.033
1.413 10.212
1.414 10.422
1.415 11.865
1.416 11.886
1.417 10.451
1.418 10.047
1.419 11.409
1.42 13.375
1.421 14.344
1.422 13.179
1.423 10.834
1.424 10.105
1.425 11.468
1.426 13.479
1.427 14.097
1.428 12.696
1.429 11.086
1.43 11.028
1.431 12.008
1.432 12.2
1.433 11.067
1.434 9.906
1.435 9.747
1.436 10.374
1.437 10.821
1.438 11.722
1.439 13.208
1.44 13.349
1.441 11.981
1.442 11.071
1.443 10.808
1.444 10.318
1.445 9.912
1.446 10.956
1.447 12.453
1.448 12.593
1.449 12.128
1.45 12.421
1.451 13.212
1.452 13.881
1.453 12.968
1.454 11.256
1.455 10.58
1.456 10.361
1.457 10.498
1.458 11.503
1.459 12.823
1.46 12.787
1.461 11.19
1.462 10.578
1.463 11.542
1.464 12.068
1.465 11.85
1.466 11.352
1.467 11.396
1.468 12.613
1.469 13.918
1.47 14.321
1.471 14.077
1.472 13.638
1.473 13.324
1.474 12.72
1.475 11.617
1.476 11.147
1.477 12.146
1.478 12.691
1.479 12.21
1.48 13.419
1.481 14.973
1.482 14.286
1.483 13.374
1.484 12.73
1.485 11.156
1.486 8.971
1.487 8.685
1.488 10.675
1.489 12.603
1.49 13.964
1.491 15.509
1.492 16.685
1.493 16.655
1.494 15.616
1.495 13.151
1.496 10.773
1.497 11.53
1.498 14.44
1.499 16.513
1.5 15.113
1.501 12.747
1.502 12.523
1.503 12.901
1.504 12.684
1.505 11.607
1.506 10.899
1.507 12.102
1.508 13.276
1.509 13.198
1.51 13.474
1.511 13.173
1.512 12.189
1.513 12.784
1.514 14.642
1.515 15.032
1.516 14.655
1.517 15.41
1.518 15.803
1.519 13.763
1.52 11.801
1.521 13.691
1.522 16.597
1.523 15.39
1.524 13.532
1.525 13.759
1.526 14.209
1.527 13.858
1.528 13.559
1.529 14.001
1.53 15.456
1.531 16.226
1.532 15.542
1.533 13.993
1.534 12.15
1.535 11.837
1.536 13.704
1.537 15.054
1.538 16.133
1.539 17.633
1.54 16.944
1.541 15.014
1.542 15.434
1.543 15.783
1.544 13.859
1.545 12.666
1.546 15.02
1.547 16.857
1.548 17.035
1.549 17.577
1.55 16.475
1.551 13.325
1.552 11.748
1.553 14.37
1.554 16.305
1.555 14.262
1.556 12.322
1.557 13.817
1.558 15.972
1.559 16.762
1.56 17.503
1.561 17.509
1.562 16.121
1.563 14.292
1.564 14.38
1.565 15.343
1.566 16.653
1.567 19.012
1.568 19.297
1.569 16.062
1.57 12.628
1.571 11.633
1.572 13.403
1.573 16.31
1.574 16.947
1.575 16.29
1.576 15.976
1.577 16.551
1.578 17.769
1.579 15.889
1.58 13.628
1.581 13.728
1.582 15.364
1.583 17.278
1.584 18.706
1.585 18.583
1.586 17.901
1.587 17.621
1.588 16.077
1.589 14.866
1.59 15.101
1.591 17.423
1.592 19.503
1.593 18.809
1.594 15.449
1.595 13.258
1.596 14.934
1.597 17.003
1.598 16.491
1.599 16.745
1.6 16.831
1.601 16.483
1.602 17.341
1.603 18.186
1.604 17.7
1.605 17.367
1.606 20.31
1.607 22.185
1.608 19.825
1.609 16.691
1.61 16.997
1.611 20.144
1.612 18.705
1.613 16.699
1.614 18.493
1.615 19.75
1.616 19.348
1.617 16.877
1.618 15.912
1.619 16.079
1.62 15.165
1.621 13.632
1.622 15.303
1.623 17.478
1.624 16.727
1.625 18.332
1.626 22.379
1.627 21.472
1.628 19.688
1.629 20.213
1.63 18.485
1.631 17.157
1.632 19.273
1.633 19.817
1.634 16.539
1.635 13.067
1.636 14.984
1.637 19.967
1.638 21.187
1.639 18.162
1.64 17.064
1.641 20.055
1.642 20.312
1.643 19.16
1.644 19.695
1.645 20.023
1.646 16.511
1.647 16.736
1.648 18.474
1.649 17.914
1.65 16.438
1.651 14.719
1.652 15.29
1.653 17.26
1.654 20.318
1.655 23.87
1.656 24.425
1.657 20.823
1.658 18.035
1.659 19.365
1.66 19.136
1.661 20.105
1.662 18.473
1.663 16.608
1.664 21.197
1.665 23.421
1.666 20.016
1.667 15.849
1.668 14.823
1.669 15.182
1.67 17.553
1.671 19.231
1.672 26.768
1.673 25.987
1.674 21.801
1.675 19.392
1.676 13.163
1.677 14.767
1.678 20.674
1.679 19.064
1.68 26.909
1.681 25.668
1.682 23.902
1.683 13.604
1.684 13.522
1.685 23.484
1.686 25.17
1.687 28.345
1.688 24.913
1.689 20.635
1.69 16.971
1.691 20.893
1.692 24.859
1.693 10.46
1.694 20.782
1.695 31.102
1.696 17.094
1.697 -3.25
1.698 16.312
1.699 44.072
1.7 37.537
