0.66 39.375
0.661 42.509
0.662 42.176
0.663 35.06
0.664 37.5
0.665 41.101
0.666 44.718
0.667 41.176
0.668 39.25
0.669 41.946
0.67 44.208
0.671 45.842
0.672 35.201
0.673 39.144
0.674 40.574
0.675 41.483
0.676 40.139
0.677 37.1
0.678 40.256
0.679 41.113
0.68 43.898
0.681 41.148
0.682 38.762
0.683 35.937
0.684 41.953
0.685 41.007
0.686 40.362
0.687 39.893
0.688 42.119
0.689 41.273
0.69 37.15
0.691 39.28
0.692 41.972
0.693 37.695
0.694 35.755
0.695 36.253
0.696 38.813
0.697 40.079
0.698 39.954
0.699 39.74
0.7 36.997
0.701 36.198
0.702 39.387
0.703 41.456
0.704 39.687
0.705 37.582
0.706 38.467
0.707 38.116
0.708 34.544
0.709 36.575
0.71 37.198
0.711 36.064
0.712 37.797
0.713 38.983
0.714 37.776
0.715 38.341
0.716 37.769
0.717 37.788
0.718 40.078
0.719 39.17
0.72 38.188
0.721 37.994
0.722 38.389
0.723 37.117
0.724 36.691
0.725 39.59
0.726 39.262
0.727 36.473
0.728 35.935
0.729 37.001
0.73 36.526
0.731 35.714
0.732 37.406
0.733 38.308
0.734 37.486
0.735 37.806
0.736 38.076
0.737 37.5
0.738 36.153
0.739 35.638
0.74 37.665
0.741 38.298
0.742 37.005
0.743 36.589
0.744 36.23
0.745 35.998
0.746 37.381
0.747 38.313
0.748 38.501
0.749 37.766
0.75 36.044
0.751 36.178
0.752 37.819
0.753 37.099
0.754 35.598
0.755 36.948
0.756 38.007
0.757 37.074
0.758 35.062
0.759 35.285
0.76 36.542
0.761 36.941
0.762 36.958
0.763 37.089
0.764 37.548
0.765 36.884
0.766 36.278
0.767 36.329
0.768 35.981
0.769 36.011
0.77 35.972
0.771 35.247
0.772 33.999
0.773 35.094
0.774 37.357
0.775 37.742
0.776 37.011
0.777 36.368
0.778 37.039
0.779 37.721
0.78 36.954
0.781 37.059
0.782 37.311
0.783 36.044
0.784 34.923
0.785 35.031
0.786 34.764
0.787 33.798
0.788 34.23
0.789 35.443
0.79 36.713
0.791 37.209
0.792 36.824
0.793 35.964
0.794 35.266
0.795 35.098
0.796 35.097
0.797 35.272
0.798 36.295
0.799 37.369
0.8 37.046
0.801 36.17
0.802 35.637
0.803 35.536
0.804 36.116
0.805 36.285
0.806 35.939
0.807 35.852
0.808 35.92
0.809 36.248
0.81 36.109
0.811 35.83
0.812 36.144
0.813 35.82
0.814 34.842
0.815 34.687
0.816 35.881
0.817 37.046
0.818 36.481
0.819 35.423
0.82 35.111
0.821 34.483
0.822 33.646
0.823 34.376
0.824 35.739
0.825 36.019
0.826 35.504
0.827 34.946
0.828 34.91
0.829 35.168
0.83 35.121
0.831 35.612
0.832 36.251
0.833 36.018
0.834 34.863
0.835 33.623
0.836 33.903
0.837 34.768
0.838 35.034
0.839 35.46
0.84 35.939
0.841 35.61
0.842 35.178
0.843 34.991
0.844 34.674
0.845 34.766
0.846 35.055
0.847 35.066
0.848 35.849
0.849 36.674
0.85 36.095
0.851 35.182
0.852 34.435
0.853 33.527
0.854 33.224
0.855 34.569
0.856 36.321
0.857 36.263
0.858 34.633
0.859 33.107
0.86 33.225
0.861 34.535
0.862 34.912
0.863 34.41
0.864 34.549
0.865 34.895
0.866 34.76
0.867 34.674
0.868 34.988
0.869 35.389
0.87 35.757
0.871 35.999
0.872 35.568
0.873 34.509
0.874 33.738
0.875 33.542
0.876 34.134
0.877 35.28
0.878 35.298
0.879 34.254
0.88 34.182
0.881 34.906
0.882 35.071
0.883 34.548
0.884 34.27
0.885 34.534
0.886 34.692
0.887 34.562
0.888 34.318
0.889 34.284
0.89 34.562
0.891 34.707
0.892 34.375
0.893 34.338
0.894 34.887
0.895 35.155
0.896 34.55
0.897 34.226
0.898 34.547
0.899 34.388
0.9 33.747
0.901 33.779
0.902 34.146
0.903 33.781
0.904 33.621
0.905 34.282
0.906 34.757
0.907 34.534
0.908 34.151
0.909 33.774
0.91 33.123
0.911 33.146
0.912 33.964
0.913 34.175
0.914 33.673
0.915 33.228
0.916 33.216
0.917 33.783
0.918 34.825
0.919 35.543
0.92 35.361
0.921 34.753
0.922 33.956
0.923 33.501
0.924 33.8
0.925 34.19
0.926 33.907
0.927 33.089
0.928 32.508
0.929 32.642
0.93 33.7
0.931 34.869
0.932 35.107
0.933 34.665
0.934 33.58
0.935 32.787
0.936 33.134
0.937 33.991
0.938 34.237
0.939 33.408
0.94 32.824
0.941 32.823
0.942 33.085
0.943 33.247
0.944 33.21
0.945 32.726
0.946 32.338
0.947 32.281
0.948 32.24
0.949 31.944
0.95 31.213
0.951 31.195
0.952 31.864
0.953 31.786
0.954 31.275
0.955 32.01
0.956 31.973
0.957 31.562
0.958 31.963
0.959 31.737
0.96 31.42
0.961 30.876
0.962 30.651
0.963 30.735
0.964 30.445
0.965 29.628
0.966 29.277
0.967 29.189
0.968 29.565
0.969 30.721
0.97 31.056
0.971 29.929
0.972 29.227
0.973 29.122
0.974 29.626
0.975 30.056
0.976 30.279
0.977 29.815
0.978 29.475
0.979 30.445
0.98 30.707
0.981 29.269
0.982 28.897
0.983 29.013
0.984 29.304
0.985 29.564
0.986 29.511
0.987 29.455
0.988 29.397
0.989 29.096
0.99 29.404
0.991 29.219
0.992 28.819
0.993 28.311
0.994 28.446
0.995 29.167
0.996 29.506
0.997 29.348
0.998 28.67
0.999 28.075
1.0 27.949
1.001 28.404
1.002 28.607
1.003 28.885
1.004 29.045
1.005 28.265
1.006 28.105
1.007 29.026
1.008 29.886
1.009 30.231
1.01 28.991
1.011 27.766
1.012 27.759
1.013 28.898
1.014 29.696
1.015 29.352
1.016 28.818
1.017 28.64
1.018 28.156
1.019 28.18
1.02 28.66
1.021 29.216
1.022 28.92
1.023 28.474
1.024 28.108
1.025 27.981
1.026 28.507
1.027 28.411
1.028 28.09
1.029 27.943
1.03 27.892
1.031 28.746
1.032 30.291
1.033 29.748
1.034 27.81
1.035 27.114
1.036 28.157
1.037 29.095
1.038 28.793
1.039 28.406
1.04 28.443
1.041 29.338
1.042 29.981
1.043 29.415
1.044 28.767
1.045 28.476
1.046 28.728
1.047 28.929
1.048 28.622
1.049 28.131
1.05 28.124
1.051 28.076
1.052 27.74
1.053 28.35
1.054 30.039
1.055 30.579
1.056 29.792
1.057 28.955
1.058 28.373
1.059 28.27
1.06 28.584
1.061 28.871
1.062 29.005
1.063 28.892
1.064 28.548
1.065 28.372
1.066 28.436
1.067 28.6
1.068 28.303
1.069 28.185
1.07 28.698
1.071 28.979
1.072 28.853
1.073 28.874
1.074 28.664
1.075 29.116
1.076 29.467
1.077 28.921
1.078 28.651
1.079 28.695
1.08 28.872
1.081 29.047
1.082 29.01
1.083 28.711
1.084 28.629
1.085 28.725
1.086 28.905
1.087 29.054
1.088 28.99
1.089 28.906
1.09 28.812
1.091 28.248
1.092 27.741
1.093 28.2
1.094 28.396
1.095 27.793
1.096 27.671
1.097 27.926
1.098 27.792
1.099 28.084
1.1 29.116
1.101 30.196
1.102 30.981
1.103 30.656
1.104 29.652
1.105 29.161
1.106 29.074
1.107 28.483
1.108 27.92
1.109 28.157
1.11 28.917
1.111 29.349
1.112 28.509
1.113 27.244
1.114 27.055
1.115 27.459
1.116 27.37
1.117 27.473
1.118 28.308
1.119 28.832
1.12 28.523
1.121 27.725
1.122 26.949
1.123 26.472
1.124 26.846
1.125 27.694
1.126 28.051
1.127 28.234
1.128 28.672
1.129 29.216
1.13 29.216
1.131 28.139
1.132 26.789
1.133 26.732
1.134 27.414
1.135 27.285
1.136 26.718
1.137 26.788
1.138 26.767
1.139 26.182
1.14 25.728
1.141 25.799
1.142 26.714
1.143 28.162
1.144 28.416
1.145 27.531
1.146 27.172
1.147 26.658
1.148 25.111
1.149 23.892
1.15 23.692
1.151 23.67
1.152 23.835
1.153 24.134
1.154 23.987
1.155 23.962
1.156 24.365
1.157 24.897
1.158 25.23
1.159 25.039
1.16 24.617
1.161 24.059
1.162 23.335
1.163 23.069
1.164 23.968
1.165 25.158
1.166 25.287
1.167 24.528
1.168 23.756
1.169 23.658
1.17 24.097
1.171 24.264
1.172 23.723
1.173 22.807
1.174 22.143
1.175 22.162
1.176 22.921
1.177 23.659
1.178 23.981
1.179 24.399
1.18 25.184
1.181 26.109
1.182 26.21
1.183 24.743
1.184 22.699
1.185 22.416
1.186 24.334
1.187 25.593
1.188 24.09
1.189 21.873
1.19 21.261
1.191 22.073
1.192 23.337
1.193 24.384
1.194 25.178
1.195 25.501
1.196 25.092
1.197 24.022
1.198 22.91
1.199 22.627
1.2 23.827
1.201 25.148
1.202 24.673
1.203 22.941
1.204 22.444
1.205 23.44
1.206 23.81
1.207 23.395
1.208 23.758
1.209 24.676
1.21 24.855
1.211 24.274
1.212 23.787
1.213 24.079
1.214 24.671
1.215 24.389
1.216 23.515
1.217 23.631
1.218 24.486
1.219 24.723
1.22 24.234
1.221 23.522
1.222 23.07
1.223 22.753
1.224 23.142
1.225 24.605
1.226 25.575
1.227 25.225
1.228 24.451
1.229 24.478
1.23 25.387
1.231 26.299
1.232 26.604
1.233 25.753
1.234 24.244
1.235 23.339
1.236 22.963
1.237 22.989
1.238 23.419
1.239 23.782
1.24 23.958
1.241 23.991
1.242 23.733
1.243 23.687
1.244 24.183
1.245 24.523
1.246 24.5
1.247 24.527
1.248 24.851
1.249 25.237
1.25 24.906
1.251 24.208
1.252 24.089
1.253 24.404
1.254 24.739
1.255 24.687
1.256 23.806
1.257 23.089
1.258 23.417
1.259 24.356
1.26 25.011
1.261 25.353
1.262 25.523
1.263 25.102
1.264 24.183
1.265 24.045
1.266 25.063
1.267 26.225
1.268 26.387
1.269 25.944
1.27 25.729
1.271 25.489
1.272 24.871
1.273 24.308
1.274 24.122
1.275 24.792
1.276 25.568
1.277 25.438
1.278 24.53
1.279 23.412
1.28 22.583
1.281 22.214
1.282 23.121
1.283 24.472
1.284 24.691
1.285 24.062
1.286 24.287
1.287 24.97
1.288 25.085
1.289 24.523
1.29 23.896
1.291 23.646
1.292 23.715
1.293 24.105
1.294 24.885
1.295 25.868
1.296 25.927
1.297 24.958
1.298 24.041
1.299 23.16
1.3 22.598
1.301 23.121
1.302 24.34
1.303 25.228
1.304 25.207
1.305 24.495
1.306 23.613
1.307 23.248
1.308 23.276
1.309 22.983
1.31 22.114
1.311 21.567
1.312 22.295
1.313 23.596
1.314 24.431
1.315 24.256
1.316 23.047
1.317 21.687
1.318 21.234
1.319 21.908
1.32 23.046
1.321 23.559
1.322 23.554
1.323 23.932
1.324 24.448
1.325 24.22
1.326 22.804
1.327 21.407
1.328 21.221
1.329 21.445
1.33 21.231
1.331 21.041
1.332 21.312
1.333 21.634
1.334 21.343
1.335 20.967
1.336 21.313
1.337 21.447
1.338 20.917
1.339 20.306
1.34 19.943
1.341 19.887
1.342 19.823
1.343 19.811
1.344 20.032
1.345 20.042
1.346 19.794
1.347 19.957
1.348 20.915
1.349 22.005
1.35 22.126
1.351 20.846
1.352 19.408
1.353 19.283
1.354 19.766
1.355 19.208
1.356 17.92
1.357 17.253
1.358 16.793
1.359 16.626
1.36 17.246
1.361 17.823
1.362 17.754
1.363 17.48
1.364 17.639
1.365 18.087
1.366 17.896
1.367 16.867
1.368 16.667
1.369 18.506
1.37 20.535
1.371 19.978
1.372 17.901
1.373 17.133
1.374 17.554
1.375 17.674
1.376 17.878
1.377 18.555
1.378 18.303
1.379 16.605
1.38 14.865
1.381 14.513
1.382 16.022
1.383 17.545
1.384 17.274
1.385 16.23
1.386 15.581
1.387 14.228
1.388 12.864
1.389 13.272
1.39 15.254
1.391 16.941
1.392 16.409
1.393 14.13
1.394 11.432
1.395 9.896
1.396 10.124
1.397 11.364
1.398 11.968
1.399 11.292
1.4 10.47
1.401 10.861
1.402 11.918
1.403 12.567
1.404 12.138
1.405 10.474
1.406 9.287
1.407 9.436
1.408 10.12
1.409 10.538
1.41 10.482
1.411 10.378
1.412 10.018
1.413 8.869
1.414 8.722
1.415 10.557
1.416 11.022
1.417 9.58
1.418 9.102
1.419 10.526
1.42 12.469
1.421 12.816
1.422 10.229
1.423 6.917
1.424 6.208
1.425 7.179
1.426 8.722
1.427 10.352
1.428 10.685
1.429 9.975
1.43 9.929
1.431 10.63
1.432 10.983
1.433 9.987
1.434 8.179
1.435 7.342
1.436 7.902
1.437 7.757
1.438 7.269
1.439 8.143
1.44 9.254
1.441 9.691
1.442 10.143
1.443 9.943
1.444 8.308
1.445 7.24
1.446 8.881
1.447 10.65
1.448 9.81
1.449 8.986
1.45 9.983
1.451 11.589
1.452 11.912
1.453 9.735
1.454 7.057
1.455 6.485
1.456 7.492
1.457 8.771
1.458 9.825
1.459 10.479
1.46 10.525
1.461 9.834
1.462 9.32
1.463 9.012
1.464 8.927
1.465 9.586
1.466 9.776
1.467 9.283
1.468 9.138
1.469 9.69
1.47 10.521
1.471 11.15
1.472 11.685
1.473 12.447
1.474 12.403
1.475 10.734
1.476 8.804
1.477 7.79
1.478 7.444
1.479 8.176
1.48 10.457
1.481 12.121
1.482 11.207
1.483 10.326
1.484 10.314
1.485 10.059
1.486 9.301
1.487 8.865
1.488 9.782
1.489 11.103
1.49 11.893
1.491 13.145
1.492 14.962
1.493 15.288
1.494 13.406
1.495 10.237
1.496 8.814
1.497 10.453
1.498 12.279
1.499 12.311
1.5 10.902
1.501 10.101
1.502 10.179
1.503 10.168
1.504 9.522
1.505 8.11
1.506 7.865
1.507 9.479
1.508 11.144
1.509 11.924
1.51 12.345
1.511 10.99
1.512 8.83
1.513 9.607
1.514 12.788
1.515 14.805
1.516 15.067
1.517 14.185
1.518 13.343
1.519 13.009
1.52 11.762
1.521 10.104
1.522 9.92
1.523 10.349
1.524 10.703
1.525 11.722
1.526 12.409
1.527 11.977
1.528 11.111
1.529 11.068
1.53 12.427
1.531 12.927
1.532 12.168
1.533 11.149
1.534 10.847
1.535 12.106
1.536 13.704
1.537 13.584
1.538 14.023
1.539 15.424
1.54 14.529
1.541 12.604
1.542 12.649
1.543 12.892
1.544 11.111
1.545 10.286
1.546 12.709
1.547 14.765
1.548 15.497
1.549 15.717
1.55 14.172
1.551 11.456
1.552 10.443
1.553 13.462
1.554 16.827
1.555 16.246
1.556 13.2
1.557 11.95
1.558 12.01
1.559 12.828
1.56 13.913
1.561 13.81
1.562 12.93
1.563 12.8
1.564 15.041
1.565 16.584
1.566 14.821
1.567 14.28
1.568 13.897
1.569 11.678
1.57 9.932
1.571 10.556
1.572 12.884
1.573 15.454
1.574 17.157
1.575 16.247
1.576 13.644
1.577 12.187
1.578 13.835
1.579 16.317
1.58 16.884
1.581 15.433
1.582 14.641
1.583 16.204
1.584 17.782
1.585 16.94
1.586 16.246
1.587 16.822
1.588 15.316
1.589 12.902
1.59 12.18
1.591 13.339
1.592 16.163
1.593 17.185
1.594 15.726
1.595 14.198
1.596 13.88
1.597 15.747
1.598 15.025
1.599 15.435
1.6 16.079
1.601 14.183
1.602 14.644
1.603 16.714
1.604 17.747
1.605 18.594
1.606 18.011
1.607 16.295
1.608 15.221
1.609 15.523
1.61 17.962
1.611 20.383
1.612 17.98
1.613 13.859
1.614 14.675
1.615 18.3
1.616 17.694
1.617 15.013
1.618 14.421
1.619 14.491
1.62 15.716
1.621 15.091
1.622 14.798
1.623 14.505
1.624 16.313
1.625 19.413
1.626 19.355
1.627 16.431
1.628 15.521
1.629 16.107
1.63 16.98
1.631 16.569
1.632 17.694
1.633 17.824
1.634 16.266
1.635 13.76
1.636 14.115
1.637 18.533
1.638 17.375
1.639 16.108
1.64 17.768
1.641 15.923
1.642 16.75
1.643 20.311
1.644 20.75
1.645 20.367
1.646 18.261
1.647 15.366
1.648 13.826
1.649 15.675
1.65 14.354
1.651 13.049
1.652 16.831
1.653 19.472
1.654 19.706
1.655 21.82
1.656 22.561
1.657 20.694
1.658 16.16
1.659 15.334
1.66 17.076
1.661 20.039
1.662 19.836
1.663 16.678
1.664 14.155
1.665 11.16
1.666 15.206
1.667 13.033
1.668 10.906
1.669 14.485
1.67 18.734
1.671 17.009
1.672 24.799
1.673 26.756
1.674 21.991
1.675 18.346
1.676 16.561
1.677 17.093
1.678 20.674
1.679 21.461
1.68 22.788
1.681 20.053
1.682 17.313
1.683 12.342
1.684 18.239
1.685 26.439
1.686 19.898
1.687 17.782
1.688 14.286
1.689 19.048
1.69 16.971
1.691 21.964
1.692 24.294
1.693 20.502
1.694 28.807
1.695 19.654
1.696 2.564
1.697 2.75
1.698 8.983
1.699 17.268
1.7 33.431
