0.66 40.75
0.661 44.702
0.662 43.032
0.663 37.59
0.664 36.071
0.665 41.101
0.666 47.887
0.667 41.855
0.668 37.817
0.669 45.749
0.67 43.677
0.671 44.989
0.672 36.575
0.673 41.07
0.674 37.91
0.675 42.385
0.676 42.331
0.677 39.2
0.678 44.094
0.679 43.457
0.68 42.384
0.681 41.914
0.682 38.857
0.683 38.143
0.684 40.778
0.685 42.176
0.686 39.638
0.687 41.055
0.688 45.622
0.689 42.906
0.69 35.454
0.691 41.374
0.692 45.558
0.693 41.399
0.694 34.857
0.695 36.172
0.696 39.374
0.697 38.103
0.698 39.026
0.699 39.587
0.7 38.545
0.701 37.947
0.702 40.433
0.703 41.53
0.704 40.208
0.705 39.487
0.706 39.971
0.707 39.9
0.708 36.61
0.709 39.746
0.71 39.337
0.711 36.132
0.712 39.497
0.713 39.729
0.714 37.709
0.715 38.863
0.716 39.726
0.717 39.368
0.718 41.444
0.719 39.235
0.72 37.087
0.721 37.346
0.722 37.823
0.723 36.564
0.724 38.034
0.725 40.676
0.726 40.774
0.727 37.313
0.728 35.632
0.729 37.787
0.73 38.786
0.731 37.763
0.732 37.291
0.733 38.079
0.734 37.086
0.735 36.555
0.736 37.852
0.737 38.565
0.738 37.902
0.739 38.392
0.74 39.317
0.741 38.734
0.742 37.059
0.743 35.956
0.744 36.545
0.745 37.268
0.746 38.648
0.747 38.938
0.748 38.811
0.749 38.338
0.75 36.613
0.751 36.28
0.752 37.666
0.753 36.794
0.754 35.7
0.755 37.048
0.756 38.758
0.757 38.327
0.758 36.209
0.759 35.135
0.76 35.484
0.761 36.445
0.762 37.981
0.763 38.298
0.764 37.452
0.765 35.559
0.766 35.758
0.767 38.079
0.768 38.487
0.769 37.146
0.77 36.114
0.771 35.153
0.772 33.72
0.773 35.691
0.774 38.458
0.775 38.986
0.776 37.609
0.777 36.734
0.778 37.995
0.779 38.811
0.78 37.72
0.781 36.656
0.782 36.153
0.783 35.244
0.784 35.232
0.785 36.348
0.786 36.602
0.787 35.409
0.788 35.315
0.789 36.229
0.79 36.976
0.791 37.597
0.792 37.633
0.793 37.201
0.794 36.426
0.795 36.038
0.796 35.69
0.797 35.693
0.798 37.263
0.799 38.542
0.8 37.547
0.801 36.421
0.802 36.22
0.803 36.201
0.804 36.612
0.805 37.269
0.806 36.922
0.807 36.345
0.808 35.837
0.809 35.554
0.81 36.028
0.811 35.992
0.812 35.498
0.813 35.78
0.814 36.404
0.815 36.878
0.816 37.347
0.817 37.525
0.818 36.561
0.819 35.423
0.82 35.151
0.821 34.403
0.822 33.568
0.823 34.492
0.824 36.086
0.825 36.832
0.826 36.434
0.827 35.294
0.828 34.641
0.829 35.283
0.83 36.193
0.831 37.003
0.832 37.374
0.833 36.671
0.834 35.47
0.835 34.985
0.836 35.348
0.837 35.529
0.838 35.601
0.839 36.66
0.84 37.958
0.841 37.029
0.842 34.692
0.843 34.28
0.844 35.642
0.845 36.509
0.846 36.458
0.847 36.31
0.848 36.611
0.849 36.456
0.85 35.219
0.851 34.416
0.852 34.435
0.853 34.29
0.854 34.536
0.855 36.06
0.856 37.869
0.857 37.829
0.858 35.838
0.859 34.109
0.86 34.308
0.861 35.076
0.862 34.984
0.863 34.338
0.864 34.335
0.865 35.073
0.866 35.75
0.867 36.049
0.868 35.868
0.869 35.669
0.87 35.722
0.871 35.545
0.872 34.943
0.873 34.786
0.874 35.298
0.875 35.597
0.876 35.769
0.877 36.323
0.878 36.414
0.879 35.582
0.88 35.019
0.881 34.837
0.882 34.691
0.883 34.926
0.884 36.052
0.885 37.037
0.886 36.593
0.887 35.64
0.888 35.014
0.889 34.666
0.89 34.701
0.891 35.158
0.892 35.543
0.893 35.365
0.894 35.435
0.895 36.01
0.896 36.05
0.897 35.462
0.898 35.068
0.899 34.666
0.9 34.161
0.901 34.294
0.902 34.936
0.903 34.917
0.904 34.934
0.905 35.496
0.906 35.833
0.907 35.539
0.908 34.877
0.909 34.226
0.91 33.895
0.911 34.376
0.912 35.504
0.913 35.857
0.914 35.288
0.915 34.981
0.916 35.395
0.917 36.021
0.918 36.113
0.919 35.614
0.92 35.397
0.921 35.397
0.922 34.567
0.923 33.788
0.924 34.194
0.925 34.913
0.926 35.005
0.927 34.298
0.928 33.637
0.929 34.098
0.93 35.604
0.931 36.491
0.932 35.846
0.933 34.702
0.934 34.173
0.935 34.202
0.936 34.701
0.937 35.034
0.938 35.054
0.939 34.373
0.94 34.091
0.941 33.869
0.942 33.868
0.943 33.654
0.944 33.506
0.945 33.73
0.946 34.205
0.947 34.361
0.948 34.34
0.949 33.918
0.95 33.772
0.951 33.481
0.952 33.049
0.953 32.449
0.954 32.444
0.955 33.381
0.956 33.62
0.957 33.524
0.958 33.629
0.959 32.723
0.96 32.289
0.961 31.81
0.962 31.104
0.963 31.046
0.964 31.747
0.965 32.322
0.966 31.744
0.967 31.35
0.968 31.477
0.969 32.433
0.97 31.84
0.971 30.934
0.972 30.812
0.973 30.569
0.974 30.925
0.975 31.492
0.976 32.384
0.977 31.938
0.978 30.696
0.979 31.649
0.98 32.372
0.981 31.518
0.982 30.857
0.983 30.648
0.984 31.022
0.985 31.2
0.986 30.726
0.987 30.517
0.988 30.793
0.989 30.644
0.99 31.31
0.991 32.176
0.992 31.555
0.993 30.724
0.994 30.305
0.995 30.749
0.996 31.572
0.997 32.039
0.998 30.984
0.999 29.862
1.0 30.128
1.001 30.645
1.002 30.478
1.003 30.882
1.004 31.149
1.005 29.566
1.006 29.45
1.007 31.021
1.008 31.567
1.009 30.833
1.01 29.564
1.011 29.441
1.012 30.241
1.013 30.935
1.014 30.948
1.015 30.735
1.016 30.832
1.017 31.096
1.018 30.697
1.019 29.893
1.02 29.469
1.021 30.242
1.022 31.105
1.023 31.298
1.024 30.843
1.025 30.464
1.026 31.448
1.027 31.847
1.028 30.587
1.029 30.072
1.03 30.31
1.031 31.053
1.032 31.324
1.033 30.139
1.034 29.341
1.035 29.377
1.036 30.065
1.037 31.053
1.038 31.635
1.039 31.598
1.04 30.79
1.041 30.529
1.042 30.899
1.043 29.79
1.044 28.823
1.045 29.732
1.046 31.188
1.047 31.798
1.048 31.378
1.049 30.711
1.05 30.664
1.051 30.905
1.052 30.686
1.053 30.842
1.054 32.086
1.055 32.47
1.056 31.688
1.057 31.304
1.058 31.128
1.059 30.823
1.06 30.828
1.061 31.421
1.062 31.895
1.063 31.505
1.064 30.836
1.065 30.792
1.066 30.736
1.067 30.561
1.068 30.772
1.069 31.111
1.07 30.994
1.071 30.306
1.072 30.273
1.073 31.122
1.074 31.321
1.075 31.068
1.076 31.098
1.077 31.458
1.078 31.423
1.079 30.82
1.08 30.441
1.081 30.765
1.082 31.393
1.083 31.241
1.084 30.975
1.085 30.841
1.086 30.696
1.087 30.864
1.088 31.357
1.089 31.469
1.09 31.048
1.091 30.831
1.092 31.284
1.093 31.999
1.094 31.656
1.095 30.405
1.096 30.095
1.097 31.014
1.098 31.608
1.099 31.312
1.1 30.91
1.101 31.113
1.102 31.898
1.103 32.15
1.104 31.98
1.105 32.304
1.106 32.706
1.107 31.948
1.108 30.939
1.109 30.758
1.11 30.735
1.111 30.384
1.112 29.889
1.113 29.902
1.114 30.462
1.115 30.931
1.116 30.7
1.117 30.485
1.118 31.156
1.119 32.037
1.12 32.022
1.121 31.026
1.122 29.755
1.123 28.726
1.124 28.582
1.125 29.101
1.126 29.617
1.127 30.39
1.128 31.057
1.129 31.502
1.13 31.809
1.131 31.126
1.132 29.64
1.133 28.478
1.134 28.374
1.135 28.837
1.136 28.804
1.137 29.197
1.138 30.092
1.139 30.029
1.14 29.195
1.141 28.842
1.142 29.242
1.143 29.836
1.144 29.833
1.145 29.42
1.146 29.193
1.147 28.616
1.148 27.545
1.149 26.738
1.15 26.23
1.151 25.919
1.152 26.273
1.153 26.606
1.154 26.247
1.155 26.176
1.156 26.807
1.157 27.532
1.158 27.283
1.159 26.406
1.16 26.327
1.161 26.932
1.162 26.953
1.163 26.563
1.164 26.831
1.165 27.581
1.166 27.995
1.167 27.507
1.168 26.214
1.169 25.641
1.17 26.073
1.171 26.114
1.172 25.79
1.173 25.844
1.174 26.25
1.175 26.722
1.176 26.989
1.177 26.664
1.178 26.322
1.179 26.763
1.18 27.708
1.181 28.614
1.182 28.591
1.183 27.102
1.184 25.066
1.185 24.483
1.186 25.924
1.187 27.189
1.188 26.719
1.189 25.668
1.19 24.995
1.191 24.74
1.192 24.903
1.193 25.463
1.194 25.994
1.195 26.136
1.196 26.18
1.197 25.681
1.198 24.795
1.199 24.892
1.2 26.235
1.201 27.295
1.202 27.185
1.203 26.309
1.204 26.154
1.205 26.88
1.206 26.675
1.207 25.563
1.208 25.283
1.209 25.869
1.21 25.95
1.211 25.518
1.212 25.218
1.213 25.661
1.214 26.531
1.215 26.813
1.216 26.662
1.217 26.971
1.218 27.366
1.219 27.329
1.22 26.925
1.221 26.415
1.222 25.777
1.223 25.133
1.224 25.414
1.225 27.154
1.226 28.775
1.227 28.972
1.228 27.869
1.229 26.93
1.23 27.451
1.231 28.433
1.232 28.541
1.233 27.625
1.234 26.556
1.235 26.314
1.236 26.287
1.237 26.328
1.238 27.166
1.239 28.2
1.24 27.93
1.241 26.696
1.242 25.949
1.243 26.082
1.244 26.507
1.245 26.87
1.246 27.007
1.247 27.037
1.248 27.407
1.249 28.086
1.25 28.119
1.251 27.508
1.252 27.335
1.253 27.716
1.254 27.868
1.255 27.84
1.256 27.928
1.257 28.124
1.258 28.178
1.259 27.956
1.26 27.198
1.261 26.583
1.262 26.955
1.263 27.485
1.264 27.475
1.265 27.364
1.266 27.711
1.267 28.241
1.268 28.258
1.269 28.175
1.27 28.322
1.271 28.332
1.272 27.971
1.273 27.426
1.274 27.146
1.275 27.5
1.276 28.051
1.277 28.521
1.278 28.34
1.279 27.156
1.28 25.782
1.281 25.395
1.282 26.427
1.283 27.46
1.284 27.022
1.285 25.878
1.286 26.061
1.287 27.091
1.288 27.797
1.289 28.023
1.29 27.567
1.291 26.593
1.292 26.069
1.293 26.692
1.294 27.701
1.295 28.443
1.296 28.592
1.297 27.838
1.298 26.712
1.299 25.728
1.3 25.661
1.301 26.929
1.302 28.771
1.303 29.712
1.304 29.201
1.305 28.095
1.306 27.099
1.307 26.368
1.308 26.039
1.309 25.631
1.31 24.693
1.311 24.253
1.312 25.207
1.313 26.605
1.314 27.457
1.315 27.753
1.316 27.114
1.317 25.608
1.318 24.207
1.319 24.075
1.32 25.185
1.321 26.227
1.322 26.583
1.323 26.898
1.324 27.39
1.325 27.698
1.326 27.273
1.327 26.445
1.328 25.475
1.329 24.526
1.33 24.231
1.331 24.943
1.332 25.585
1.333 25.045
1.334 23.751
1.335 22.751
1.336 22.798
1.337 23.511
1.338 23.287
1.339 21.706
1.34 20.537
1.341 21.589
1.342 23.383
1.343 24.057
1.344 23.585
1.345 22.86
1.346 22.75
1.347 23.439
1.348 24.348
1.349 24.729
1.35 24.52
1.351 23.738
1.352 22.475
1.353 21.726
1.354 22.054
1.355 22.499
1.356 22.393
1.357 21.877
1.358 20.781
1.359 19.825
1.36 19.84
1.361 20.405
1.362 20.736
1.363 20.37
1.364 20.062
1.365 20.619
1.366 21.15
1.367 20.811
1.368 20.089
1.369 19.889
1.37 20.204
1.371 20.419
1.372 20.11
1.373 19.795
1.374 20.033
1.375 20.483
1.376 21.075
1.377 21.53
1.378 20.99
1.379 19.477
1.38 17.884
1.381 16.999
1.382 17.032
1.383 17.082
1.384 16.72
1.385 16.841
1.386 17.471
1.387 16.933
1.388 15.658
1.389 15.735
1.39 17.359
1.391 18.329
1.392 17.606
1.393 16.481
1.394 14.879
1.395 12.808
1.396 11.811
1.397 12.397
1.398 12.91
1.399 13.104
1.4 13.252
1.401 13.056
1.402 12.719
1.403 12.715
1.404 12.706
1.405 12.043
1.406 11.48
1.407 11.52
1.408 11.596
1.409 11.248
1.41 11.224
1.411 11.974
1.412 12.047
1.413 10.712
1.414 10.327
1.415 11.928
1.416 12.133
1.417 10.14
1.418 9.228
1.419 10.432
1.42 11.875
1.421 12.099
1.422 10.48
1.423 8.181
1.424 8.077
1.425 10.324
1.426 12.75
1.427 12.996
1.428 10.842
1.429 8.99
1.43 9.25
1.431 10.367
1.432 10.885
1.433 10.183
1.434 8.863
1.435 8.545
1.436 9.886
1.437 9.941
1.438 8.513
1.439 9.169
1.44 11.252
1.441 11.948
1.442 11.568
1.443 10.875
1.444 9.447
1.445 7.984
1.446 8.336
1.447 9.459
1.448 9.946
1.449 10.541
1.45 11.586
1.451 12.616
1.452 12.179
1.453 9.53
1.454 7.332
1.455 8.123
1.456 10.294
1.457 11.446
1.458 11.195
1.459 10.927
1.46 10.764
1.461 10.207
1.462 9.694
1.463 8.908
1.464 8.68
1.465 9.798
1.466 10.687
1.467 11.084
1.468 11.779
1.469 12.086
1.47 12.034
1.471 11.847
1.472 11.406
1.473 11.501
1.474 11.455
1.475 10.911
1.476 10.295
1.477 9.065
1.478 7.657
1.479 8.283
1.48 11.849
1.481 14.759
1.482 14.035
1.483 12.191
1.484 11.143
1.485 10.168
1.486 8.934
1.487 8.865
1.488 10.532
1.489 11.889
1.49 11.857
1.491 12.07
1.492 12.989
1.493 13.813
1.494 14.674
1.495 14.718
1.496 13.312
1.497 12.105
1.498 12.423
1.499 14.08
1.5 14.211
1.501 12.598
1.502 12.047
1.503 12.281
1.504 12.426
1.505 11.868
1.506 10.524
1.507 10.491
1.508 12.042
1.509 13.011
1.51 12.345
1.511 10.312
1.512 9.434
1.513 11.271
1.514 14.226
1.515 15.903
1.516 15.742
1.517 15.188
1.518 14.722
1.519 13.725
1.52 13.218
1.521 14.693
1.522 15.643
1.523 14.064
1.524 12.768
1.525 12.106
1.526 12.256
1.527 13.205
1.528 13.714
1.529 13.531
1.53 14.019
1.531 14.384
1.532 13.533
1.533 12.4
1.534 11.844
1.535 12.567
1.536 13.09
1.537 12.384
1.538 13.242
1.539 16.963
1.54 19.2
1.541 17.859
1.542 16.388
1.543 14.94
1.544 13.01
1.545 13.473
1.546 17.45
1.547 19.7
1.548 17.784
1.549 15.281
1.55 13.656
1.551 12.45
1.552 13.133
1.553 16.226
1.554 17.068
1.555 14.469
1.556 12.698
1.557 14.73
1.558 16.715
1.559 17.295
1.56 16.891
1.561 14.879
1.562 13.054
1.563 13.215
1.564 15.496
1.565 16.915
1.566 15.987
1.567 17.169
1.568 18.669
1.569 16.147
1.57 13.185
1.571 14.261
1.572 17.38
1.573 19.435
1.574 19.05
1.575 18.294
1.576 17.573
1.577 16.681
1.578 15.78
1.579 14.69
1.58 15.278
1.581 17.093
1.582 17.307
1.583 17.234
1.584 19.542
1.585 21.175
1.586 20.078
1.587 17.843
1.588 14.957
1.589 15.045
1.59 16.584
1.591 18.512
1.592 20.677
1.593 18.539
1.594 13.552
1.595 13.869
1.596 18.598
1.597 19.112
1.598 17.087
1.599 18.522
1.6 19.746
1.601 18.016
1.602 18.593
1.603 19.943
1.604 19.83
1.605 19.018
1.606 18.902
1.607 18.765
1.608 17.402
1.609 16.983
1.61 19.073
1.611 20.574
1.612 20.106
1.613 20.666
1.614 20.823
1.615 20.7
1.616 18.596
1.617 16.02
1.618 18.2
1.619 18.958
1.62 15.716
1.621 13.682
1.622 17.323
1.623 20.246
1.624 19.782
1.625 20.752
1.626 22.631
1.627 20.01
1.628 19.375
1.629 21.653
1.63 21.816
1.631 19.562
1.632 19.01
1.633 19.871
1.634 18.941
1.635 16.907
1.636 16.069
1.637 20.739
1.638 22.004
1.639 18.811
1.64 16.576
1.641 15.813
1.642 19.811
1.643 25.029
1.644 24.619
1.645 21.974
1.646 19.953
1.647 17.332
1.648 14.899
1.649 16.794
1.65 18.642
1.651 18.677
1.652 19.359
1.653 18.12
1.654 19.155
1.655 23.81
1.656 23.182
1.657 21.337
1.658 20.103
1.659 20.225
1.66 22.99
1.661 23.39
1.662 19.223
1.663 17.809
1.664 19.789
1.665 19.971
1.666 18.774
1.667 18.906
1.668 19.662
1.669 17.816
1.67 21.772
1.671 23.077
1.672 21.934
1.673 20.789
1.674 24.171
1.675 23.859
1.676 20.382
1.677 19.419
1.678 21.719
1.679 28.539
1.68 28.485
1.681 24.465
1.682 18.088
1.683 10.098
1.684 17.138
1.685 23.328
1.686 19.728
1.687 18.838
1.688 21.254
1.689 19.929
1.69 13.139
1.691 25.357
1.692 33.522
1.693 21.757
1.694 22.634
1.695 17.279
1.696 8.547
1.697 14.0
1.698 26.714
1.699 30.928
1.7 39.003
