0.660 	30.954602
0.661 	35.576590
0.662 	34.606900
0.663 	30.342242
0.664 	38.860030
0.665 	36.726660
0.666 	32.605381
0.667 	31.881625
0.668 	36.380054
0.669 	34.981383
0.670 	34.445214
0.671 	33.640192
0.672 	33.961279
0.673 	35.169345
0.674 	33.978346
0.675 	33.118895
0.676 	33.042192
0.677 	35.453818
0.678 	36.725114
0.679 	32.816493
0.680 	32.810927
0.681 	32.572754
0.682 	32.131297
0.683 	33.328788
0.684 	33.157253
0.685 	33.443761
0.686 	33.003637
0.687 	32.859413
0.688 	32.189131
0.689 	31.387991
0.690 	32.485021
0.691 	32.753920
0.692 	33.787155
0.693 	33.651911
0.694 	33.008207
0.695 	32.511713
0.696 	33.121213
0.697 	32.294981
0.698 	31.494611
0.699 	32.133343
0.700 	32.774946
0.701 	32.252867
0.702 	31.561435
0.703 	33.135736
0.704 	33.314255
0.705 	32.063959
0.706 	31.935229
0.707 	33.122440
0.708 	32.217787
0.709 	30.532178
0.710 	32.406812
0.711 	33.962729
0.712 	35.160080
0.713 	33.811999
0.714 	32.541675
0.715 	30.936964
0.716 	29.985112
0.717 	30.619076
0.718 	31.603833
0.719 	31.105897
0.720 	30.838878
0.721 	31.877344
0.722 	31.911698
0.723 	32.714763
0.724 	33.274273
0.725 	32.144820
0.726 	31.717471
0.727 	31.756060
0.728 	31.591434
0.729 	31.795287
0.730 	32.063444
0.731 	31.820073
0.732 	30.879983
0.733 	30.445785
0.734 	31.357205
0.735 	31.677854
0.736 	31.958073
0.737 	32.186208
0.738 	31.349996
0.739 	30.205879
0.740 	29.777662
0.741 	29.704351
0.742 	30.213886
0.743 	31.458988
0.744 	31.536301
0.745 	31.414534
0.746 	30.958482
0.747 	30.356295
0.748 	30.744322
0.749 	31.235131
0.750 	30.798997
0.751 	30.182710
0.752 	30.697504
0.753 	31.737009
0.754 	31.394825
0.755 	30.076195
0.756 	29.588501
0.757 	30.229378
0.758 	31.330772
0.759 	30.787326
0.760 	29.926123
0.761 	30.464529
0.762 	31.180078
0.763 	30.916040
0.764 	30.323508
0.765 	30.158178
0.766 	29.915801
0.767 	29.540731
0.768 	29.994834
0.769 	31.180511
0.770 	31.422088
0.771 	30.374631
0.772 	29.242594
0.773 	29.177657
0.774 	29.428999
0.775 	29.414211
0.776 	29.738486
0.777 	30.600923
0.778 	31.673103
0.779 	31.352408
0.780 	30.058277
0.781 	29.229575
0.782 	29.814816
0.783 	30.711790
0.784 	30.435438
0.785 	29.789589
0.786 	29.602184
0.787 	29.639566
0.788 	29.743636
0.789 	29.825073
0.790 	29.915526
0.791 	29.529590
0.792 	29.500678
0.793 	30.028060
0.794 	29.718654
0.795 	29.404744
0.796 	30.069782
0.797 	30.300123
0.798 	29.570347
0.799 	28.751847
0.800 	28.344132
0.801 	28.695198
0.802 	29.025512
0.803 	28.864431
0.804 	28.947442
0.805 	28.936083
0.806 	28.706650
0.807 	29.035572
0.808 	29.567358
0.809 	29.573730
0.810 	29.202363
0.811 	28.420399
0.812 	28.104150
0.813 	29.253829
0.814 	30.487589
0.815 	30.658430
0.816 	30.046197
0.817 	28.861589
0.818 	28.124786
0.819 	28.117045
0.820 	28.533168
0.821 	28.668609
0.822 	28.427894
0.823 	28.308395
0.824 	28.582137
0.825 	28.980465
0.826 	28.890764
0.827 	28.581620
0.828 	28.642736
0.829 	28.736454
0.830 	28.218818
0.831 	27.848746
0.832 	28.554254
0.833 	29.410346
0.834 	29.291783
0.835 	28.938824
0.836 	28.773888
0.837 	28.194525
0.838 	27.697982
0.839 	27.945858
0.840 	28.478440
0.841 	28.806880
0.842 	28.515011
0.843 	27.970408
0.844 	27.857634
0.845 	28.062062
0.846 	28.078570
0.847 	28.169787
0.848 	28.327085
0.849 	28.099885
0.850 	27.682528
0.851 	27.531521
0.852 	27.585970
0.853 	27.450396
0.854 	27.267710
0.855 	27.368687
0.856 	27.206598
0.857 	26.794285
0.858 	27.013780
0.859 	27.608041
0.860 	28.013424
0.861 	28.432800
0.862 	28.817905
0.863 	28.407100
0.864 	27.511548
0.865 	27.331195
0.866 	27.633497
0.867 	27.757090
0.868 	27.931515
0.869 	28.212038
0.870 	28.282189
0.871 	28.152228
0.872 	28.071975
0.873 	28.084079
0.874 	27.925196
0.875 	27.329470
0.876 	26.785709
0.877 	26.837989
0.878 	27.178163
0.879 	27.642737
0.880 	27.992604
0.881 	27.449550
0.882 	26.441762
0.883 	26.086249
0.884 	26.447944
0.885 	27.129262
0.886 	27.409228
0.887 	27.100771
0.888 	26.802675
0.889 	26.852095
0.890 	27.161896
0.891 	27.266849
0.892 	26.982355
0.893 	26.824325
0.894 	26.729828
0.895 	26.338836
0.896 	26.085381
0.897 	26.619127
0.898 	27.323617
0.899 	27.265179
0.900 	26.711823
0.901 	26.237584
0.902 	25.936846
0.903 	25.841338
0.904 	25.991567
0.905 	26.218988
0.906 	26.760818
0.907 	27.524725
0.908 	27.961313
0.909 	27.590385
0.910 	26.800163
0.911 	26.303952
0.912 	26.199537
0.913 	26.141326
0.914 	26.211601
0.915 	26.124260
0.916 	25.728451
0.917 	25.534766
0.918 	25.741423
0.919 	26.133500
0.920 	26.488397
0.921 	26.353936
0.922 	25.769671
0.923 	25.542248
0.924 	25.802264
0.925 	25.971975
0.926 	25.954944
0.927 	25.999225
0.928 	26.054763
0.929 	25.971725
0.930 	25.854953
0.931 	25.950574
0.932 	26.099144
0.933 	26.073986
0.934 	26.034177
0.935 	25.851476
0.936 	25.388998
0.937 	24.757544
0.938 	24.504545
0.939 	24.581258
0.940 	24.875214
0.941 	25.114725
0.942 	25.351994
0.943 	25.400768
0.944 	25.033503
0.945 	24.550496
0.946 	24.170917
0.947 	24.205933
0.948 	24.300744
0.949 	24.156669
0.950 	23.917798
0.951 	23.613126
0.952 	23.410782
0.953 	23.274520
0.954 	23.339928
0.955 	23.353690
0.956 	23.271777
0.957 	23.347822
0.958 	23.267609
0.959 	22.709554
0.960 	22.597920
0.961 	22.715983
0.962 	22.671236
0.963 	22.280618
0.964 	22.044475
0.965 	21.952190
0.966 	22.321952
0.967 	22.642417
0.968 	22.667802
0.969 	22.582921
0.970 	22.155972
0.971 	21.699097
0.972 	21.953567
0.973 	21.739590
0.974 	21.373946
0.975 	21.460135
0.976 	21.379792
0.977 	20.986105
0.978 	21.049320
0.979 	21.385903
0.980 	21.647331
0.981 	21.722998
0.982 	21.632940
0.983 	21.328389
0.984 	20.683563
0.985 	20.590022
0.986 	21.488327
0.987 	22.644600
0.988 	22.345489
0.989 	21.440472
0.990 	21.630487
0.991 	21.936957
0.992 	21.224594
0.993 	20.704421
0.994 	20.397159
0.995 	20.993522
0.996 	21.852152
0.997 	21.512837
0.998 	21.502757
0.999 	21.743834
1.000 	21.221952
1.001 	20.558809
1.002 	20.882869
1.003 	21.533869
1.004 	21.942112
1.005 	21.946811
1.006 	21.964105
1.007 	22.167206
1.008 	21.827891
1.009 	21.198870
1.010 	20.540244
1.011 	20.758763
1.012 	21.155544
1.013 	21.386374
1.014 	21.699463
1.015 	21.627062
1.016 	21.485007
1.017 	21.518151
1.018 	21.128130
1.019 	20.995654
1.020 	21.032427
1.021 	20.990083
1.022 	21.627414
1.023 	22.412013
1.024 	22.296527
1.025 	22.128981
1.026 	22.278945
1.027 	22.145581
1.028 	21.451260
1.029 	21.084417
1.030 	21.551007
1.031 	21.991046
1.032 	21.672881
1.033 	20.818106
1.034 	20.784412
1.035 	21.437099
1.036 	21.656509
1.037 	22.041002
1.038 	22.433440
1.039 	22.253930
1.040 	21.759611
1.041 	21.504059
1.042 	21.769376
1.043 	22.126336
1.044 	22.204484
1.045 	21.944365
1.046 	22.017840
1.047 	22.214594
1.048 	22.073637
1.049 	21.914131
1.050 	22.182155
1.051 	22.520750
1.052 	22.028867
1.053 	21.447250
1.054 	21.455786
1.055 	21.442926
1.056 	21.599640
1.057 	22.143037
1.058 	22.341097
1.059 	22.381128
1.060 	22.508675
1.061 	22.468120
1.062 	22.355437
1.063 	21.980695
1.064 	21.832204
1.065 	22.025688
1.066 	22.462593
1.067 	22.878711
1.068 	22.476585
1.069 	21.769082
1.070 	21.619518
1.071 	21.719743
1.072 	21.906905
1.073 	22.095865
1.074 	21.853034
1.075 	21.654590
1.076 	21.887045
1.077 	22.230876
1.078 	22.433783
1.079 	22.577127
1.080 	22.176909
1.081 	21.458221
1.082 	21.831819
1.083 	22.541246
1.084 	22.378745
1.085 	22.175355
1.086 	22.186271
1.087 	22.015522
1.088 	21.613387
1.089 	21.490764
1.090 	21.966906
1.091 	22.491365
1.092 	22.158522
1.093 	21.409889
1.094 	21.212638
1.095 	21.820691
1.096 	22.521491
1.097 	22.147344
1.098 	21.163397
1.099 	20.757343
1.100 	20.938169
1.101 	21.260263
1.102 	21.645462
1.103 	21.963662
1.104 	22.178603
1.105 	22.330157
1.106 	22.323334
1.107 	22.042891
1.108 	21.782623
1.109 	21.696096
1.110 	21.702499
1.111 	21.687171
1.112 	21.225488
1.113 	20.563908
1.114 	20.396931
1.115 	20.366621
1.116 	20.562786
1.117 	21.372896
1.118 	22.126821
1.119 	22.261710
1.120 	21.978543
1.121 	21.534548
1.122 	20.948146
1.123 	20.380088
1.124 	20.123351
1.125 	20.185613
1.126 	20.268285
1.127 	20.388168
1.128 	20.409002
1.129 	20.161874
1.130 	19.876897
1.131 	19.670560
1.132 	19.758937
1.133 	20.029989
1.134 	19.872401
1.135 	19.331039
1.136 	19.255227
1.137 	19.608825
1.138 	19.413393
1.139 	18.781458
1.140 	18.388951
1.141 	18.170914
1.142 	18.093417
1.143 	18.379028
1.144 	18.397505
1.145 	17.769748
1.146 	17.412940
1.147 	17.508960
1.148 	17.342475
1.149 	16.950474
1.150 	16.579304
1.151 	16.340695
1.152 	15.953929
1.153 	15.283854
1.154 	15.036369
1.155 	15.527291
1.156 	16.089503
1.157 	16.111316
1.158 	15.866223
1.159 	15.757537
1.160 	16.050050
1.161 	16.692588
1.162 	16.991889
1.163 	16.629495
1.164 	15.939710
1.165 	15.627531
1.166 	15.743971
1.167 	15.480483
1.168 	14.813588
1.169 	14.489638
1.170 	14.610981
1.171 	14.988742
1.172 	15.404526
1.173 	15.515563
1.174 	15.031303
1.175 	14.359645
1.176 	14.215038
1.177 	14.573401
1.178 	15.194956
1.179 	15.650423
1.180 	15.723667
1.181 	15.632563
1.182 	15.596344
1.183 	15.698240
1.184 	15.579447
1.185 	15.026338
1.186 	14.554955
1.187 	14.316725
1.188 	14.190336
1.189 	14.620091
1.190 	15.385765
1.191 	15.533332
1.192 	15.347570
1.193 	15.352799
1.194 	15.192970
1.195 	14.718890
1.196 	14.431069
1.197 	14.603989
1.198 	15.227217
1.199 	15.901005
1.200 	16.014482
1.201 	15.583883
1.202 	15.056227
1.203 	14.886049
1.204 	14.942539
1.205 	14.855655
1.206 	14.489612
1.207 	14.123392
1.208 	14.393722
1.209 	15.223274
1.210 	15.728499
1.211 	15.404580
1.212 	14.315156
1.213 	13.361265
1.214 	13.448133
1.215 	14.904323
1.216 	16.234403
1.217 	16.259104
1.218 	15.284257
1.219 	14.430256
1.220 	14.342287
1.221 	14.525220
1.222 	14.625493
1.223 	14.884068
1.224 	15.334010
1.225 	15.619060
1.226 	15.639188
1.227 	15.629516
1.228 	15.791844
1.229 	15.686296
1.230 	15.211624
1.231 	15.150370
1.232 	15.443049
1.233 	15.600445
1.234 	15.871711
1.235 	16.430420
1.236 	16.743144
1.237 	16.584193
1.238 	16.179220
1.239 	15.775820
1.240 	15.598743
1.241 	15.746472
1.242 	15.936845
1.243 	16.060394
1.244 	16.040765
1.245 	16.001002
1.246 	16.017764
1.247 	15.662317
1.248 	15.235546
1.249 	15.472706
1.250 	15.943651
1.251 	15.950100
1.252 	15.752594
1.253 	15.658015
1.254 	15.731337
1.255 	15.915403
1.256 	15.881320
1.257 	15.318267
1.258 	14.778255
1.259 	14.860976
1.260 	15.420987
1.261 	16.250171
1.262 	16.660283
1.263 	16.346078
1.264 	15.934356
1.265 	15.823178
1.266 	15.736879
1.267 	15.562678
1.268 	15.356098
1.269 	15.214377
1.270 	15.233044
1.271 	15.399812
1.272 	15.756564
1.273 	16.098319
1.274 	16.246940
1.275 	16.225852
1.276 	16.072156
1.277 	15.943560
1.278 	16.213514
1.279 	16.351209
1.280 	15.715810
1.281 	15.000756
1.282 	14.686698
1.283 	14.576507
1.284 	14.796991
1.285 	15.557967
1.286 	16.256541
1.287 	16.218794
1.288 	15.670303
1.289 	15.384928
1.290 	15.324397
1.291 	15.204989
1.292 	15.289462
1.293 	15.781410
1.294 	16.147223
1.295 	16.037718
1.296 	15.762191
1.297 	15.580889
1.298 	15.442768
1.299 	15.196326
1.300 	15.006721
1.301 	14.900053
1.302 	14.421560
1.303 	13.593519
1.304 	13.069064
1.305 	13.829059
1.306 	15.433631
1.307 	16.262259
1.308 	15.769566
1.309 	14.710926
1.310 	14.016919
1.311 	13.504929
1.312 	13.143735
1.313 	13.423686
1.314 	14.061059
1.315 	14.192397
1.316 	14.061856
1.317 	14.109682
1.318 	14.026168
1.319 	13.794696
1.320 	13.556115
1.321 	13.407888
1.322 	13.393754
1.323 	13.336123
1.324 	13.030635
1.325 	12.355989
1.326 	11.753461
1.327 	11.735350
1.328 	11.835103
1.329 	11.650452
1.330 	11.793909
1.331 	12.410606
1.332 	12.650333
1.333 	12.219880
1.334 	11.468565
1.335 	10.917400
1.336 	11.049153
1.337 	11.591379
1.338 	11.769837
1.339 	11.281928
1.340 	10.841101
1.341 	10.943662
1.342 	11.529762
1.343 	11.823979
1.344 	10.958845
1.345 	9.869668
1.346 	9.869106
1.347 	10.650888
1.348 	11.030769
1.349 	10.727308
1.350 	10.108467
1.351 	9.780273
1.352 	9.825692
1.353 	9.703257
1.354 	9.553278
1.355 	9.759706
1.356 	10.080288
1.357 	10.219357
1.358 	10.092878
1.359 	10.119557
1.360 	10.319494
1.361 	9.954595
1.362 	9.035344
1.363 	8.887048
1.364 	9.768690
1.365 	10.480204
1.366 	10.014584
1.367 	8.851415
1.368 	8.361780
1.369 	8.327955
1.370 	8.082373
1.371 	8.141795
1.372 	8.835629
1.373 	9.365922
1.374 	9.154070
1.375 	9.151964
1.376 	9.919418
1.377 	9.998770
1.378 	8.932661
1.379 	8.314226
1.380 	8.171362
1.381 	7.842698
1.382 	7.416615
1.383 	7.016268
1.384 	6.662672
1.385 	6.781995
1.386 	7.204863
1.387 	7.255741
1.388 	6.797730
1.389 	6.051160
1.390 	5.216949
1.391 	4.711995
1.392 	4.782667
1.393 	5.580880
1.394 	6.005522
1.395 	5.343434
1.396 	4.522044
1.397 	4.436561
1.398 	4.660383
1.399 	4.463049
1.400 	3.972288
1.401 	3.825511
1.402 	4.514585
1.403 	5.784147
1.404 	6.600733
1.405 	6.141895
1.406 	5.035779
1.407 	4.247254
1.408 	4.193422
1.409 	4.492964
1.410 	4.608560
1.411 	4.274881
1.412 	3.837447
1.413 	3.985038
1.414 	4.124328
1.415 	3.785382
1.416 	3.458017
1.417 	3.693175
1.418 	4.069861
1.419 	4.089672
1.420 	4.006173
1.421 	4.281937
1.422 	4.834662
1.423 	5.048756
1.424 	4.739697
1.425 	4.458849
1.426 	4.478227
1.427 	4.430318
1.428 	3.738345
1.429 	2.732491
1.430 	2.460112
1.431 	3.407349
1.432 	4.668502
1.433 	5.010746
1.434 	4.497734
1.435 	3.940279
1.436 	3.401875
1.437 	2.960060
1.438 	3.156726
1.439 	3.827190
1.440 	4.103020
1.441 	4.041568
1.442 	3.975016
1.443 	3.692764
1.444 	3.616689
1.445 	4.307640
1.446 	5.071732
1.447 	5.223634
1.448 	4.881470
1.449 	3.899619
1.450 	2.770401
1.451 	2.550844
1.452 	3.129739
1.453 	3.678892
1.454 	4.015483
1.455 	4.693600
1.456 	4.998301
1.457 	4.331994
1.458 	3.687040
1.459 	4.067514
1.460 	4.844282
1.461 	4.905626
1.462 	4.612897
1.463 	4.461479
1.464 	4.191766
1.465 	4.018512
1.466 	4.007395
1.467 	3.803142
1.468 	3.656592
1.469 	3.524813
1.470 	3.401894
1.471 	3.855343
1.472 	4.730654
1.473 	4.650963
1.474 	3.826183
1.475 	3.651751
1.476 	3.522602
1.477 	3.424893
1.478 	4.283446
1.479 	5.126737
1.480 	4.892111
1.481 	4.404369
1.482 	4.639187
1.483 	5.280686
1.484 	5.078658
1.485 	4.029474
1.486 	3.467726
1.487 	3.519547
1.488 	3.547557
1.489 	2.737872
1.490 	1.240343
1.491 	1.420401
1.492 	3.833148
1.493 	5.589893
1.494 	5.749976
1.495 	5.530794
1.496 	5.163917
1.497 	4.672332
1.498 	4.355147
1.499 	3.829313
1.500 	3.036394
1.501 	2.702794
1.502 	3.549805
1.503 	5.378496
1.504 	6.414803
1.505 	5.436841
1.506 	4.060768
1.507 	3.458595
1.508 	3.607727
1.509 	4.393438
1.510 	4.959447
1.511 	4.705817
1.512 	3.598198
1.513 	2.628075
1.514 	3.199931
1.515 	4.841263
1.516 	6.010218
1.517 	5.665378
1.518 	4.392832
1.519 	4.194109
1.520 	5.166257
1.521 	5.894849
1.522 	5.584896
1.523 	4.955692
1.524 	4.732696
1.525 	4.201609
1.526 	3.847188
1.527 	4.593945
1.528 	5.369851
1.529 	4.854376
1.530 	4.614544
1.531 	5.069078
1.532 	5.308342
1.533 	5.234275
1.534 	4.976575
1.535 	4.736671
1.536 	4.247094
1.537 	4.361444
1.538 	5.586549
1.539 	6.280149
1.540 	5.368858
1.541 	4.244518
1.542 	4.312641
1.543 	5.234475
1.544 	5.661756
1.545 	6.015055
1.546 	6.548569
1.547 	5.832562
1.548 	4.167222
1.549 	3.114833
1.550 	3.500805
1.551 	5.139674
1.552 	5.880152
1.553 	5.659600
1.554 	5.636218
1.555 	5.577480
1.556 	5.099561
1.557 	5.076492
1.558 	5.799771
1.559 	6.162014
1.560 	5.472565
1.561 	5.664283
1.562 	6.392889
1.563 	5.976033
1.564 	6.134514
1.565 	6.806917
1.566 	6.524869
1.567 	5.586514
1.568 	4.684054
1.569 	4.548867
1.570 	5.193690
1.571 	5.609179
1.572 	5.468378
1.573 	6.013545
1.574 	5.621465
1.575 	4.716882
1.576 	5.902914
1.577 	7.870541
1.578 	6.918354
1.579 	4.659226
1.580 	4.885556
1.581 	6.111620
1.582 	6.401155
1.583 	6.666343
1.584 	7.073749
1.585 	6.459789
1.586 	5.711725
1.587 	6.413163
1.588 	6.897319
1.589 	6.466669
1.590 	6.684652
1.591 	7.906284
1.592 	8.865437
1.593 	8.405349
1.594 	6.846807
1.595 	5.543119
1.596 	5.537985
1.597 	6.233195
1.598 	6.811868
1.599 	6.130717
1.600 	5.234542
1.601 	5.383565
1.602 	6.126876
1.603 	5.889526
1.604 	5.653730
1.605 	5.489503
1.606 	5.580635
1.607 	5.318319
1.608 	4.594765
1.609 	5.432238
1.610 	6.450508
1.611 	5.714266
1.612 	5.589744
1.613 	7.326839
1.614 	9.258979
1.615 	8.555740
1.616 	6.230622
1.617 	6.151728
1.618 	6.827152
1.619 	5.972136
1.620 	5.424351
1.621 	6.414474
1.622 	8.975435
1.623 	9.550576
1.624 	8.133137
1.625 	7.239786
1.626 	6.689128
1.627 	6.875469
1.628 	7.241786
1.629 	6.485430
1.630 	6.177773
1.631 	6.448407
1.632 	6.820402
1.633 	7.754955
1.634 	8.150788
1.635 	7.358133
1.636 	6.925257
1.637 	6.934814
1.638 	7.085223
1.639 	7.735577
1.640 	7.196401
1.641 	6.308263
1.642 	5.616640
1.643 	5.410602
1.644 	5.534807
1.645 	5.975415
1.646 	7.084810
1.647 	7.673701
1.648 	7.122823
1.649 	7.699189
1.650 	6.558899
1.651 	5.098332
1.652 	5.869692
1.653 	8.849367
1.654 	10.110849
1.655 	8.623483
1.656 	8.097884
1.657 	9.326392
1.658 	8.303239
1.659 	7.754313
1.660 	7.808218
1.661 	7.527012
1.662 	4.999059
1.663 	4.094997
1.664 	7.074361
1.665 	9.880023
1.666 	9.605475
1.667 	7.564843
1.668 	6.627566
1.669 	8.001855
1.670 	8.035117
1.671 	4.397443
1.672 	5.570662
1.673 	6.305093
1.674 	7.010320
1.675 	8.229961
1.676 	6.680421
1.677 	4.929934
1.678 	3.039390
1.679 	3.405616
1.680 	9.744147
1.681 	14.425122
1.682 	11.882883
1.683 	2.949170
1.684 	5.553796
1.685 	10.986989
1.686 	6.168458
1.687 	5.488948
1.688 	7.897260
1.689 	6.349135
1.690 	4.923977
1.691 	5.731514
1.692 	8.375595
1.693 	9.723532
1.694 	7.684269
1.695 	7.686606
1.696 	3.516792
1.697 	-0.985547
1.698 	10.868676
1.699 	18.843659
1.700 	8.002931
