0.660 	32.681174
0.661 	37.808126
0.662 	34.520448
0.663 	39.806764
0.664 	35.239016
0.665 	35.473723
0.666 	37.849777
0.667 	41.628818
0.668 	32.387195
0.669 	37.278382
0.670 	37.266164
0.671 	34.603627
0.672 	39.214876
0.673 	42.036709
0.674 	39.010093
0.675 	34.363418
0.676 	39.544659
0.677 	37.516205
0.678 	33.255657
0.679 	39.786410
0.680 	41.619873
0.681 	36.461033
0.682 	36.782792
0.683 	38.950318
0.684 	35.625573
0.685 	36.866827
0.686 	39.075701
0.687 	40.537461
0.688 	34.318055
0.689 	29.458397
0.690 	34.524437
0.691 	33.751020
0.692 	34.735263
0.693 	41.523951
0.694 	36.620180
0.695 	37.435178
0.696 	33.261230
0.697 	37.389579
0.698 	37.572670
0.699 	32.745402
0.700 	37.501187
0.701 	39.928142
0.702 	38.030022
0.703 	37.617459
0.704 	35.277058
0.705 	37.635345
0.706 	37.167033
0.707 	35.370667
0.708 	35.821750
0.709 	38.260211
0.710 	40.927242
0.711 	39.241655
0.712 	35.909711
0.713 	35.143867
0.714 	36.027341
0.715 	36.566198
0.716 	37.387273
0.717 	37.381663
0.718 	37.515832
0.719 	37.026376
0.720 	36.241475
0.721 	35.281471
0.722 	37.207298
0.723 	38.174009
0.724 	36.759978
0.725 	36.744227
0.726 	36.892106
0.727 	36.459755
0.728 	37.448519
0.729 	36.975992
0.730 	39.331009
0.731 	36.604957
0.732 	34.742351
0.733 	37.673947
0.734 	37.105397
0.735 	37.539115
0.736 	37.802073
0.737 	35.873414
0.738 	35.597602
0.739 	35.758427
0.740 	35.378698
0.741 	35.356241
0.742 	33.884721
0.743 	33.984008
0.744 	37.279275
0.745 	37.871132
0.746 	38.410113
0.747 	39.369941
0.748 	37.062125
0.749 	35.443467
0.750 	37.373740
0.751 	38.066488
0.752 	35.579121
0.753 	34.406572
0.754 	35.262907
0.755 	36.849981
0.756 	37.481555
0.757 	35.600177
0.758 	33.669126
0.759 	32.463941
0.760 	33.679356
0.761 	34.441319
0.762 	35.673025
0.763 	36.857851
0.764 	36.113484
0.765 	34.595612
0.766 	35.433805
0.767 	37.004825
0.768 	35.518362
0.769 	34.789296
0.770 	35.602674
0.771 	35.091992
0.772 	33.906844
0.773 	33.852194
0.774 	36.249374
0.775 	37.415093
0.776 	34.719898
0.777 	33.010363
0.778 	33.840751
0.779 	35.190147
0.780 	36.076859
0.781 	35.447641
0.782 	33.589719
0.783 	32.984986
0.784 	33.768114
0.785 	35.406209
0.786 	36.089465
0.787 	35.524941
0.788 	35.183815
0.789 	34.451005
0.790 	34.000775
0.791 	35.183658
0.792 	37.243412
0.793 	37.185092
0.794 	34.554856
0.795 	33.327950
0.796 	35.025661
0.797 	35.550831
0.798 	34.710614
0.799 	35.322304
0.800 	35.164883
0.801 	34.408193
0.802 	34.508437
0.803 	35.962294
0.804 	35.749545
0.805 	34.171917
0.806 	33.569188
0.807 	33.771489
0.808 	34.365708
0.809 	34.640178
0.810 	34.656860
0.811 	35.040745
0.812 	35.732755
0.813 	34.978685
0.814 	33.896915
0.815 	33.987538
0.816 	33.943393
0.817 	33.315407
0.818 	33.306372
0.819 	34.402284
0.820 	35.068483
0.821 	34.786083
0.822 	34.304212
0.823 	34.567808
0.824 	35.173506
0.825 	35.031473
0.826 	33.976736
0.827 	32.262101
0.828 	31.761511
0.829 	32.694541
0.830 	33.319821
0.831 	32.937429
0.832 	32.615619
0.833 	32.651620
0.834 	33.194157
0.835 	34.333249
0.836 	35.133926
0.837 	34.968382
0.838 	35.063839
0.839 	35.354750
0.840 	34.258121
0.841 	33.255173
0.842 	33.353669
0.843 	33.925757
0.844 	34.625132
0.845 	34.731891
0.846 	33.867003
0.847 	33.400380
0.848 	33.940351
0.849 	33.842394
0.850 	32.948272
0.851 	32.358951
0.852 	32.418977
0.853 	32.968233
0.854 	34.022674
0.855 	35.182379
0.856 	35.531421
0.857 	34.380353
0.858 	32.444588
0.859 	31.905448
0.860 	32.852857
0.861 	32.945137
0.862 	32.734761
0.863 	33.298235
0.864 	33.478036
0.865 	32.870281
0.866 	32.348000
0.867 	31.901292
0.868 	31.473424
0.869 	32.431441
0.870 	33.508679
0.871 	32.954258
0.872 	32.096956
0.873 	31.940375
0.874 	32.255765
0.875 	32.701345
0.876 	33.173590
0.877 	32.810879
0.878 	31.829404
0.879 	32.259108
0.880 	33.472137
0.881 	33.818573
0.882 	33.778892
0.883 	33.734141
0.884 	33.415710
0.885 	32.671491
0.886 	31.961994
0.887 	31.833622
0.888 	31.830606
0.889 	32.099374
0.890 	32.674053
0.891 	32.619631
0.892 	32.533049
0.893 	33.242947
0.894 	33.683331
0.895 	33.181519
0.896 	32.350465
0.897 	31.342158
0.898 	30.787766
0.899 	30.883024
0.900 	31.197536
0.901 	32.142013
0.902 	32.944298
0.903 	32.558811
0.904 	31.640703
0.905 	31.272607
0.906 	31.387622
0.907 	31.304438
0.908 	31.296172
0.909 	31.184736
0.910 	30.394439
0.911 	29.898477
0.912 	30.951991
0.913 	32.590784
0.914 	33.171631
0.915 	32.797012
0.916 	33.063223
0.917 	33.578057
0.918 	32.746263
0.919 	31.679026
0.920 	31.565333
0.921 	31.689334
0.922 	31.718940
0.923 	31.573027
0.924 	30.993633
0.925 	30.656953
0.926 	30.922548
0.927 	31.302513
0.928 	31.431471
0.929 	31.577383
0.930 	31.634098
0.931 	31.296506
0.932 	30.912741
0.933 	31.076384
0.934 	31.467626
0.935 	31.875913
0.936 	32.131629
0.937 	31.435385
0.938 	30.117862
0.939 	29.834974
0.940 	31.511806
0.941 	33.165992
0.942 	32.190612
0.943 	30.314953
0.944 	29.758750
0.945 	30.211314
0.946 	30.578990
0.947 	30.958915
0.948 	31.249500
0.949 	31.273910
0.950 	30.344609
0.951 	28.726596
0.952 	28.862730
0.953 	29.575546
0.954 	30.018772
0.955 	30.562555
0.956 	30.696264
0.957 	31.146116
0.958 	31.112107
0.959 	30.899217
0.960 	30.451676
0.961 	30.190471
0.962 	29.736001
0.963 	29.382299
0.964 	29.524636
0.965 	29.908422
0.966 	30.222735
0.967 	30.174085
0.968 	29.564691
0.969 	30.058013
0.970 	30.175416
0.971 	29.903037
0.972 	29.162419
0.973 	28.952091
0.974 	29.332329
0.975 	29.770024
0.976 	29.337633
0.977 	28.507046
0.978 	29.163737
0.979 	30.035761
0.980 	29.884956
0.981 	29.388886
0.982 	29.091210
0.983 	29.803019
0.984 	30.707428
0.985 	30.408951
0.986 	30.651062
0.987 	29.748131
0.988 	28.430438
0.989 	28.211182
0.990 	28.684973
0.991 	29.297258
0.992 	29.370111
0.993 	29.830915
0.994 	29.780884
0.995 	29.295395
0.996 	29.467324
0.997 	29.950035
0.998 	30.064781
0.999 	28.798808
1.000 	28.502436
1.001 	30.252825
1.002 	31.248899
1.003 	30.132598
1.004 	29.676708
1.005 	29.386712
1.006 	29.666262
1.007 	30.188816
1.008 	29.656792
1.009 	28.535397
1.010 	28.271834
1.011 	28.721412
1.012 	29.932218
1.013 	30.445321
1.014 	29.245710
1.015 	29.412613
1.016 	30.110848
1.017 	29.844110
1.018 	30.381649
1.019 	30.058437
1.020 	29.144099
1.021 	29.241043
1.022 	29.510839
1.023 	29.072852
1.024 	29.842377
1.025 	30.722002
1.026 	30.783622
1.027 	31.049368
1.028 	30.840600
1.029 	29.553960
1.030 	28.896389
1.031 	29.294141
1.032 	30.090876
1.033 	30.099598
1.034 	29.721599
1.035 	30.166903
1.036 	30.812281
1.037 	30.719334
1.038 	29.883366
1.039 	29.445213
1.040 	29.259125
1.041 	29.208383
1.042 	29.214849
1.043 	29.436604
1.044 	29.945472
1.045 	30.045779
1.046 	30.100412
1.047 	30.299075
1.048 	30.041992
1.049 	29.680905
1.050 	30.001488
1.051 	30.242694
1.052 	29.947439
1.053 	29.697432
1.054 	30.283019
1.055 	30.552948
1.056 	29.903382
1.057 	29.631254
1.058 	30.219032
1.059 	30.854558
1.060 	30.967007
1.061 	30.895030
1.062 	30.366043
1.063 	29.689408
1.064 	29.945568
1.065 	30.645434
1.066 	31.176045
1.067 	31.615499
1.068 	31.538120
1.069 	30.765765
1.070 	30.168593
1.071 	29.387853
1.072 	29.206809
1.073 	30.270744
1.074 	31.517428
1.075 	31.794249
1.076 	30.866009
1.077 	28.956432
1.078 	28.283727
1.079 	29.408751
1.080 	30.012040
1.081 	29.338417
1.082 	29.541080
1.083 	30.699925
1.084 	30.826416
1.085 	30.020542
1.086 	29.532403
1.087 	29.980177
1.088 	30.564210
1.089 	30.599219
1.090 	30.201907
1.091 	30.154840
1.092 	29.957866
1.093 	29.775348
1.094 	29.834357
1.095 	30.073687
1.096 	30.001799
1.097 	30.127088
1.098 	30.374875
1.099 	30.286107
1.100 	30.043570
1.101 	29.745623
1.102 	29.555495
1.103 	29.737976
1.104 	30.271543
1.105 	30.910316
1.106 	31.120926
1.107 	30.673545
1.108 	29.914172
1.109 	29.421866
1.110 	29.248032
1.111 	29.018064
1.112 	29.249843
1.113 	29.667704
1.114 	29.598041
1.115 	29.722274
1.116 	29.895098
1.117 	29.057153
1.118 	28.707519
1.119 	29.662576
1.120 	30.541192
1.121 	30.880032
1.122 	30.564069
1.123 	29.197925
1.124 	27.741260
1.125 	27.663713
1.126 	28.061823
1.127 	27.760890
1.128 	27.640862
1.129 	28.424027
1.130 	29.602055
1.131 	30.417626
1.132 	30.437808
1.133 	29.257101
1.134 	28.034438
1.135 	28.106034
1.136 	28.822818
1.137 	29.870650
1.138 	30.576097
1.139 	30.327432
1.140 	29.730517
1.141 	28.668905
1.142 	27.324312
1.143 	26.873366
1.144 	27.847794
1.145 	28.950064
1.146 	28.766016
1.147 	27.868107
1.148 	27.865671
1.149 	28.460936
1.150 	28.485158
1.151 	27.667882
1.152 	26.802990
1.153 	26.738229
1.154 	26.719697
1.155 	25.643616
1.156 	24.363765
1.157 	24.655184
1.158 	26.004189
1.159 	26.495364
1.160 	26.171745
1.161 	26.013669
1.162 	26.407106
1.163 	27.071887
1.164 	26.959391
1.165 	26.467101
1.166 	26.500355
1.167 	26.391964
1.168 	25.541748
1.169 	24.576309
1.170 	24.388994
1.171 	24.691319
1.172 	25.008895
1.173 	24.683484
1.174 	23.490759
1.175 	22.667356
1.176 	23.013042
1.177 	24.488794
1.178 	26.188658
1.179 	26.850304
1.180 	26.468051
1.181 	25.664247
1.182 	24.842100
1.183 	24.739627
1.184 	25.012652
1.185 	24.745342
1.186 	24.328956
1.187 	24.450003
1.188 	24.864972
1.189 	25.100912
1.190 	25.219757
1.191 	25.318327
1.192 	25.244560
1.193 	24.951092
1.194 	24.577105
1.195 	24.263983
1.196 	24.037344
1.197 	23.690276
1.198 	23.357719
1.199 	23.633101
1.200 	24.850848
1.201 	25.791713
1.202 	25.577290
1.203 	25.345149
1.204 	25.316564
1.205 	25.042977
1.206 	25.013101
1.207 	24.876650
1.208 	24.378946
1.209 	23.963711
1.210 	23.881544
1.211 	24.098709
1.212 	24.220105
1.213 	24.202377
1.214 	24.417979
1.215 	24.884608
1.216 	25.323879
1.217 	25.368907
1.218 	24.879847
1.219 	24.497775
1.220 	24.623524
1.221 	25.005005
1.222 	25.705838
1.223 	26.489951
1.224 	26.501673
1.225 	25.526507
1.226 	24.508662
1.227 	24.075351
1.228 	24.190779
1.229 	24.755533
1.230 	25.303922
1.231 	25.459481
1.232 	25.041571
1.233 	24.533124
1.234 	24.745614
1.235 	25.232517
1.236 	25.208484
1.237 	25.061058
1.238 	25.341252
1.239 	25.772882
1.240 	26.052739
1.241 	25.608255
1.242 	24.318857
1.243 	23.558796
1.244 	24.536749
1.245 	25.865532
1.246 	26.308478
1.247 	26.145743
1.248 	25.470099
1.249 	24.743058
1.250 	24.485703
1.251 	25.075852
1.252 	25.764880
1.253 	25.725823
1.254 	25.463792
1.255 	25.868581
1.256 	26.864656
1.257 	27.342636
1.258 	26.513496
1.259 	25.388093
1.260 	24.714515
1.261 	24.592846
1.262 	24.780022
1.263 	24.808818
1.264 	25.062934
1.265 	26.165356
1.266 	26.854469
1.267 	26.484277
1.268 	26.075800
1.269 	25.987658
1.270 	26.032632
1.271 	26.145433
1.272 	26.035884
1.273 	25.858335
1.274 	25.615224
1.275 	24.805315
1.276 	24.324091
1.277 	24.817220
1.278 	25.240059
1.279 	25.303213
1.280 	24.867547
1.281 	24.355893
1.282 	25.359378
1.283 	26.571036
1.284 	26.274607
1.285 	25.539415
1.286 	25.501305
1.287 	24.725052
1.288 	22.892916
1.289 	22.204703
1.290 	23.023817
1.291 	24.199226
1.292 	25.545694
1.293 	26.684190
1.294 	27.169803
1.295 	27.018919
1.296 	26.485139
1.297 	25.613658
1.298 	24.551414
1.299 	24.381458
1.300 	25.169020
1.301 	25.683583
1.302 	25.670480
1.303 	25.616474
1.304 	25.393706
1.305 	25.157608
1.306 	25.294138
1.307 	25.631404
1.308 	25.179998
1.309 	23.383305
1.310 	21.501200
1.311 	21.511305
1.312 	23.197607
1.313 	24.844315
1.314 	25.717700
1.315 	26.235500
1.316 	26.062753
1.317 	25.404344
1.318 	24.460197
1.319 	23.517143
1.320 	23.257561
1.321 	23.509390
1.322 	23.116262
1.323 	22.020827
1.324 	21.815576
1.325 	23.203896
1.326 	24.474717
1.327 	24.634246
1.328 	24.671268
1.329 	24.994680
1.330 	24.196647
1.331 	21.820752
1.332 	20.395807
1.333 	21.047239
1.334 	21.966134
1.335 	22.886333
1.336 	23.607419
1.337 	23.479720
1.338 	22.643691
1.339 	22.333918
1.340 	22.689077
1.341 	22.640303
1.342 	22.092003
1.343 	21.155737
1.344 	20.040660
1.345 	19.846282
1.346 	20.352242
1.347 	19.986705
1.348 	19.062131
1.349 	19.301153
1.350 	19.995582
1.351 	20.331929
1.352 	21.260865
1.353 	22.387233
1.354 	22.395127
1.355 	21.240440
1.356 	20.209198
1.357 	20.003729
1.358 	20.221222
1.359 	20.360620
1.360 	20.331228
1.361 	20.243034
1.362 	20.312444
1.363 	20.676127
1.364 	20.911358
1.365 	20.499101
1.366 	19.985899
1.367 	20.640972
1.368 	21.713307
1.369 	21.294996
1.370 	19.748568
1.371 	18.206691
1.372 	17.190595
1.373 	17.426563
1.374 	17.985554
1.375 	17.709653
1.376 	17.550894
1.377 	18.619902
1.378 	19.665473
1.379 	19.592125
1.380 	18.853265
1.381 	17.848810
1.382 	17.343543
1.383 	17.619133
1.384 	18.228164
1.385 	18.362624
1.386 	17.316900
1.387 	15.815930
1.388 	15.199344
1.389 	15.346612
1.390 	15.229900
1.391 	15.148623
1.392 	15.608754
1.393 	15.798268
1.394 	14.684213
1.395 	13.435516
1.396 	13.857007
1.397 	15.322684
1.398 	16.397903
1.399 	15.778140
1.400 	13.486893
1.401 	12.051673
1.402 	12.253015
1.403 	12.716621
1.404 	13.002781
1.405 	13.083363
1.406 	13.241396
1.407 	13.341381
1.408 	13.030807
1.409 	12.627290
1.410 	12.554281
1.411 	11.931006
1.412 	10.730509
1.413 	10.326489
1.414 	10.337736
1.415 	9.732536
1.416 	9.981966
1.417 	11.421258
1.418 	12.172760
1.419 	12.483831
1.420 	13.544484
1.421 	14.846670
1.422 	14.583107
1.423 	12.643415
1.424 	10.891329
1.425 	10.068191
1.426 	9.966596
1.427 	11.076705
1.428 	12.560012
1.429 	12.803561
1.430 	12.183175
1.431 	11.620329
1.432 	11.410304
1.433 	11.689943
1.434 	12.115787
1.435 	12.018579
1.436 	10.959661
1.437 	10.711880
1.438 	12.051187
1.439 	13.169368
1.440 	13.204048
1.441 	12.552005
1.442 	11.538857
1.443 	10.708331
1.444 	10.415467
1.445 	10.020444
1.446 	9.600157
1.447 	10.368257
1.448 	11.968346
1.449 	12.684324
1.450 	12.206333
1.451 	10.968631
1.452 	9.355759
1.453 	9.161750
1.454 	10.728055
1.455 	12.363891
1.456 	12.417766
1.457 	11.309350
1.458 	11.158109
1.459 	12.108175
1.460 	12.391001
1.461 	11.629987
1.462 	11.203325
1.463 	11.357605
1.464 	11.425297
1.465 	11.185761
1.466 	11.961925
1.467 	13.139980
1.468 	12.323027
1.469 	10.840445
1.470 	11.484265
1.471 	12.567166
1.472 	11.379423
1.473 	10.602110
1.474 	12.359085
1.475 	14.202601
1.476 	13.890086
1.477 	12.312096
1.478 	11.625605
1.479 	12.812727
1.480 	14.776381
1.481 	15.507544
1.482 	14.980756
1.483 	14.065121
1.484 	11.558026
1.485 	9.050543
1.486 	9.180533
1.487 	10.956871
1.488 	12.719121
1.489 	13.596155
1.490 	13.597882
1.491 	12.891047
1.492 	11.425652
1.493 	10.583671
1.494 	11.976338
1.495 	14.142669
1.496 	14.421502
1.497 	13.167553
1.498 	12.040915
1.499 	11.280741
1.500 	10.119280
1.501 	10.068401
1.502 	11.800139
1.503 	12.776616
1.504 	13.417793
1.505 	14.019615
1.506 	13.509783
1.507 	13.744761
1.508 	14.233434
1.509 	13.191614
1.510 	12.750503
1.511 	13.737253
1.512 	15.438195
1.513 	17.863147
1.514 	17.438645
1.515 	13.879652
1.516 	11.689280
1.517 	10.515587
1.518 	10.639490
1.519 	12.631839
1.520 	14.678898
1.521 	15.261696
1.522 	14.748243
1.523 	14.081877
1.524 	14.023798
1.525 	13.730763
1.526 	11.920060
1.527 	10.772841
1.528 	11.012769
1.529 	11.617426
1.530 	13.287655
1.531 	15.611004
1.532 	15.758378
1.533 	14.042031
1.534 	13.938210
1.535 	14.405691
1.536 	14.068068
1.537 	15.025164
1.538 	15.881261
1.539 	14.562414
1.540 	12.701509
1.541 	13.893882
1.542 	16.008078
1.543 	16.042509
1.544 	15.392712
1.545 	14.867637
1.546 	15.412634
1.547 	16.031558
1.548 	14.564556
1.549 	12.580252
1.550 	12.270227
1.551 	12.954071
1.552 	14.409975
1.553 	16.542501
1.554 	17.030902
1.555 	15.907379
1.556 	15.748248
1.557 	15.970493
1.558 	13.720609
1.559 	11.494079
1.560 	13.479529
1.561 	16.891496
1.562 	18.651688
1.563 	18.891174
1.564 	17.699967
1.565 	16.300214
1.566 	15.786171
1.567 	15.211438
1.568 	14.803677
1.569 	16.444884
1.570 	17.439502
1.571 	16.381680
1.572 	15.519852
1.573 	16.161894
1.574 	16.143890
1.575 	16.336451
1.576 	18.454202
1.577 	17.576495
1.578 	15.051575
1.579 	15.213840
1.580 	15.556436
1.581 	17.236255
1.582 	19.125354
1.583 	18.390494
1.584 	16.704255
1.585 	14.949491
1.586 	14.764421
1.587 	14.464421
1.588 	14.369317
1.589 	17.656153
1.590 	19.216160
1.591 	18.123054
1.592 	18.076613
1.593 	16.861319
1.594 	13.555496
1.595 	11.454636
1.596 	12.799092
1.597 	16.285430
1.598 	17.653259
1.599 	17.250247
1.600 	19.270644
1.601 	19.522195
1.602 	17.071257
1.603 	15.887989
1.604 	15.425326
1.605 	15.544429
1.606 	15.712805
1.607 	14.581311
1.608 	15.263210
1.609 	20.044475
1.610 	18.940492
1.611 	16.829039
1.612 	16.765578
1.613 	14.928915
1.614 	15.899091
1.615 	19.768234
1.616 	19.164804
1.617 	17.519729
1.618 	17.672661
1.619 	16.864160
1.620 	14.238146
1.621 	13.285982
1.622 	14.640360
1.623 	15.186188
1.624 	16.705579
1.625 	21.108078
1.626 	20.720310
1.627 	17.287946
1.628 	15.384231
1.629 	16.308791
1.630 	18.663527
1.631 	18.435734
1.632 	15.105524
1.633 	15.383393
1.634 	20.083477
1.635 	21.941648
1.636 	22.085109
1.637 	23.300129
1.638 	18.140747
1.639 	15.603448
1.640 	18.198194
1.641 	19.060587
1.642 	20.469875
1.643 	19.915350
1.644 	17.742911
1.645 	18.948823
1.646 	18.347017
1.647 	17.056078
1.648 	17.109243
1.649 	20.163047
1.650 	18.900332
1.651 	14.123280
1.652 	15.385439
1.653 	18.672038
1.654 	18.485157
1.655 	18.848828
1.656 	20.616387
1.657 	19.422477
1.658 	14.068220
1.659 	11.057942
1.660 	14.775785
1.661 	16.349798
1.662 	18.629220
1.663 	23.813353
1.664 	21.537142
1.665 	20.119988
1.666 	21.128381
1.667 	19.769198
1.668 	15.985181
1.669 	16.158079
1.670 	12.294338
1.671 	18.102213
1.672 	19.437441
1.673 	24.270279
1.674 	31.859921
1.675 	21.542024
1.676 	15.908433
1.677 	17.997421
1.678 	20.186593
1.679 	17.969921
1.680 	11.442386
1.681 	17.499205
1.682 	26.670126
1.683 	38.712127
1.684 	23.887607
1.685 	27.065652
1.686 	24.409114
1.687 	16.750130
1.688 	15.569011
1.689 	21.625747
1.690 	23.793082
1.691 	5.102285
1.692 	23.329652
1.693 	15.346041
1.694 	20.816896
1.695 	23.198780
1.696 	23.568450
1.697 	37.424933
1.698 	30.758278
1.699 	6.919442
1.700 	12.966757
