0.660 	33.776372
0.661 	35.711333
0.662 	34.335186
0.663 	34.696204
0.664 	33.829735
0.665 	31.376452
0.666 	33.203128
0.667 	33.008530
0.668 	32.732930
0.669 	32.622839
0.670 	31.711328
0.671 	32.595497
0.672 	33.890397
0.673 	32.118096
0.674 	31.329834
0.675 	31.774791
0.676 	29.613129
0.677 	30.528348
0.678 	33.414407
0.679 	33.932855
0.680 	33.109797
0.681 	32.918461
0.682 	33.972373
0.683 	32.940490
0.684 	29.878579
0.685 	29.757051
0.686 	33.081639
0.687 	34.548393
0.688 	32.730023
0.689 	30.074425
0.690 	28.876982
0.691 	28.961829
0.692 	32.635458
0.693 	34.557428
0.694 	33.235151
0.695 	31.432594
0.696 	32.658211
0.697 	35.901785
0.698 	33.965304
0.699 	30.802088
0.700 	31.352758
0.701 	32.489291
0.702 	32.842447
0.703 	31.743771
0.704 	30.020481
0.705 	30.134415
0.706 	31.423890
0.707 	31.324263
0.708 	31.580983
0.709 	32.074833
0.710 	30.525684
0.711 	29.970519
0.712 	30.559042
0.713 	31.545574
0.714 	30.834366
0.715 	30.275966
0.716 	30.278876
0.717 	30.139386
0.718 	30.622448
0.719 	32.493283
0.720 	32.661343
0.721 	31.293920
0.722 	31.144686
0.723 	31.731030
0.724 	31.753266
0.725 	31.353644
0.726 	31.567959
0.727 	31.156832
0.728 	30.843658
0.729 	30.780215
0.730 	30.962188
0.731 	31.097584
0.732 	30.118930
0.733 	29.927591
0.734 	31.124753
0.735 	32.140181
0.736 	31.685417
0.737 	30.770170
0.738 	30.612219
0.739 	29.261425
0.740 	28.319131
0.741 	29.708069
0.742 	30.729260
0.743 	30.411926
0.744 	30.110238
0.745 	30.360919
0.746 	30.648138
0.747 	30.851081
0.748 	31.459017
0.749 	31.126969
0.750 	30.620900
0.751 	30.278904
0.752 	30.520520
0.753 	31.865878
0.754 	32.194161
0.755 	30.968365
0.756 	29.307701
0.757 	29.026374
0.758 	29.951225
0.759 	30.217749
0.760 	30.169725
0.761 	30.472207
0.762 	29.738895
0.763 	28.535671
0.764 	28.779969
0.765 	29.075244
0.766 	29.475214
0.767 	30.712223
0.768 	31.617349
0.769 	31.437131
0.770 	31.112170
0.771 	30.467562
0.772 	29.339647
0.773 	29.144503
0.774 	30.013683
0.775 	30.427178
0.776 	29.967221
0.777 	29.470731
0.778 	28.886062
0.779 	28.602724
0.780 	28.882799
0.781 	29.728737
0.782 	30.562714
0.783 	30.158209
0.784 	29.234478
0.785 	28.594276
0.786 	28.516786
0.787 	29.394374
0.788 	30.654733
0.789 	31.233751
0.790 	30.630615
0.791 	29.861024
0.792 	29.766729
0.793 	29.465399
0.794 	29.172563
0.795 	29.329102
0.796 	28.864404
0.797 	28.414772
0.798 	29.000136
0.799 	29.422998
0.800 	28.943875
0.801 	28.650804
0.802 	29.097838
0.803 	29.660795
0.804 	29.428127
0.805 	28.926180
0.806 	29.254382
0.807 	29.300099
0.808 	28.463732
0.809 	27.775909
0.810 	28.050567
0.811 	29.368227
0.812 	29.707906
0.813 	28.483450
0.814 	27.600497
0.815 	27.985170
0.816 	28.820629
0.817 	28.988984
0.818 	28.496876
0.819 	28.476546
0.820 	29.408289
0.821 	29.804744
0.822 	28.774876
0.823 	27.946904
0.824 	28.312793
0.825 	29.076089
0.826 	29.603836
0.827 	29.589449
0.828 	28.781268
0.829 	27.768105
0.830 	27.348217
0.831 	27.609227
0.832 	28.420260
0.833 	29.364526
0.834 	29.791471
0.835 	29.505121
0.836 	29.034022
0.837 	28.651393
0.838 	28.516433
0.839 	28.385270
0.840 	27.740130
0.841 	26.916566
0.842 	26.822528
0.843 	27.404278
0.844 	27.655422
0.845 	27.485253
0.846 	27.706490
0.847 	28.070235
0.848 	28.032431
0.849 	27.706023
0.850 	27.673206
0.851 	28.037876
0.852 	28.514783
0.853 	28.611156
0.854 	27.990345
0.855 	27.299851
0.856 	27.366093
0.857 	27.795654
0.858 	28.056549
0.859 	28.449463
0.860 	29.116372
0.861 	28.951016
0.862 	27.909182
0.863 	27.319651
0.864 	27.589838
0.865 	27.809282
0.866 	27.851865
0.867 	27.982325
0.868 	28.196261
0.869 	28.516714
0.870 	28.771021
0.871 	28.380343
0.872 	27.295762
0.873 	26.564463
0.874 	26.320928
0.875 	26.558411
0.876 	27.471510
0.877 	28.319458
0.878 	28.289305
0.879 	28.005408
0.880 	27.673782
0.881 	26.981636
0.882 	26.252393
0.883 	26.082914
0.884 	26.288596
0.885 	26.701193
0.886 	27.380185
0.887 	27.665971
0.888 	27.784454
0.889 	27.953307
0.890 	27.629608
0.891 	27.061188
0.892 	26.899839
0.893 	27.105517
0.894 	26.755541
0.895 	25.802628
0.896 	25.250648
0.897 	25.755298
0.898 	26.670445
0.899 	27.143801
0.900 	27.299375
0.901 	27.294149
0.902 	26.830909
0.903 	26.205275
0.904 	26.093077
0.905 	26.696961
0.906 	27.431093
0.907 	27.321332
0.908 	26.634516
0.909 	26.612290
0.910 	27.029356
0.911 	27.069252
0.912 	26.794209
0.913 	26.553068
0.914 	26.500334
0.915 	26.847323
0.916 	26.959717
0.917 	26.217828
0.918 	25.470056
0.919 	25.941550
0.920 	26.571115
0.921 	26.837321
0.922 	27.259598
0.923 	27.611205
0.924 	27.466011
0.925 	26.853804
0.926 	25.893157
0.927 	25.035056
0.928 	24.651122
0.929 	24.744131
0.930 	25.098823
0.931 	25.455768
0.932 	25.379777
0.933 	24.946175
0.934 	24.867783
0.935 	25.014789
0.936 	25.126900
0.937 	25.355558
0.938 	25.739268
0.939 	25.975272
0.940 	25.673032
0.941 	25.223253
0.942 	25.138925
0.943 	25.438766
0.944 	25.117114
0.945 	24.447108
0.946 	24.271169
0.947 	24.202275
0.948 	23.706175
0.949 	23.266435
0.950 	23.686885
0.951 	24.793106
0.952 	25.113162
0.953 	24.813983
0.954 	24.124435
0.955 	23.357798
0.956 	23.611287
0.957 	24.511058
0.958 	25.064873
0.959 	24.982407
0.960 	24.477029
0.961 	24.238435
0.962 	24.324433
0.963 	24.459721
0.964 	24.276436
0.965 	23.854153
0.966 	23.846983
0.967 	23.715584
0.968 	23.436477
0.969 	23.718092
0.970 	24.431581
0.971 	24.795226
0.972 	24.307088
0.973 	23.306612
0.974 	23.274083
0.975 	24.371911
0.976 	24.607092
0.977 	23.605989
0.978 	23.763241
0.979 	25.131669
0.980 	25.398037
0.981 	24.437226
0.982 	24.354557
0.983 	25.375437
0.984 	25.864787
0.985 	24.905450
0.986 	23.860477
0.987 	23.453712
0.988 	23.240592
0.989 	23.051484
0.990 	23.705096
0.991 	24.289459
0.992 	23.901729
0.993 	23.524532
0.994 	23.576708
0.995 	23.114827
0.996 	22.705028
0.997 	23.522603
0.998 	24.757582
0.999 	24.885848
1.000 	24.160253
1.001 	24.219805
1.002 	24.748003
1.003 	24.810129
1.004 	24.788698
1.005 	24.551804
1.006 	24.227886
1.007 	24.461235
1.008 	24.458323
1.009 	23.503859
1.010 	22.795835
1.011 	23.014476
1.012 	23.382758
1.013 	23.613297
1.014 	23.618643
1.015 	23.603105
1.016 	24.011832
1.017 	24.624752
1.018 	25.063609
1.019 	25.344763
1.020 	25.335794
1.021 	24.522426
1.022 	23.699623
1.023 	23.443218
1.024 	23.126521
1.025 	22.662926
1.026 	23.061374
1.027 	24.066764
1.028 	24.372206
1.029 	23.958676
1.030 	23.494702
1.031 	23.719698
1.032 	24.426902
1.033 	24.708929
1.034 	24.519300
1.035 	24.314113
1.036 	24.112279
1.037 	23.941934
1.038 	23.770926
1.039 	23.675925
1.040 	23.350028
1.041 	22.766576
1.042 	23.011890
1.043 	23.826518
1.044 	24.396881
1.045 	24.598617
1.046 	24.162451
1.047 	23.490625
1.048 	23.226392
1.049 	23.476471
1.050 	24.078398
1.051 	24.145241
1.052 	23.355822
1.053 	22.941045
1.054 	23.296987
1.055 	23.782475
1.056 	23.824054
1.057 	23.382931
1.058 	23.168177
1.059 	23.410750
1.060 	23.742412
1.061 	24.171606
1.062 	24.305990
1.063 	24.122778
1.064 	23.854085
1.065 	23.423935
1.066 	23.261657
1.067 	23.476060
1.068 	23.602966
1.069 	23.572981
1.070 	23.629261
1.071 	23.584386
1.072 	23.205497
1.073 	22.891555
1.074 	22.982635
1.075 	22.898009
1.076 	22.689395
1.077 	22.982996
1.078 	23.218603
1.079 	23.351647
1.080 	23.839720
1.081 	24.042482
1.082 	23.636079
1.083 	23.241202
1.084 	23.282896
1.085 	23.499379
1.086 	23.497355
1.087 	23.242831
1.088 	22.951149
1.089 	22.846997
1.090 	22.991613
1.091 	23.014682
1.092 	22.748072
1.093 	22.794019
1.094 	23.408701
1.095 	23.651554
1.096 	23.186391
1.097 	22.787600
1.098 	23.157384
1.099 	23.996673
1.100 	24.123082
1.101 	23.264479
1.102 	22.613431
1.103 	22.428011
1.104 	22.094638
1.105 	22.096673
1.106 	22.942027
1.107 	23.811875
1.108 	23.865922
1.109 	23.568114
1.110 	23.339639
1.111 	23.255383
1.112 	23.223606
1.113 	22.771944
1.114 	22.102557
1.115 	21.729981
1.116 	21.409980
1.117 	20.772823
1.118 	20.089244
1.119 	20.066646
1.120 	20.879322
1.121 	21.649632
1.122 	21.744162
1.123 	21.105033
1.124 	20.043319
1.125 	19.233494
1.126 	19.340527
1.127 	19.701111
1.128 	19.741617
1.129 	19.713146
1.130 	20.098354
1.131 	20.805670
1.132 	20.996187
1.133 	20.461694
1.134 	20.220541
1.135 	20.478175
1.136 	20.241321
1.137 	19.700479
1.138 	19.573345
1.139 	19.816343
1.140 	19.929127
1.141 	19.416013
1.142 	18.320262
1.143 	17.536447
1.144 	17.926508
1.145 	19.062263
1.146 	19.674849
1.147 	19.113876
1.148 	18.307091
1.149 	18.217864
1.150 	18.891606
1.151 	19.578976
1.152 	20.097622
1.153 	20.273852
1.154 	20.175080
1.155 	20.403128
1.156 	20.778122
1.157 	20.358950
1.158 	19.185736
1.159 	18.383019
1.160 	18.611941
1.161 	19.643400
1.162 	20.425242
1.163 	20.454127
1.164 	19.833111
1.165 	18.975386
1.166 	18.387697
1.167 	18.212168
1.168 	17.943567
1.169 	17.699862
1.170 	17.995162
1.171 	18.507064
1.172 	18.804007
1.173 	18.877611
1.174 	18.685839
1.175 	18.233929
1.176 	18.169306
1.177 	18.647727
1.178 	19.127190
1.179 	18.900294
1.180 	18.419585
1.181 	18.483047
1.182 	18.791531
1.183 	18.833560
1.184 	18.770614
1.185 	18.731228
1.186 	18.840331
1.187 	19.205392
1.188 	19.315438
1.189 	18.980923
1.190 	18.814191
1.191 	19.239683
1.192 	19.773962
1.193 	19.843880
1.194 	19.262962
1.195 	18.424951
1.196 	17.670762
1.197 	17.875568
1.198 	19.180617
1.199 	20.345202
1.200 	20.060145
1.201 	19.129701
1.202 	18.399201
1.203 	18.333400
1.204 	18.711916
1.205 	19.243245
1.206 	19.639323
1.207 	19.878330
1.208 	20.095681
1.209 	20.152360
1.210 	19.741008
1.211 	19.148909
1.212 	19.189369
1.213 	19.631868
1.214 	19.710456
1.215 	19.204423
1.216 	18.986382
1.217 	19.592077
1.218 	20.396910
1.219 	20.520598
1.220 	20.249763
1.221 	20.429735
1.222 	20.697481
1.223 	20.343132
1.224 	19.822131
1.225 	19.632598
1.226 	19.419520
1.227 	19.322795
1.228 	19.768736
1.229 	20.191916
1.230 	20.092105
1.231 	19.517441
1.232 	19.066088
1.233 	19.296084
1.234 	20.144464
1.235 	20.713058
1.236 	20.691816
1.237 	20.341706
1.238 	19.897908
1.239 	19.386804
1.240 	19.083967
1.241 	19.179810
1.242 	19.254805
1.243 	19.478092
1.244 	20.147060
1.245 	20.341238
1.246 	19.648596
1.247 	19.037708
1.248 	19.342124
1.249 	20.004839
1.250 	20.027813
1.251 	19.493749
1.252 	19.249091
1.253 	19.991462
1.254 	20.898848
1.255 	21.025674
1.256 	20.456342
1.257 	19.601272
1.258 	18.789013
1.259 	18.418247
1.260 	18.841699
1.261 	19.562016
1.262 	20.203952
1.263 	20.623602
1.264 	20.308724
1.265 	18.954871
1.266 	17.600229
1.267 	17.471098
1.268 	18.387515
1.269 	19.693590
1.270 	20.526571
1.271 	20.646647
1.272 	20.350851
1.273 	19.993206
1.274 	19.616892
1.275 	19.137256
1.276 	18.563844
1.277 	18.221672
1.278 	18.285277
1.279 	18.379982
1.280 	18.401742
1.281 	18.736860
1.282 	19.233414
1.283 	19.331683
1.284 	19.067372
1.285 	18.511443
1.286 	17.701003
1.287 	17.229832
1.288 	17.386231
1.289 	17.779571
1.290 	18.221105
1.291 	18.773670
1.292 	19.392226
1.293 	19.935167
1.294 	20.081779
1.295 	19.563441
1.296 	18.856208
1.297 	18.300972
1.298 	17.872902
1.299 	18.086203
1.300 	18.780812
1.301 	18.872034
1.302 	18.054980
1.303 	17.436764
1.304 	17.363736
1.305 	17.704405
1.306 	18.179164
1.307 	18.229837
1.308 	17.530543
1.309 	17.038232
1.310 	17.190822
1.311 	17.286883
1.312 	16.953267
1.313 	16.714338
1.314 	16.754597
1.315 	16.542033
1.316 	15.968591
1.317 	15.649891
1.318 	16.291695
1.319 	17.309220
1.320 	17.919211
1.321 	17.623358
1.322 	16.746850
1.323 	15.801979
1.324 	15.135467
1.325 	14.822951
1.326 	14.909790
1.327 	15.285436
1.328 	15.731519
1.329 	16.146073
1.330 	16.457242
1.331 	16.365146
1.332 	15.692036
1.333 	14.711738
1.334 	14.113834
1.335 	14.462997
1.336 	15.651227
1.337 	16.232822
1.338 	15.491885
1.339 	14.436531
1.340 	14.571342
1.341 	15.529628
1.342 	16.534575
1.343 	16.870257
1.344 	16.189309
1.345 	14.516846
1.346 	13.060950
1.347 	13.123292
1.348 	14.103967
1.349 	14.516206
1.350 	14.316370
1.351 	14.036350
1.352 	14.120348
1.353 	14.334730
1.354 	14.259790
1.355 	14.120905
1.356 	13.753980
1.357 	12.875562
1.358 	12.404529
1.359 	12.636427
1.360 	12.868366
1.361 	12.632866
1.362 	12.203952
1.363 	11.759659
1.364 	11.090887
1.365 	10.527018
1.366 	10.864231
1.367 	11.744427
1.368 	11.831399
1.369 	11.092114
1.370 	10.076356
1.371 	9.273638
1.372 	9.080749
1.373 	9.779276
1.374 	10.806990
1.375 	11.450665
1.376 	10.814033
1.377 	9.410051
1.378 	8.222312
1.379 	7.922047
1.380 	7.988985
1.381 	7.989994
1.382 	8.157774
1.383 	8.478058
1.384 	8.230900
1.385 	7.222384
1.386 	6.136310
1.387 	5.679219
1.388 	6.408401
1.389 	7.929364
1.390 	8.797786
1.391 	8.381515
1.392 	7.128202
1.393 	5.360062
1.394 	4.398945
1.395 	5.267384
1.396 	6.948601
1.397 	7.406791
1.398 	6.751754
1.399 	6.945914
1.400 	8.184516
1.401 	8.652048
1.402 	7.805645
1.403 	6.917785
1.404 	6.487450
1.405 	6.331196
1.406 	6.299526
1.407 	5.620312
1.408 	4.495440
1.409 	4.166946
1.410 	5.265657
1.411 	6.539637
1.412 	6.598063
1.413 	5.850804
1.414 	5.888079
1.415 	6.429991
1.416 	6.370437
1.417 	5.751169
1.418 	5.340487
1.419 	5.878111
1.420 	6.747157
1.421 	6.846577
1.422 	6.640224
1.423 	6.119258
1.424 	4.975885
1.425 	4.137137
1.426 	4.826809
1.427 	6.309422
1.428 	7.013986
1.429 	7.001761
1.430 	7.241990
1.431 	7.021200
1.432 	6.167273
1.433 	5.907499
1.434 	5.794504
1.435 	5.118511
1.436 	4.840990
1.437 	4.691071
1.438 	4.312929
1.439 	4.750136
1.440 	5.541261
1.441 	5.850175
1.442 	6.217018
1.443 	6.752046
1.444 	7.298891
1.445 	8.018004
1.446 	8.375334
1.447 	7.738877
1.448 	6.983631
1.449 	6.676359
1.450 	6.550339
1.451 	6.621209
1.452 	6.659474
1.453 	6.603915
1.454 	6.668849
1.455 	7.282328
1.456 	8.016166
1.457 	7.862956
1.458 	7.068899
1.459 	6.404528
1.460 	5.745781
1.461 	5.838530
1.462 	6.592814
1.463 	6.690313
1.464 	6.177637
1.465 	5.792725
1.466 	5.693117
1.467 	6.289042
1.468 	7.710501
1.469 	8.510337
1.470 	7.322926
1.471 	5.343560
1.472 	4.811014
1.473 	5.835974
1.474 	7.753245
1.475 	9.304577
1.476 	9.131370
1.477 	7.397928
1.478 	6.175539
1.479 	6.324626
1.480 	6.237538
1.481 	6.017133
1.482 	6.656677
1.483 	7.845113
1.484 	8.283488
1.485 	7.729936
1.486 	7.355622
1.487 	7.521074
1.488 	7.751579
1.489 	7.776175
1.490 	7.259511
1.491 	6.773372
1.492 	7.793309
1.493 	9.045104
1.494 	8.363221
1.495 	7.079464
1.496 	7.061766
1.497 	8.363822
1.498 	9.623716
1.499 	9.177583
1.500 	7.773056
1.501 	7.827964
1.502 	8.955529
1.503 	9.375101
1.504 	9.183911
1.505 	8.695291
1.506 	8.294035
1.507 	8.794497
1.508 	9.688358
1.509 	9.598430
1.510 	9.534257
1.511 	10.094444
1.512 	10.236420
1.513 	9.947818
1.514 	9.467823
1.515 	8.696674
1.516 	8.550060
1.517 	9.476532
1.518 	9.411105
1.519 	7.635415
1.520 	7.129025
1.521 	9.027770
1.522 	10.577677
1.523 	10.014074
1.524 	9.438319
1.525 	9.323361
1.526 	7.821527
1.527 	6.797784
1.528 	7.861110
1.529 	8.949947
1.530 	9.265641
1.531 	9.612673
1.532 	9.658086
1.533 	8.706520
1.534 	8.600581
1.535 	10.283831
1.536 	11.737343
1.537 	11.489880
1.538 	10.197301
1.539 	9.540796
1.540 	9.689289
1.541 	9.716615
1.542 	10.034177
1.543 	11.127217
1.544 	11.610138
1.545 	11.659271
1.546 	11.371506
1.547 	10.105048
1.548 	9.832085
1.549 	11.013169
1.550 	11.379036
1.551 	9.559783
1.552 	7.310595
1.553 	8.235260
1.554 	10.737663
1.555 	11.050247
1.556 	10.685462
1.557 	11.911402
1.558 	11.586921
1.559 	9.195263
1.560 	7.303276
1.561 	8.538209
1.562 	10.826748
1.563 	11.430629
1.564 	11.676182
1.565 	12.956683
1.566 	13.904852
1.567 	11.954603
1.568 	9.287001
1.569 	10.790745
1.570 	13.020035
1.571 	13.245304
1.572 	12.429070
1.573 	11.860933
1.574 	11.390289
1.575 	11.097097
1.576 	10.531889
1.577 	10.444381
1.578 	12.153947
1.579 	12.733429
1.580 	11.291003
1.581 	11.400539
1.582 	12.339440
1.583 	13.132221
1.584 	11.934097
1.585 	10.780240
1.586 	11.446547
1.587 	12.177700
1.588 	13.161963
1.589 	12.650404
1.590 	11.845570
1.591 	11.189727
1.592 	11.684029
1.593 	13.798948
1.594 	13.705697
1.595 	11.417795
1.596 	10.012193
1.597 	10.306223
1.598 	11.532122
1.599 	12.487281
1.600 	11.622954
1.601 	9.975591
1.602 	10.995401
1.603 	13.487258
1.604 	13.872681
1.605 	12.540451
1.606 	12.914925
1.607 	13.367353
1.608 	13.560122
1.609 	12.573373
1.610 	11.122728
1.611 	10.715380
1.612 	11.411408
1.613 	12.047831
1.614 	12.048406
1.615 	12.725558
1.616 	13.035557
1.617 	14.471464
1.618 	14.931548
1.619 	14.523966
1.620 	12.930589
1.621 	10.567032
1.622 	10.564308
1.623 	11.872777
1.624 	13.633057
1.625 	14.630075
1.626 	12.485576
1.627 	10.688806
1.628 	13.040249
1.629 	14.983375
1.630 	13.466704
1.631 	12.057710
1.632 	11.967800
1.633 	11.736285
1.634 	10.962197
1.635 	11.062110
1.636 	12.954911
1.637 	14.809869
1.638 	13.949909
1.639 	12.376617
1.640 	12.424174
1.641 	12.341556
1.642 	13.639756
1.643 	14.662654
1.644 	14.124008
1.645 	13.463752
1.646 	14.022985
1.647 	13.523570
1.648 	13.195060
1.649 	13.324667
1.650 	12.719919
1.651 	14.525483
1.652 	10.546527
1.653 	7.780497
1.654 	12.154136
1.655 	16.047818
1.656 	17.179763
1.657 	15.063489
1.658 	10.841473
1.659 	10.262276
1.660 	8.806598
1.661 	6.432550
1.662 	9.152926
1.663 	16.709856
1.664 	23.663838
1.665 	21.758977
1.666 	12.827506
1.667 	14.278635
1.668 	10.331599
1.669 	9.450194
1.670 	19.683654
1.671 	19.135834
1.672 	5.856796
1.673 	4.321045
1.674 	17.247594
1.675 	16.530840
1.676 	17.780143
1.677 	13.655574
1.678 	13.190848
1.679 	13.898432
1.680 	17.865913
1.681 	8.522102
1.682 	0.006791
1.683 	11.255827
1.684 	14.020685
1.685 	10.618162
1.686 	16.299483
1.687 	18.236373
1.688 	31.066317
1.689 	22.279920
1.690 	9.509714
1.691 	9.779117
1.692 	21.908567
1.693 	6.602441
1.694 	-2.872221
1.695 	-3.693792
1.696 	3.749179
1.697 	22.318557
1.698 	17.519067
1.699 	22.195557
1.700 	18.689720
