0.660 	33.900219
0.661 	34.142245
0.662 	33.115874
0.663 	30.710054
0.664 	29.073559
0.665 	31.727324
0.666 	33.057299
0.667 	32.784234
0.668 	31.889857
0.669 	29.381663
0.670 	28.675069
0.671 	33.367952
0.672 	35.299936
0.673 	32.295750
0.674 	28.420224
0.675 	28.146430
0.676 	29.013054
0.677 	29.820358
0.678 	31.335806
0.679 	32.596742
0.680 	32.429251
0.681 	30.446004
0.682 	29.110320
0.683 	31.161437
0.684 	32.386993
0.685 	30.174807
0.686 	30.241266
0.687 	32.297993
0.688 	33.526160
0.689 	30.579239
0.690 	28.365881
0.691 	28.430867
0.692 	28.958865
0.693 	31.545847
0.694 	32.354474
0.695 	31.725159
0.696 	31.846973
0.697 	31.592126
0.698 	29.603793
0.699 	28.267750
0.700 	29.450034
0.701 	30.775693
0.702 	31.473204
0.703 	30.718051
0.704 	29.419206
0.705 	28.420490
0.706 	28.288799
0.707 	30.767609
0.708 	31.946220
0.709 	29.199752
0.710 	27.768356
0.711 	29.447726
0.712 	30.594550
0.713 	30.477187
0.714 	30.778361
0.715 	30.438682
0.716 	30.002292
0.717 	30.257479
0.718 	30.456216
0.719 	30.469566
0.720 	30.696733
0.721 	29.662706
0.722 	28.056323
0.723 	28.699157
0.724 	29.695536
0.725 	29.341182
0.726 	29.763617
0.727 	30.589150
0.728 	30.490780
0.729 	29.926963
0.730 	29.773776
0.731 	29.369967
0.732 	28.672396
0.733 	28.345287
0.734 	27.524348
0.735 	27.906784
0.736 	29.771653
0.737 	30.032486
0.738 	29.122741
0.739 	28.137667
0.740 	27.817497
0.741 	28.607244
0.742 	29.445275
0.743 	29.492552
0.744 	29.359948
0.745 	29.384957
0.746 	29.878340
0.747 	29.557605
0.748 	28.927982
0.749 	28.380259
0.750 	28.137262
0.751 	28.119952
0.752 	28.173581
0.753 	29.186834
0.754 	30.420438
0.755 	30.079518
0.756 	28.672532
0.757 	28.503465
0.758 	28.631328
0.759 	27.401268
0.760 	27.415312
0.761 	28.583216
0.762 	28.625279
0.763 	28.685110
0.764 	28.843733
0.765 	28.092683
0.766 	28.274331
0.767 	28.894010
0.768 	28.623228
0.769 	28.537983
0.770 	29.007377
0.771 	29.384844
0.772 	29.165753
0.773 	28.565576
0.774 	28.428142
0.775 	28.707497
0.776 	28.750219
0.777 	27.939054
0.778 	27.085653
0.779 	27.881988
0.780 	28.891747
0.781 	28.196852
0.782 	27.053664
0.783 	26.683688
0.784 	27.229332
0.785 	27.704586
0.786 	27.790935
0.787 	28.102174
0.788 	28.725969
0.789 	28.911724
0.790 	28.262911
0.791 	28.252581
0.792 	28.481798
0.793 	27.555211
0.794 	26.574142
0.795 	26.575492
0.796 	26.575440
0.797 	26.673249
0.798 	27.705546
0.799 	28.302971
0.800 	28.220299
0.801 	28.400212
0.802 	28.263960
0.803 	27.759316
0.804 	27.667773
0.805 	27.715014
0.806 	27.107225
0.807 	26.200901
0.808 	25.792220
0.809 	26.227919
0.810 	27.394299
0.811 	28.392849
0.812 	28.332236
0.813 	27.540191
0.814 	26.999212
0.815 	26.924319
0.816 	27.070074
0.817 	27.000659
0.818 	26.544348
0.819 	26.304397
0.820 	27.219935
0.821 	28.664773
0.822 	29.150608
0.823 	29.012578
0.824 	28.734138
0.825 	28.089063
0.826 	27.316988
0.827 	26.796647
0.828 	26.442077
0.829 	25.893846
0.830 	25.342131
0.831 	25.621338
0.832 	27.039915
0.833 	28.358186
0.834 	28.394756
0.835 	27.261535
0.836 	26.459500
0.837 	26.713665
0.838 	27.315310
0.839 	27.626785
0.840 	27.254585
0.841 	26.596788
0.842 	26.975106
0.843 	27.742504
0.844 	27.155683
0.845 	25.974494
0.846 	26.148470
0.847 	27.200447
0.848 	27.104241
0.849 	25.762282
0.850 	25.138321
0.851 	25.654068
0.852 	26.472735
0.853 	26.759890
0.854 	26.398831
0.855 	26.023726
0.856 	26.180596
0.857 	26.559615
0.858 	26.864198
0.859 	27.525285
0.860 	27.995937
0.861 	26.967586
0.862 	25.811277
0.863 	25.491505
0.864 	25.472942
0.865 	25.634524
0.866 	26.098817
0.867 	26.420957
0.868 	26.774819
0.869 	27.397802
0.870 	27.443324
0.871 	26.832898
0.872 	26.393151
0.873 	26.246479
0.874 	25.895084
0.875 	25.511016
0.876 	25.766106
0.877 	26.493199
0.878 	27.020135
0.879 	27.145246
0.880 	27.089554
0.881 	26.631559
0.882 	25.789094
0.883 	25.438325
0.884 	25.632712
0.885 	25.509894
0.886 	25.378668
0.887 	25.867253
0.888 	26.476965
0.889 	26.413063
0.890 	25.307491
0.891 	24.477179
0.892 	24.603870
0.893 	25.212196
0.894 	25.761723
0.895 	26.018098
0.896 	25.904176
0.897 	25.838878
0.898 	25.882380
0.899 	25.743990
0.900 	25.622487
0.901 	25.640072
0.902 	25.479245
0.903 	25.253765
0.904 	25.507834
0.905 	26.374194
0.906 	26.790249
0.907 	26.074979
0.908 	24.885357
0.909 	24.349728
0.910 	24.847399
0.911 	25.949387
0.912 	26.547271
0.913 	25.999062
0.914 	25.287570
0.915 	25.539581
0.916 	26.154524
0.917 	25.945201
0.918 	25.103873
0.919 	24.577688
0.920 	24.383491
0.921 	24.610899
0.922 	25.387916
0.923 	25.752104
0.924 	25.346095
0.925 	24.685778
0.926 	24.499494
0.927 	24.597370
0.928 	24.443176
0.929 	23.784819
0.930 	23.685450
0.931 	24.348292
0.932 	24.605449
0.933 	23.938523
0.934 	23.299897
0.935 	23.386657
0.936 	24.583641
0.937 	25.672480
0.938 	25.526266
0.939 	24.762487
0.940 	23.992716
0.941 	23.371408
0.942 	23.342249
0.943 	23.937352
0.944 	24.180319
0.945 	23.430055
0.946 	22.499658
0.947 	22.286564
0.948 	22.909917
0.949 	24.112854
0.950 	24.914014
0.951 	25.040324
0.952 	24.757219
0.953 	24.336664
0.954 	23.909870
0.955 	23.627127
0.956 	23.531864
0.957 	23.276787
0.958 	23.173063
0.959 	23.610309
0.960 	24.116617
0.961 	23.920940
0.962 	23.284640
0.963 	23.167049
0.964 	23.720441
0.965 	23.824988
0.966 	23.720280
0.967 	23.638416
0.968 	23.202548
0.969 	23.132592
0.970 	23.861636
0.971 	24.441168
0.972 	24.084597
0.973 	22.966810
0.974 	22.814856
0.975 	23.531411
0.976 	23.327302
0.977 	22.274328
0.978 	22.673726
0.979 	23.886152
0.980 	23.984629
0.981 	23.598153
0.982 	23.725518
0.983 	24.180283
0.984 	24.499254
0.985 	23.690342
0.986 	22.992555
0.987 	23.249867
0.988 	22.936589
0.989 	22.094679
0.990 	22.303735
0.991 	22.831269
0.992 	22.724923
0.993 	22.561896
0.994 	22.426371
0.995 	21.919463
0.996 	22.070803
0.997 	22.981224
0.998 	23.345656
0.999 	22.903053
1.000 	22.554625
1.001 	22.529140
1.002 	22.469414
1.003 	22.807718
1.004 	23.809370
1.005 	24.201842
1.006 	23.332456
1.007 	22.692100
1.008 	22.585039
1.009 	22.391783
1.010 	22.272781
1.011 	22.315206
1.012 	22.422461
1.013 	23.030581
1.014 	23.868632
1.015 	23.696626
1.016 	22.972190
1.017 	22.674911
1.018 	22.221119
1.019 	22.608277
1.020 	23.905069
1.021 	24.177438
1.022 	23.298195
1.023 	22.260773
1.024 	22.142851
1.025 	22.132023
1.026 	21.319697
1.027 	21.524627
1.028 	22.750034
1.029 	23.316594
1.030 	23.185140
1.031 	22.979384
1.032 	22.712411
1.033 	22.687295
1.034 	23.315238
1.035 	23.718571
1.036 	23.063977
1.037 	22.436754
1.038 	22.837157
1.039 	23.137070
1.040 	22.479288
1.041 	22.023237
1.042 	22.551976
1.043 	22.965155
1.044 	22.856949
1.045 	22.623316
1.046 	22.281716
1.047 	22.261176
1.048 	22.659205
1.049 	23.356736
1.050 	23.800754
1.051 	23.526591
1.052 	22.727851
1.053 	21.856400
1.054 	21.713702
1.055 	22.515638
1.056 	23.029691
1.057 	22.441278
1.058 	21.851194
1.059 	22.067163
1.060 	22.634179
1.061 	23.015643
1.062 	22.679450
1.063 	22.253362
1.064 	22.373559
1.065 	22.797220
1.066 	22.950220
1.067 	22.358756
1.068 	21.799228
1.069 	21.895962
1.070 	22.217261
1.071 	22.524801
1.072 	22.470899
1.073 	22.234216
1.074 	22.184783
1.075 	21.733353
1.076 	21.163887
1.077 	21.271825
1.078 	21.524850
1.079 	21.772497
1.080 	22.339205
1.081 	22.602587
1.082 	22.408823
1.083 	22.470276
1.084 	22.684266
1.085 	22.284990
1.086 	21.658936
1.087 	21.522096
1.088 	21.351225
1.089 	20.896129
1.090 	21.029716
1.091 	21.990115
1.092 	22.641487
1.093 	22.371277
1.094 	21.954535
1.095 	21.814318
1.096 	21.657874
1.097 	21.662802
1.098 	22.219831
1.099 	22.949223
1.100 	22.924879
1.101 	22.056161
1.102 	21.472113
1.103 	21.352215
1.104 	21.040116
1.105 	20.835062
1.106 	21.095440
1.107 	21.256732
1.108 	21.147935
1.109 	21.580265
1.110 	22.190085
1.111 	22.098417
1.112 	21.921783
1.113 	21.851161
1.114 	21.342106
1.115 	20.701558
1.116 	20.288080
1.117 	19.923962
1.118 	19.636495
1.119 	19.891850
1.120 	20.564947
1.121 	20.499627
1.122 	19.549656
1.123 	18.755001
1.124 	18.705504
1.125 	19.109862
1.126 	19.361675
1.127 	19.379349
1.128 	19.369230
1.129 	19.009510
1.130 	18.468027
1.131 	18.253292
1.132 	17.916049
1.133 	17.420834
1.134 	17.797331
1.135 	18.799448
1.136 	19.063368
1.137 	18.447264
1.138 	18.090348
1.139 	18.778136
1.140 	19.459239
1.141 	19.008794
1.142 	17.733953
1.143 	16.930250
1.144 	17.254864
1.145 	18.084416
1.146 	18.313647
1.147 	17.649689
1.148 	17.129727
1.149 	17.552437
1.150 	18.397061
1.151 	18.594921
1.152 	18.235462
1.153 	17.923314
1.154 	17.862502
1.155 	18.237227
1.156 	19.131459
1.157 	19.779402
1.158 	19.438537
1.159 	18.529344
1.160 	17.856029
1.161 	17.796384
1.162 	18.052628
1.163 	18.133774
1.164 	17.877440
1.165 	17.497989
1.166 	17.317034
1.167 	17.480226
1.168 	17.557206
1.169 	17.486902
1.170 	17.535021
1.171 	17.594245
1.172 	17.395295
1.173 	17.161881
1.174 	17.233795
1.175 	17.473924
1.176 	17.681412
1.177 	18.077506
1.178 	18.397775
1.179 	17.555455
1.180 	16.237788
1.181 	16.022214
1.182 	16.828099
1.183 	17.501732
1.184 	17.760673
1.185 	17.730043
1.186 	17.743565
1.187 	17.948130
1.188 	17.936164
1.189 	17.530086
1.190 	17.068638
1.191 	17.112866
1.192 	17.638483
1.193 	18.096771
1.194 	18.307000
1.195 	18.523176
1.196 	18.369556
1.197 	17.896622
1.198 	18.126881
1.199 	19.145345
1.200 	19.565988
1.201 	18.893401
1.202 	17.617608
1.203 	16.420606
1.204 	16.148023
1.205 	17.232107
1.206 	18.778875
1.207 	19.386588
1.208 	18.987963
1.209 	18.291472
1.210 	17.553485
1.211 	16.603619
1.212 	16.258679
1.213 	17.000149
1.214 	18.021753
1.215 	18.477340
1.216 	18.794608
1.217 	19.342130
1.218 	19.529182
1.219 	18.908950
1.220 	18.117937
1.221 	18.070104
1.222 	18.351049
1.223 	18.299705
1.224 	18.276593
1.225 	18.437099
1.226 	18.336383
1.227 	18.084047
1.228 	18.276883
1.229 	18.861058
1.230 	19.165641
1.231 	18.462041
1.232 	17.613765
1.233 	17.650962
1.234 	18.448234
1.235 	19.067101
1.236 	19.491169
1.237 	19.732183
1.238 	19.593538
1.239 	19.291909
1.240 	18.965901
1.241 	18.579623
1.242 	18.221341
1.243 	18.324156
1.244 	18.770641
1.245 	18.392486
1.246 	17.158806
1.247 	16.675752
1.248 	17.384749
1.249 	18.228271
1.250 	18.446302
1.251 	18.412361
1.252 	18.296712
1.253 	18.277588
1.254 	18.594958
1.255 	18.832655
1.256 	18.629040
1.257 	18.312351
1.258 	18.138489
1.259 	17.973967
1.260 	17.811550
1.261 	17.910710
1.262 	18.255585
1.263 	18.512620
1.264 	18.429001
1.265 	17.998594
1.266 	17.632519
1.267 	17.490609
1.268 	17.463028
1.269 	17.842067
1.270 	18.555248
1.271 	19.148612
1.272 	19.276718
1.273 	18.750027
1.274 	18.186818
1.275 	17.893562
1.276 	17.798836
1.277 	17.752384
1.278 	17.664799
1.279 	17.338412
1.280 	16.854807
1.281 	16.649215
1.282 	16.929327
1.283 	17.217046
1.284 	17.442296
1.285 	17.799047
1.286 	17.560848
1.287 	16.659627
1.288 	16.245286
1.289 	16.879441
1.290 	17.420866
1.291 	17.509554
1.292 	17.542967
1.293 	17.689847
1.294 	17.831817
1.295 	18.123134
1.296 	18.571922
1.297 	18.502480
1.298 	17.615120
1.299 	16.970005
1.300 	16.954453
1.301 	16.873312
1.302 	16.463226
1.303 	16.353258
1.304 	16.928105
1.305 	17.909778
1.306 	18.381543
1.307 	18.150679
1.308 	17.480331
1.309 	16.258512
1.310 	14.868263
1.311 	14.477199
1.312 	15.035635
1.313 	15.487437
1.314 	15.543343
1.315 	15.320371
1.316 	15.050087
1.317 	15.068793
1.318 	15.630579
1.319 	15.872124
1.320 	14.931368
1.321 	13.485435
1.322 	13.367289
1.323 	14.771411
1.324 	15.980237
1.325 	15.856976
1.326 	15.059372
1.327 	14.674299
1.328 	14.788411
1.329 	14.882550
1.330 	14.949494
1.331 	15.406282
1.332 	15.864531
1.333 	15.632828
1.334 	14.772990
1.335 	13.940381
1.336 	13.469157
1.337 	13.415703
1.338 	13.854781
1.339 	14.325774
1.340 	13.911092
1.341 	13.233062
1.342 	13.218482
1.343 	13.808949
1.344 	14.195171
1.345 	14.127056
1.346 	13.555228
1.347 	13.113034
1.348 	13.260080
1.349 	14.035208
1.350 	14.639665
1.351 	14.183992
1.352 	12.760770
1.353 	11.612098
1.354 	11.405975
1.355 	12.336016
1.356 	12.960555
1.357 	12.555920
1.358 	12.143466
1.359 	12.143843
1.360 	11.828627
1.361 	11.366298
1.362 	11.508875
1.363 	12.026428
1.364 	12.464126
1.365 	12.720719
1.366 	12.789989
1.367 	12.117523
1.368 	10.515949
1.369 	9.025119
1.370 	8.872010
1.371 	9.582165
1.372 	10.607055
1.373 	11.144601
1.374 	10.608604
1.375 	9.280597
1.376 	8.348866
1.377 	8.042830
1.378 	7.671774
1.379 	7.215507
1.380 	7.322026
1.381 	8.035914
1.382 	8.987042
1.383 	9.878949
1.384 	9.936826
1.385 	8.373935
1.386 	6.652623
1.387 	6.385896
1.388 	7.263226
1.389 	8.206215
1.390 	8.340538
1.391 	7.711876
1.392 	7.018124
1.393 	6.370639
1.394 	5.855532
1.395 	6.373858
1.396 	7.955841
1.397 	8.672687
1.398 	7.902026
1.399 	6.798006
1.400 	6.634736
1.401 	7.401628
1.402 	8.201834
1.403 	8.412980
1.404 	7.917622
1.405 	7.004608
1.406 	5.702536
1.407 	4.080088
1.408 	3.384844
1.409 	4.044444
1.410 	5.076608
1.411 	5.629292
1.412 	5.960553
1.413 	6.788388
1.414 	7.745884
1.415 	8.197286
1.416 	8.193707
1.417 	7.608299
1.418 	6.415899
1.419 	6.015786
1.420 	6.993504
1.421 	8.004061
1.422 	7.923145
1.423 	6.739781
1.424 	5.515163
1.425 	5.107103
1.426 	5.848462
1.427 	6.931744
1.428 	7.479954
1.429 	7.626537
1.430 	7.642661
1.431 	7.096368
1.432 	6.503718
1.433 	7.009337
1.434 	7.809188
1.435 	7.379059
1.436 	6.078021
1.437 	5.176007
1.438 	5.048553
1.439 	5.505550
1.440 	5.606966
1.441 	5.831687
1.442 	6.875510
1.443 	7.718790
1.444 	7.812493
1.445 	8.023614
1.446 	8.485800
1.447 	8.562051
1.448 	8.128690
1.449 	6.821537
1.450 	5.513589
1.451 	6.003884
1.452 	7.565771
1.453 	8.746036
1.454 	8.594574
1.455 	7.463308
1.456 	6.296723
1.457 	5.830490
1.458 	6.532106
1.459 	7.467678
1.460 	7.923129
1.461 	8.160245
1.462 	7.386421
1.463 	5.942549
1.464 	5.667337
1.465 	6.023929
1.466 	5.727140
1.467 	5.676317
1.468 	6.948328
1.469 	7.999508
1.470 	6.861283
1.471 	4.967870
1.472 	4.677411
1.473 	5.761038
1.474 	7.171215
1.475 	8.519407
1.476 	9.445665
1.477 	8.935524
1.478 	7.957272
1.479 	7.872573
1.480 	7.447851
1.481 	6.716339
1.482 	7.339128
1.483 	8.611910
1.484 	8.393150
1.485 	6.993700
1.486 	6.031644
1.487 	6.315890
1.488 	7.487408
1.489 	7.969102
1.490 	7.725244
1.491 	7.545911
1.492 	7.783153
1.493 	8.547160
1.494 	8.948149
1.495 	7.230088
1.496 	4.978332
1.497 	5.884665
1.498 	8.433163
1.499 	9.869423
1.500 	9.991443
1.501 	9.481852
1.502 	9.372145
1.503 	9.404003
1.504 	8.940589
1.505 	8.618312
1.506 	8.689409
1.507 	8.486320
1.508 	9.008160
1.509 	10.679117
1.510 	11.901678
1.511 	11.411711
1.512 	9.463664
1.513 	8.195006
1.514 	9.096480
1.515 	10.029320
1.516 	9.397663
1.517 	9.521834
1.518 	9.504513
1.519 	7.411620
1.520 	5.724227
1.521 	6.248856
1.522 	8.045602
1.523 	9.504793
1.524 	9.980715
1.525 	8.454576
1.526 	6.253379
1.527 	6.789784
1.528 	8.688676
1.529 	9.362137
1.530 	9.082470
1.531 	9.834276
1.532 	11.129354
1.533 	10.666204
1.534 	9.651476
1.535 	9.381631
1.536 	10.021612
1.537 	11.033250
1.538 	10.297998
1.539 	9.455497
1.540 	10.652239
1.541 	11.922315
1.542 	11.693318
1.543 	10.709911
1.544 	10.169588
1.545 	10.298891
1.546 	9.993494
1.547 	9.856936
1.548 	10.126287
1.549 	10.617693
1.550 	11.369744
1.551 	10.125744
1.552 	7.766043
1.553 	7.621170
1.554 	9.687278
1.555 	11.912945
1.556 	11.858153
1.557 	10.559833
1.558 	9.781383
1.559 	9.913402
1.560 	11.381675
1.561 	12.371136
1.562 	11.471258
1.563 	10.345267
1.564 	10.889103
1.565 	11.895926
1.566 	10.716929
1.567 	8.800643
1.568 	9.022445
1.569 	9.761856
1.570 	10.133898
1.571 	11.175933
1.572 	11.987736
1.573 	12.396332
1.574 	11.612741
1.575 	9.949623
1.576 	9.043901
1.577 	10.048392
1.578 	10.915429
1.579 	10.445475
1.580 	10.389585
1.581 	10.833824
1.582 	10.550395
1.583 	11.010433
1.584 	12.402981
1.585 	13.402065
1.586 	13.214215
1.587 	11.899922
1.588 	11.947782
1.589 	12.055709
1.590 	11.715506
1.591 	10.007686
1.592 	9.207621
1.593 	10.504525
1.594 	10.546206
1.595 	8.620949
1.596 	9.102339
1.597 	11.311683
1.598 	12.945398
1.599 	11.984308
1.600 	10.338408
1.601 	11.294718
1.602 	13.655076
1.603 	14.591923
1.604 	13.739959
1.605 	12.987360
1.606 	12.296219
1.607 	11.470869
1.608 	11.606323
1.609 	11.842425
1.610 	12.610267
1.611 	12.544717
1.612 	10.384751
1.613 	10.878151
1.614 	14.201426
1.615 	13.536993
1.616 	10.597999
1.617 	12.172119
1.618 	13.240061
1.619 	10.443266
1.620 	10.601761
1.621 	12.032817
1.622 	12.305653
1.623 	12.027390
1.624 	12.440205
1.625 	12.460184
1.626 	10.986691
1.627 	10.063684
1.628 	11.802694
1.629 	13.132559
1.630 	12.479537
1.631 	11.726986
1.632 	10.997199
1.633 	11.006527
1.634 	11.735371
1.635 	11.988171
1.636 	12.724853
1.637 	13.960417
1.638 	12.769874
1.639 	10.421174
1.640 	10.622688
1.641 	10.365256
1.642 	9.382101
1.643 	12.398804
1.644 	14.692957
1.645 	13.602106
1.646 	11.254578
1.647 	10.673795
1.648 	13.309905
1.649 	16.146960
1.650 	16.381640
1.651 	13.968114
1.652 	10.766641
1.653 	8.757917
1.654 	8.518841
1.655 	9.585749
1.656 	11.142397
1.657 	10.755159
1.658 	7.546834
1.659 	9.763829
1.660 	8.813269
1.661 	7.693277
1.662 	9.175436
1.663 	12.531202
1.664 	11.541716
1.665 	13.914019
1.666 	17.236939
1.667 	16.379361
1.668 	10.438609
1.669 	8.171467
1.670 	15.818618
1.671 	16.724469
1.672 	9.701580
1.673 	11.986064
1.674 	16.045437
1.675 	15.793073
1.676 	14.964771
1.677 	10.413306
1.678 	5.759783
1.679 	5.433595
1.680 	14.671263
1.681 	7.554754
1.682 	0.926947
1.683 	5.878451
1.684 	12.174128
1.685 	18.129382
1.686 	26.198430
1.687 	14.261129
1.688 	21.694159
1.689 	13.937773
1.690 	0.550036
1.691 	0.197285
1.692 	22.090253
1.693 	7.395921
1.694 	10.063668
1.695 	17.449780
1.696 	-1.137907
1.697 	-5.865252
1.698 	6.965775
1.699 	14.030826
1.700 	8.563946
