0.660 	43.943194
0.661 	44.398743
0.662 	39.341252
0.663 	49.839255
0.664 	44.852827
0.665 	38.473465
0.666 	41.306623
0.667 	42.469299
0.668 	40.155866
0.669 	34.580812
0.670 	37.346736
0.671 	43.732833
0.672 	43.605476
0.673 	41.625517
0.674 	37.379492
0.675 	40.294778
0.676 	41.000695
0.677 	43.312389
0.678 	44.658971
0.679 	43.215312
0.680 	40.095244
0.681 	39.086256
0.682 	38.029706
0.683 	39.792121
0.684 	43.348797
0.685 	44.739487
0.686 	44.105503
0.687 	39.761129
0.688 	38.860504
0.689 	40.294532
0.690 	38.626824
0.691 	38.453920
0.692 	37.161158
0.693 	39.552479
0.694 	43.412672
0.695 	44.005828
0.696 	43.034920
0.697 	40.544359
0.698 	35.453079
0.699 	36.499591
0.700 	41.447823
0.701 	41.824668
0.702 	45.775092
0.703 	42.643069
0.704 	35.981800
0.705 	37.778207
0.706 	42.697850
0.707 	42.258305
0.708 	39.374511
0.709 	41.006318
0.710 	40.917519
0.711 	38.885322
0.712 	37.336283
0.713 	38.278963
0.714 	39.643051
0.715 	40.390034
0.716 	41.591249
0.717 	41.021116
0.718 	41.289158
0.719 	40.550347
0.720 	37.634988
0.721 	38.232888
0.722 	42.613978
0.723 	40.529179
0.724 	35.428838
0.725 	36.647137
0.726 	40.008952
0.727 	39.363238
0.728 	39.111389
0.729 	38.556778
0.730 	35.944082
0.731 	34.805211
0.732 	35.712081
0.733 	38.804403
0.734 	42.871185
0.735 	41.182245
0.736 	38.401108
0.737 	39.510028
0.738 	40.642696
0.739 	38.666973
0.740 	37.093294
0.741 	38.345739
0.742 	38.590577
0.743 	37.260964
0.744 	37.439039
0.745 	40.296727
0.746 	42.097242
0.747 	42.022539
0.748 	39.719094
0.749 	36.160121
0.750 	35.566141
0.751 	36.398922
0.752 	37.686455
0.753 	40.329473
0.754 	38.270872
0.755 	34.516117
0.756 	34.069433
0.757 	36.356589
0.758 	37.871828
0.759 	37.559141
0.760 	37.413994
0.761 	38.726671
0.762 	38.052875
0.763 	36.373630
0.764 	36.550564
0.765 	38.218919
0.766 	39.362425
0.767 	38.889982
0.768 	38.212480
0.769 	38.586008
0.770 	39.050497
0.771 	38.859685
0.772 	38.607396
0.773 	37.307955
0.774 	36.106512
0.775 	36.587018
0.776 	37.375668
0.777 	36.292818
0.778 	35.438367
0.779 	35.417125
0.780 	35.007495
0.781 	36.214834
0.782 	37.538674
0.783 	37.859347
0.784 	37.956782
0.785 	37.448281
0.786 	36.523024
0.787 	36.588362
0.788 	38.585420
0.789 	40.283324
0.790 	38.980542
0.791 	37.427936
0.792 	36.958281
0.793 	36.456651
0.794 	35.645438
0.795 	35.851190
0.796 	37.475270
0.797 	39.131460
0.798 	39.029271
0.799 	37.708487
0.800 	36.604340
0.801 	35.732655
0.802 	35.181681
0.803 	35.258136
0.804 	35.726247
0.805 	36.521307
0.806 	37.679936
0.807 	37.263094
0.808 	36.617682
0.809 	37.576510
0.810 	37.524452
0.811 	36.598566
0.812 	36.262436
0.813 	35.530114
0.814 	35.569986
0.815 	36.774089
0.816 	37.275070
0.817 	36.941464
0.818 	37.555115
0.819 	38.307447
0.820 	37.411107
0.821 	35.622508
0.822 	35.248259
0.823 	36.271176
0.824 	36.283088
0.825 	36.006620
0.826 	36.128172
0.827 	36.054076
0.828 	36.691601
0.829 	37.248357
0.830 	36.434076
0.831 	35.591119
0.832 	35.616181
0.833 	35.680744
0.834 	35.875919
0.835 	36.648468
0.836 	37.245832
0.837 	36.103416
0.838 	34.299657
0.839 	34.031677
0.840 	34.520434
0.841 	34.766879
0.842 	35.650011
0.843 	36.796382
0.844 	36.760383
0.845 	36.042282
0.846 	34.905257
0.847 	34.218032
0.848 	34.714841
0.849 	35.817960
0.850 	36.967632
0.851 	37.152974
0.852 	36.583822
0.853 	36.344824
0.854 	36.347317
0.855 	36.485910
0.856 	36.790312
0.857 	36.310617
0.858 	34.787306
0.859 	34.096727
0.860 	34.917152
0.861 	35.452261
0.862 	35.112968
0.863 	35.199302
0.864 	35.980018
0.865 	36.045253
0.866 	35.095037
0.867 	34.078225
0.868 	34.508020
0.869 	35.899176
0.870 	36.223476
0.871 	35.706469
0.872 	35.511413
0.873 	35.442074
0.874 	35.012526
0.875 	34.728167
0.876 	35.637045
0.877 	36.904671
0.878 	36.659198
0.879 	35.261789
0.880 	34.564563
0.881 	35.040746
0.882 	35.679450
0.883 	35.672102
0.884 	35.056599
0.885 	34.540167
0.886 	34.503724
0.887 	34.606715
0.888 	34.846707
0.889 	35.171506
0.890 	35.207158
0.891 	35.295991
0.892 	35.352198
0.893 	34.575284
0.894 	33.329272
0.895 	33.438347
0.896 	34.786712
0.897 	35.584892
0.898 	35.382872
0.899 	34.477798
0.900 	33.613511
0.901 	32.853633
0.902 	32.238518
0.903 	32.611732
0.904 	33.646434
0.905 	34.514742
0.906 	35.243707
0.907 	35.492496
0.908 	34.931607
0.909 	34.325951
0.910 	34.419861
0.911 	34.712772
0.912 	34.743281
0.913 	34.309031
0.914 	33.543538
0.915 	33.042816
0.916 	32.892506
0.917 	32.745094
0.918 	33.248913
0.919 	34.057612
0.920 	34.080083
0.921 	33.405734
0.922 	33.289792
0.923 	34.094531
0.924 	35.377733
0.925 	36.468605
0.926 	36.735888
0.927 	36.121470
0.928 	35.304738
0.929 	34.663386
0.930 	34.273119
0.931 	34.032130
0.932 	33.355051
0.933 	33.293023
0.934 	33.990314
0.935 	34.881393
0.936 	34.697151
0.937 	33.645855
0.938 	32.961409
0.939 	33.275411
0.940 	33.267719
0.941 	32.066299
0.942 	31.275625
0.943 	31.127949
0.944 	32.010573
0.945 	33.456768
0.946 	33.816250
0.947 	32.800428
0.948 	31.804389
0.949 	31.036597
0.950 	31.004827
0.951 	30.850590
0.952 	30.858522
0.953 	31.758955
0.954 	32.193339
0.955 	32.919578
0.956 	33.327385
0.957 	32.931963
0.958 	32.460509
0.959 	32.146317
0.960 	31.185060
0.961 	31.245726
0.962 	32.152812
0.963 	32.320317
0.964 	31.673148
0.965 	30.515212
0.966 	30.071023
0.967 	30.602727
0.968 	30.404325
0.969 	30.929590
0.970 	32.541141
0.971 	32.925813
0.972 	32.141354
0.973 	30.375773
0.974 	29.264358
0.975 	30.231668
0.976 	31.093181
0.977 	30.976351
0.978 	31.813415
0.979 	33.190699
0.980 	32.737130
0.981 	30.428043
0.982 	29.242913
0.983 	29.566383
0.984 	30.388185
0.985 	31.845086
0.986 	31.895866
0.987 	31.380219
0.988 	31.337401
0.989 	31.028615
0.990 	30.156349
0.991 	29.130796
0.992 	29.024143
0.993 	29.401547
0.994 	29.709484
0.995 	30.731107
0.996 	31.040184
0.997 	29.842901
0.998 	29.068598
0.999 	29.563062
1.000 	30.025836
1.001 	29.804141
1.002 	30.274757
1.003 	30.542616
1.004 	30.406346
1.005 	30.617369
1.006 	30.724269
1.007 	31.072334
1.008 	31.235856
1.009 	30.992100
1.010 	30.481343
1.011 	29.931234
1.012 	30.334563
1.013 	30.445491
1.014 	29.616566
1.015 	29.448351
1.016 	31.035268
1.017 	31.786282
1.018 	31.710438
1.019 	30.564686
1.020 	29.234742
1.021 	29.201671
1.022 	30.349514
1.023 	31.767035
1.024 	31.478277
1.025 	30.657604
1.026 	30.726149
1.027 	31.550444
1.028 	31.550199
1.029 	30.606529
1.030 	30.172222
1.031 	29.662136
1.032 	28.949768
1.033 	29.368589
1.034 	31.050209
1.035 	31.988036
1.036 	30.476531
1.037 	28.220855
1.038 	28.197008
1.039 	29.087442
1.040 	30.006169
1.041 	30.650198
1.042 	31.353345
1.043 	31.462891
1.044 	30.167599
1.045 	29.487134
1.046 	31.319642
1.047 	33.210062
1.048 	31.995347
1.049 	29.840614
1.050 	29.514422
1.051 	29.925370
1.052 	29.826603
1.053 	29.049371
1.054 	29.471872
1.055 	31.018096
1.056 	31.839447
1.057 	32.225623
1.058 	31.736453
1.059 	30.693838
1.060 	29.551338
1.061 	28.713783
1.062 	28.524676
1.063 	29.176255
1.064 	30.441820
1.065 	31.248292
1.066 	31.438700
1.067 	31.322847
1.068 	31.308063
1.069 	31.605719
1.070 	31.454533
1.071 	31.112470
1.072 	30.878338
1.073 	30.678818
1.074 	30.914956
1.075 	31.421643
1.076 	31.531388
1.077 	30.506250
1.078 	29.438473
1.079 	29.594357
1.080 	30.210555
1.081 	30.227652
1.082 	29.956400
1.083 	30.514337
1.084 	31.415252
1.085 	31.436791
1.086 	30.407784
1.087 	29.684027
1.088 	30.025301
1.089 	30.155300
1.090 	29.059027
1.091 	28.158129
1.092 	29.370459
1.093 	31.403060
1.094 	31.670605
1.095 	30.512749
1.096 	29.934379
1.097 	30.107390
1.098 	30.532528
1.099 	30.443439
1.100 	29.563429
1.101 	28.699816
1.102 	28.410344
1.103 	28.841650
1.104 	29.677637
1.105 	30.298837
1.106 	30.180676
1.107 	29.478571
1.108 	28.700486
1.109 	28.721882
1.110 	30.282904
1.111 	31.923392
1.112 	31.940788
1.113 	30.426299
1.114 	28.692475
1.115 	28.364496
1.116 	29.332985
1.117 	29.876129
1.118 	29.430563
1.119 	29.137434
1.120 	29.428143
1.121 	29.940760
1.122 	30.857630
1.123 	31.162378
1.124 	30.289967
1.125 	29.412662
1.126 	28.601043
1.127 	28.064633
1.128 	28.656125
1.129 	29.937134
1.130 	31.041703
1.131 	30.989911
1.132 	29.458862
1.133 	27.700081
1.134 	27.002477
1.135 	27.191993
1.136 	27.432871
1.137 	27.833021
1.138 	28.227583
1.139 	28.446421
1.140 	28.535094
1.141 	28.132988
1.142 	27.929329
1.143 	28.122432
1.144 	28.090600
1.145 	28.080694
1.146 	27.301847
1.147 	25.551068
1.148 	24.447690
1.149 	24.639326
1.150 	25.206897
1.151 	25.910643
1.152 	26.847629
1.153 	27.229740
1.154 	27.280763
1.155 	27.889951
1.156 	28.189199
1.157 	27.117619
1.158 	25.704357
1.159 	25.409483
1.160 	26.035022
1.161 	26.136469
1.162 	25.771452
1.163 	25.740890
1.164 	25.535945
1.165 	25.307662
1.166 	25.544356
1.167 	25.035856
1.168 	24.522952
1.169 	25.407453
1.170 	26.066078
1.171 	25.781469
1.172 	26.140689
1.173 	26.630488
1.174 	25.636560
1.175 	24.195159
1.176 	23.671252
1.177 	23.856114
1.178 	24.015618
1.179 	24.108093
1.180 	24.433479
1.181 	25.152371
1.182 	26.051389
1.183 	26.706827
1.184 	26.705670
1.185 	26.094904
1.186 	25.203635
1.187 	24.694719
1.188 	24.788259
1.189 	25.284863
1.190 	26.065058
1.191 	26.470167
1.192 	25.419435
1.193 	24.533266
1.194 	25.346320
1.195 	26.437019
1.196 	26.283946
1.197 	25.295868
1.198 	24.971157
1.199 	25.353468
1.200 	25.410901
1.201 	24.686597
1.202 	23.450107
1.203 	22.433640
1.204 	22.325665
1.205 	23.275161
1.206 	24.003216
1.207 	23.673803
1.208 	23.648164
1.209 	25.065446
1.210 	26.537690
1.211 	26.465663
1.212 	25.644518
1.213 	25.124595
1.214 	24.521713
1.215 	23.952846
1.216 	24.138741
1.217 	24.660703
1.218 	25.064045
1.219 	25.915175
1.220 	26.517794
1.221 	25.497521
1.222 	23.991688
1.223 	24.314168
1.224 	26.176387
1.225 	27.565021
1.226 	27.548578
1.227 	26.890173
1.228 	25.788344
1.229 	24.737664
1.230 	24.246479
1.231 	24.323301
1.232 	24.891514
1.233 	25.635470
1.234 	26.205927
1.235 	26.771188
1.236 	27.113769
1.237 	26.814081
1.238 	25.986517
1.239 	24.943030
1.240 	24.435394
1.241 	24.436373
1.242 	24.551236
1.243 	24.601614
1.244 	24.798491
1.245 	25.777302
1.246 	27.164585
1.247 	28.192035
1.248 	28.092998
1.249 	27.096170
1.250 	26.535179
1.251 	26.685689
1.252 	26.420458
1.253 	25.590049
1.254 	25.181064
1.255 	25.600306
1.256 	25.632089
1.257 	24.428369
1.258 	23.485195
1.259 	24.774808
1.260 	26.676718
1.261 	27.455654
1.262 	26.429347
1.263 	24.649300
1.264 	23.570332
1.265 	23.891874
1.266 	24.749411
1.267 	25.585299
1.268 	26.270494
1.269 	25.876799
1.270 	24.069391
1.271 	23.207130
1.272 	24.349596
1.273 	25.690175
1.274 	25.661853
1.275 	24.944370
1.276 	24.588918
1.277 	24.282092
1.278 	24.057156
1.279 	24.480706
1.280 	25.173421
1.281 	25.877899
1.282 	26.559164
1.283 	26.823542
1.284 	26.468126
1.285 	25.717630
1.286 	24.834626
1.287 	24.689861
1.288 	25.318978
1.289 	25.783285
1.290 	25.362021
1.291 	24.634412
1.292 	23.890983
1.293 	23.225005
1.294 	22.893083
1.295 	23.023049
1.296 	23.587156
1.297 	23.821279
1.298 	23.165276
1.299 	22.771804
1.300 	23.495284
1.301 	25.241136
1.302 	26.734979
1.303 	26.787820
1.304 	25.285586
1.305 	23.743091
1.306 	23.228403
1.307 	23.836940
1.308 	24.755240
1.309 	25.079113
1.310 	23.856567
1.311 	22.015063
1.312 	21.936200
1.313 	23.811629
1.314 	25.312681
1.315 	24.923239
1.316 	24.044230
1.317 	23.749085
1.318 	23.681985
1.319 	23.051168
1.320 	22.105563
1.321 	22.498370
1.322 	24.252252
1.323 	25.861905
1.324 	26.037298
1.325 	24.955308
1.326 	23.603452
1.327 	23.345349
1.328 	23.908823
1.329 	23.822498
1.330 	22.845461
1.331 	22.156376
1.332 	21.891580
1.333 	21.671480
1.334 	21.927253
1.335 	22.124870
1.336 	21.611563
1.337 	21.469598
1.338 	22.597818
1.339 	23.450323
1.340 	22.811444
1.341 	22.245352
1.342 	22.413196
1.343 	22.129614
1.344 	20.956296
1.345 	19.590851
1.346 	19.520774
1.347 	20.601251
1.348 	21.159065
1.349 	21.283609
1.350 	22.412011
1.351 	23.771901
1.352 	23.557171
1.353 	21.959072
1.354 	20.640731
1.355 	20.460397
1.356 	20.443525
1.357 	19.659734
1.358 	19.200879
1.359 	19.905808
1.360 	20.920106
1.361 	21.291694
1.362 	21.485626
1.363 	22.301984
1.364 	23.400348
1.365 	23.093374
1.366 	21.410840
1.367 	19.907451
1.368 	19.051737
1.369 	18.337819
1.370 	18.045393
1.371 	18.541750
1.372 	19.841470
1.373 	20.717888
1.374 	20.170419
1.375 	18.854496
1.376 	18.606822
1.377 	19.462942
1.378 	19.676074
1.379 	19.362150
1.380 	18.534923
1.381 	16.478330
1.382 	15.355586
1.383 	16.248853
1.384 	17.756594
1.385 	18.951406
1.386 	19.865125
1.387 	20.083449
1.388 	19.136649
1.389 	17.806099
1.390 	16.349349
1.391 	14.214789
1.392 	12.524866
1.393 	12.606111
1.394 	14.662360
1.395 	16.590968
1.396 	16.554556
1.397 	14.615860
1.398 	13.015774
1.399 	13.174582
1.400 	13.671033
1.401 	12.850047
1.402 	11.601613
1.403 	12.451976
1.404 	14.655629
1.405 	15.131899
1.406 	13.241324
1.407 	11.482825
1.408 	11.953169
1.409 	13.320284
1.410 	14.185096
1.411 	14.842704
1.412 	14.709991
1.413 	13.915371
1.414 	12.852426
1.415 	11.830924
1.416 	11.655156
1.417 	12.050179
1.418 	12.036122
1.419 	11.411654
1.420 	10.775810
1.421 	10.973881
1.422 	12.198209
1.423 	13.259917
1.424 	13.212563
1.425 	12.717104
1.426 	12.168026
1.427 	12.111030
1.428 	12.811476
1.429 	12.255118
1.430 	10.105797
1.431 	8.966747
1.432 	9.644237
1.433 	11.056582
1.434 	12.844414
1.435 	14.107738
1.436 	14.405125
1.437 	14.242945
1.438 	13.031636
1.439 	11.640399
1.440 	11.069274
1.441 	11.065822
1.442 	11.753769
1.443 	12.670006
1.444 	12.690236
1.445 	11.626117
1.446 	10.839579
1.447 	11.661731
1.448 	12.710472
1.449 	12.579276
1.450 	11.354462
1.451 	10.315369
1.452 	10.893899
1.453 	12.154121
1.454 	12.258512
1.455 	10.782531
1.456 	9.605150
1.457 	9.577745
1.458 	9.264115
1.459 	9.449515
1.460 	11.480403
1.461 	13.283134
1.462 	13.128577
1.463 	12.215261
1.464 	12.126833
1.465 	12.854595
1.466 	13.547862
1.467 	14.217262
1.468 	14.771340
1.469 	13.497931
1.470 	11.073117
1.471 	10.423543
1.472 	10.263131
1.473 	10.366344
1.474 	12.087127
1.475 	12.879978
1.476 	12.212002
1.477 	12.671516
1.478 	15.144185
1.479 	16.785282
1.480 	15.026893
1.481 	11.628255
1.482 	9.664914
1.483 	10.306524
1.484 	12.631678
1.485 	14.551292
1.486 	14.618507
1.487 	13.609450
1.488 	12.883101
1.489 	12.518855
1.490 	12.091431
1.491 	11.845640
1.492 	11.710855
1.493 	11.687331
1.494 	11.746845
1.495 	11.297993
1.496 	11.220564
1.497 	12.400358
1.498 	13.547074
1.499 	14.215342
1.500 	13.870218
1.501 	12.426174
1.502 	11.656898
1.503 	11.863494
1.504 	13.632195
1.505 	16.755172
1.506 	18.468372
1.507 	16.723403
1.508 	11.914125
1.509 	8.679215
1.510 	8.664818
1.511 	10.762921
1.512 	13.818305
1.513 	15.043951
1.514 	13.876265
1.515 	11.636509
1.516 	11.288591
1.517 	13.481540
1.518 	15.113605
1.519 	14.863933
1.520 	14.293290
1.521 	14.464788
1.522 	15.161696
1.523 	14.642536
1.524 	12.553466
1.525 	11.513065
1.526 	13.256431
1.527 	16.508071
1.528 	17.174326
1.529 	14.738061
1.530 	12.063305
1.531 	11.759579
1.532 	13.359001
1.533 	13.729579
1.534 	13.513229
1.535 	12.983416
1.536 	12.290591
1.537 	14.386374
1.538 	16.055154
1.539 	14.209524
1.540 	12.399660
1.541 	12.357581
1.542 	12.960827
1.543 	13.292670
1.544 	14.281623
1.545 	16.931969
1.546 	18.206268
1.547 	17.352256
1.548 	17.565549
1.549 	18.011778
1.550 	16.061438
1.551 	14.604497
1.552 	15.407292
1.553 	14.981939
1.554 	14.314514
1.555 	16.256346
1.556 	17.621187
1.557 	16.701937
1.558 	14.897426
1.559 	13.041044
1.560 	14.005044
1.561 	17.355718
1.562 	17.915294
1.563 	16.164620
1.564 	16.885473
1.565 	19.191119
1.566 	18.031900
1.567 	14.366018
1.568 	11.905603
1.569 	11.989645
1.570 	13.877540
1.571 	15.091678
1.572 	15.886466
1.573 	16.291072
1.574 	15.705656
1.575 	14.149847
1.576 	13.950561
1.577 	14.066146
1.578 	12.774715
1.579 	11.970264
1.580 	14.052076
1.581 	14.907082
1.582 	14.859915
1.583 	18.499916
1.584 	20.065411
1.585 	17.785103
1.586 	15.403124
1.587 	15.498449
1.588 	15.675378
1.589 	14.050603
1.590 	14.705481
1.591 	17.268729
1.592 	18.306497
1.593 	17.059106
1.594 	17.502544
1.595 	19.087835
1.596 	17.319413
1.597 	13.367045
1.598 	11.549235
1.599 	11.715340
1.600 	15.653478
1.601 	20.290255
1.602 	18.507569
1.603 	15.642946
1.604 	15.391574
1.605 	15.797546
1.606 	18.095078
1.607 	20.093021
1.608 	18.830479
1.609 	16.903255
1.610 	16.831263
1.611 	16.955077
1.612 	16.348297
1.613 	17.798754
1.614 	19.395569
1.615 	18.792856
1.616 	18.193991
1.617 	17.665344
1.618 	14.556847
1.619 	12.733406
1.620 	13.964486
1.621 	16.089157
1.622 	19.572063
1.623 	19.918563
1.624 	17.424094
1.625 	18.247394
1.626 	19.893252
1.627 	19.300087
1.628 	18.006759
1.629 	16.497803
1.630 	12.071494
1.631 	9.235060
1.632 	12.335639
1.633 	18.161956
1.634 	18.907156
1.635 	15.851920
1.636 	16.472350
1.637 	19.129307
1.638 	21.045961
1.639 	21.632606
1.640 	19.567362
1.641 	20.428651
1.642 	21.664764
1.643 	19.460672
1.644 	18.679683
1.645 	16.745168
1.646 	14.929832
1.647 	19.811526
1.648 	23.163686
1.649 	18.199115
1.650 	13.860132
1.651 	13.561024
1.652 	14.500359
1.653 	16.351076
1.654 	18.019211
1.655 	15.422199
1.656 	14.080480
1.657 	18.755261
1.658 	20.569330
1.659 	18.156439
1.660 	14.427999
1.661 	14.069171
1.662 	18.861162
1.663 	15.334277
1.664 	9.135528
1.665 	10.552604
1.666 	19.654031
1.667 	27.668950
1.668 	23.865625
1.669 	16.065226
1.670 	13.204131
1.671 	9.699472
1.672 	4.361572
1.673 	14.442070
1.674 	25.656977
1.675 	23.581540
1.676 	13.345813
1.677 	11.437135
1.678 	15.978256
1.679 	23.684842
1.680 	31.602093
1.681 	21.966746
1.682 	27.527651
1.683 	19.811880
1.684 	10.195396
1.685 	13.542113
1.686 	11.939959
1.687 	1.699671
1.688 	7.591801
1.689 	14.842152
1.690 	13.121980
1.691 	29.954891
1.692 	32.118573
1.693 	17.275274
1.694 	0.867057
1.695 	4.271011
1.696 	9.840559
1.697 	19.374200
1.698 	10.629305
1.699 	22.744192
1.700 	13.327834
