0.660 	30.932907
0.661 	27.983161
0.662 	29.957664
0.663 	30.409457
0.664 	31.834388
0.665 	35.704703
0.666 	34.737628
0.667 	27.942861
0.668 	28.645802
0.669 	26.839119
0.670 	28.797193
0.671 	31.887151
0.672 	32.543512
0.673 	32.819051
0.674 	29.621212
0.675 	30.855698
0.676 	31.508721
0.677 	29.784147
0.678 	29.734161
0.679 	30.046952
0.680 	30.998047
0.681 	33.259622
0.682 	32.915573
0.683 	30.397766
0.684 	30.097307
0.685 	29.089701
0.686 	28.593944
0.687 	29.234129
0.688 	28.992260
0.689 	29.677878
0.690 	29.427215
0.691 	31.042869
0.692 	32.465655
0.693 	29.607003
0.694 	28.805366
0.695 	28.740946
0.696 	31.617114
0.697 	32.607526
0.698 	33.114035
0.699 	31.819242
0.700 	28.979602
0.701 	31.146472
0.702 	30.520204
0.703 	30.924136
0.704 	33.201379
0.705 	31.569280
0.706 	28.728178
0.707 	29.564410
0.708 	33.164818
0.709 	31.293300
0.710 	28.798387
0.711 	29.233900
0.712 	29.012950
0.713 	28.637853
0.714 	29.399476
0.715 	29.904159
0.716 	29.656529
0.717 	30.124223
0.718 	31.080912
0.719 	31.002929
0.720 	30.591746
0.721 	29.590927
0.722 	28.367133
0.723 	29.463357
0.724 	28.814757
0.725 	29.036341
0.726 	29.539601
0.727 	30.413955
0.728 	30.722538
0.729 	28.754007
0.730 	29.416631
0.731 	30.286813
0.732 	30.863851
0.733 	30.096134
0.734 	29.680751
0.735 	29.911457
0.736 	29.552535
0.737 	29.373656
0.738 	31.088453
0.739 	31.035247
0.740 	29.765276
0.741 	30.723076
0.742 	31.161100
0.743 	29.714742
0.744 	28.634915
0.745 	28.639006
0.746 	30.007926
0.747 	30.887368
0.748 	30.783212
0.749 	30.843193
0.750 	30.753782
0.751 	29.859031
0.752 	27.611552
0.753 	26.215578
0.754 	27.745802
0.755 	30.059540
0.756 	31.572371
0.757 	30.847517
0.758 	28.485538
0.759 	27.225169
0.760 	28.115309
0.761 	28.612011
0.762 	28.933653
0.763 	29.110150
0.764 	27.577637
0.765 	27.547593
0.766 	29.545331
0.767 	30.481526
0.768 	30.533996
0.769 	29.682199
0.770 	30.452699
0.771 	30.531698
0.772 	29.060121
0.773 	27.838884
0.774 	27.797413
0.775 	28.337807
0.776 	29.025878
0.777 	30.072688
0.778 	30.561596
0.779 	30.079497
0.780 	28.953855
0.781 	29.892779
0.782 	30.569269
0.783 	29.339637
0.784 	28.711981
0.785 	29.046476
0.786 	29.351681
0.787 	29.363645
0.788 	29.333562
0.789 	29.233754
0.790 	28.132817
0.791 	27.371852
0.792 	27.909102
0.793 	29.851063
0.794 	30.327618
0.795 	28.934368
0.796 	28.617946
0.797 	29.277256
0.798 	30.179666
0.799 	30.433620
0.800 	29.747844
0.801 	28.503587
0.802 	27.739362
0.803 	28.229507
0.804 	28.823251
0.805 	29.179835
0.806 	29.723875
0.807 	29.446474
0.808 	28.382953
0.809 	27.594760
0.810 	27.769552
0.811 	27.951934
0.812 	27.504250
0.813 	27.992579
0.814 	28.477281
0.815 	28.380728
0.816 	28.698133
0.817 	28.421514
0.818 	28.051753
0.819 	28.445616
0.820 	28.644273
0.821 	28.410374
0.822 	28.277684
0.823 	28.424388
0.824 	28.650906
0.825 	28.339045
0.826 	28.166875
0.827 	27.986954
0.828 	27.223702
0.829 	27.332704
0.830 	28.677027
0.831 	29.078557
0.832 	28.435241
0.833 	28.383889
0.834 	28.743352
0.835 	28.201937
0.836 	27.562744
0.837 	27.635660
0.838 	27.541611
0.839 	27.631942
0.840 	28.253710
0.841 	28.499877
0.842 	28.481489
0.843 	28.400161
0.844 	27.956415
0.845 	27.780753
0.846 	27.422631
0.847 	26.551160
0.848 	26.779433
0.849 	28.160811
0.850 	28.763721
0.851 	28.169434
0.852 	27.547103
0.853 	27.122181
0.854 	26.838034
0.855 	26.357834
0.856 	25.470221
0.857 	25.595039
0.858 	27.012911
0.859 	28.051536
0.860 	28.401556
0.861 	28.168296
0.862 	27.966097
0.863 	28.221018
0.864 	27.801089
0.865 	27.079705
0.866 	27.147773
0.867 	27.854102
0.868 	28.714455
0.869 	28.959956
0.870 	28.358085
0.871 	27.867308
0.872 	28.041167
0.873 	27.889920
0.874 	26.773059
0.875 	25.370441
0.876 	25.324833
0.877 	26.548792
0.878 	27.168217
0.879 	26.763740
0.880 	26.671643
0.881 	27.158767
0.882 	27.371248
0.883 	27.288930
0.884 	27.657757
0.885 	28.238886
0.886 	28.391014
0.887 	28.205803
0.888 	28.048420
0.889 	27.876390
0.890 	27.607757
0.891 	27.272885
0.892 	26.961097
0.893 	26.714864
0.894 	26.494367
0.895 	26.300225
0.896 	26.064568
0.897 	26.289347
0.898 	26.826447
0.899 	27.129105
0.900 	26.885124
0.901 	26.341666
0.902 	26.709476
0.903 	27.655874
0.904 	27.772507
0.905 	26.883870
0.906 	25.911033
0.907 	25.450761
0.908 	25.402814
0.909 	26.051202
0.910 	27.001743
0.911 	27.298216
0.912 	27.024942
0.913 	26.634038
0.914 	25.869835
0.915 	25.774395
0.916 	26.753175
0.917 	27.379416
0.918 	26.770566
0.919 	25.702811
0.920 	25.270961
0.921 	25.473973
0.922 	26.200763
0.923 	26.627309
0.924 	26.229701
0.925 	25.804130
0.926 	25.825162
0.927 	26.101542
0.928 	26.181146
0.929 	25.993678
0.930 	26.056423
0.931 	26.397244
0.932 	26.762866
0.933 	27.075989
0.934 	26.678239
0.935 	25.803488
0.936 	25.456715
0.937 	25.574348
0.938 	25.223139
0.939 	24.751903
0.940 	25.369275
0.941 	26.300329
0.942 	26.191595
0.943 	25.222161
0.944 	24.346239
0.945 	23.716438
0.946 	23.535900
0.947 	24.827770
0.948 	25.176095
0.949 	24.637864
0.950 	24.667335
0.951 	24.357558
0.952 	24.197210
0.953 	24.925772
0.954 	25.212652
0.955 	25.012073
0.956 	24.421445
0.957 	23.774612
0.958 	24.727149
0.959 	25.359958
0.960 	24.900281
0.961 	24.421632
0.962 	24.121444
0.963 	24.374448
0.964 	24.231087
0.965 	23.177038
0.966 	23.704594
0.967 	24.097022
0.968 	23.370146
0.969 	23.535623
0.970 	24.174133
0.971 	24.969316
0.972 	25.287826
0.973 	24.595408
0.974 	24.253281
0.975 	24.498871
0.976 	24.198025
0.977 	23.975714
0.978 	23.952969
0.979 	24.469052
0.980 	24.181879
0.981 	23.896741
0.982 	24.016611
0.983 	23.703814
0.984 	24.543738
0.985 	25.514077
0.986 	24.822138
0.987 	24.235854
0.988 	24.069084
0.989 	23.888508
0.990 	24.650403
0.991 	25.573993
0.992 	24.899413
0.993 	24.267114
0.994 	24.512873
0.995 	23.742625
0.996 	23.231898
0.997 	24.372582
0.998 	24.902308
0.999 	23.796576
1.000 	24.270617
1.001 	25.833393
1.002 	25.448073
1.003 	24.519828
1.004 	24.449276
1.005 	24.114632
1.006 	23.918613
1.007 	25.051540
1.008 	25.507217
1.009 	24.719533
1.010 	24.057929
1.011 	24.324869
1.012 	24.749153
1.013 	24.748863
1.014 	24.711498
1.015 	23.686800
1.016 	22.893398
1.017 	23.605378
1.018 	24.404904
1.019 	24.938563
1.020 	25.505363
1.021 	25.293485
1.022 	24.881697
1.023 	25.820401
1.024 	27.009978
1.025 	26.442580
1.026 	25.105649
1.027 	25.086987
1.028 	25.794431
1.029 	24.911374
1.030 	23.683445
1.031 	24.070112
1.032 	25.196934
1.033 	25.379778
1.034 	25.391967
1.035 	25.395391
1.036 	24.522091
1.037 	23.760957
1.038 	23.250158
1.039 	23.642329
1.040 	24.720425
1.041 	25.289605
1.042 	24.909374
1.043 	23.845304
1.044 	23.649420
1.045 	24.295552
1.046 	24.679649
1.047 	24.980189
1.048 	25.179544
1.049 	25.076340
1.050 	25.220760
1.051 	25.959554
1.052 	26.070764
1.053 	25.219332
1.054 	24.443093
1.055 	24.472382
1.056 	25.314388
1.057 	25.870465
1.058 	25.271761
1.059 	24.204051
1.060 	24.182119
1.061 	24.653149
1.062 	24.290898
1.063 	24.398066
1.064 	25.569085
1.065 	26.064274
1.066 	25.079992
1.067 	23.522685
1.068 	23.400908
1.069 	24.339818
1.070 	24.701721
1.071 	24.920904
1.072 	24.981852
1.073 	24.095052
1.074 	23.273293
1.075 	23.587442
1.076 	24.343679
1.077 	24.507583
1.078 	23.886592
1.079 	23.426852
1.080 	23.278140
1.081 	23.470002
1.082 	24.277404
1.083 	24.611917
1.084 	24.269965
1.085 	24.053797
1.086 	24.077348
1.087 	24.588662
1.088 	25.150505
1.089 	25.327460
1.090 	25.795156
1.091 	25.821855
1.092 	24.713406
1.093 	23.688480
1.094 	23.705644
1.095 	24.254323
1.096 	24.482651
1.097 	24.576601
1.098 	24.810551
1.099 	24.704967
1.100 	24.260278
1.101 	24.267966
1.102 	24.764884
1.103 	25.282835
1.104 	25.209614
1.105 	24.203542
1.106 	23.299366
1.107 	23.248451
1.108 	23.643246
1.109 	24.066364
1.110 	24.583468
1.111 	24.725321
1.112 	24.125427
1.113 	23.149898
1.114 	22.788337
1.115 	23.492381
1.116 	23.842175
1.117 	22.995717
1.118 	22.690140
1.119 	23.858616
1.120 	24.252549
1.121 	22.944854
1.122 	22.075633
1.123 	22.446446
1.124 	23.105658
1.125 	23.497798
1.126 	23.639991
1.127 	23.451037
1.128 	23.048924
1.129 	22.825920
1.130 	22.601702
1.131 	21.831047
1.132 	20.637975
1.133 	19.941310
1.134 	20.398381
1.135 	21.582187
1.136 	22.601247
1.137 	22.916330
1.138 	22.160152
1.139 	21.202411
1.140 	21.269982
1.141 	21.998897
1.142 	22.821865
1.143 	22.921144
1.144 	21.660765
1.145 	20.261837
1.146 	19.772966
1.147 	20.036938
1.148 	20.459961
1.149 	20.278862
1.150 	20.007995
1.151 	20.801040
1.152 	21.985898
1.153 	22.418297
1.154 	21.694526
1.155 	20.646437
1.156 	20.517731
1.157 	20.839957
1.158 	20.985867
1.159 	20.822149
1.160 	20.491491
1.161 	20.262004
1.162 	20.322020
1.163 	20.683789
1.164 	20.903435
1.165 	20.505806
1.166 	19.636295
1.167 	19.274311
1.168 	19.653899
1.169 	20.065014
1.170 	20.108748
1.171 	19.951098
1.172 	19.833620
1.173 	19.608726
1.174 	19.056314
1.175 	18.608372
1.176 	18.777333
1.177 	19.305870
1.178 	19.639906
1.179 	19.793201
1.180 	20.285377
1.181 	21.118419
1.182 	21.271313
1.183 	20.508486
1.184 	19.659956
1.185 	19.317669
1.186 	19.330937
1.187 	18.905176
1.188 	18.194581
1.189 	18.347583
1.190 	19.396027
1.191 	20.378673
1.192 	20.793612
1.193 	20.537894
1.194 	19.907393
1.195 	19.428850
1.196 	19.299311
1.197 	19.306474
1.198 	19.798495
1.199 	20.257002
1.200 	19.488153
1.201 	18.140679
1.202 	17.953813
1.203 	19.159061
1.204 	20.075877
1.205 	19.909888
1.206 	19.580640
1.207 	19.893567
1.208 	20.837606
1.209 	21.436068
1.210 	20.980346
1.211 	20.220607
1.212 	20.247883
1.213 	20.632495
1.214 	20.420927
1.215 	19.911442
1.216 	19.542932
1.217 	19.235155
1.218 	19.257207
1.219 	19.810469
1.220 	20.508070
1.221 	20.470441
1.222 	19.724172
1.223 	19.736210
1.224 	20.754373
1.225 	20.807871
1.226 	19.572094
1.227 	19.041236
1.228 	20.064489
1.229 	21.366885
1.230 	21.630382
1.231 	21.039692
1.232 	20.502237
1.233 	20.581057
1.234 	21.054883
1.235 	21.267520
1.236 	21.072649
1.237 	21.084345
1.238 	21.392394
1.239 	21.160826
1.240 	19.876114
1.241 	18.456772
1.242 	18.472646
1.243 	19.468352
1.244 	20.040392
1.245 	19.828419
1.246 	19.795311
1.247 	20.408733
1.248 	21.152202
1.249 	21.731465
1.250 	22.146150
1.251 	22.339921
1.252 	22.043952
1.253 	21.150026
1.254 	20.371319
1.255 	19.988135
1.256 	19.868707
1.257 	19.718757
1.258 	18.801302
1.259 	17.634399
1.260 	17.649874
1.261 	19.275838
1.262 	21.040444
1.263 	22.200273
1.264 	22.436493
1.265 	21.386545
1.266 	19.810161
1.267 	19.330829
1.268 	19.669917
1.269 	19.694216
1.270 	19.512473
1.271 	19.763221
1.272 	20.128954
1.273 	20.019922
1.274 	20.093425
1.275 	20.477946
1.276 	20.484516
1.277 	20.270659
1.278 	20.096372
1.279 	19.752501
1.280 	19.789007
1.281 	20.576271
1.282 	21.243814
1.283 	20.872278
1.284 	20.017032
1.285 	19.968258
1.286 	20.770843
1.287 	21.411288
1.288 	21.121774
1.289 	20.249339
1.290 	19.360243
1.291 	19.113266
1.292 	19.410193
1.293 	19.753098
1.294 	20.280505
1.295 	20.744905
1.296 	19.972826
1.297 	18.516443
1.298 	17.821516
1.299 	18.651161
1.300 	20.139070
1.301 	20.764641
1.302 	20.404699
1.303 	19.573323
1.304 	18.567700
1.305 	18.000403
1.306 	17.918175
1.307 	18.012461
1.308 	18.618313
1.309 	19.295915
1.310 	19.159339
1.311 	18.871010
1.312 	19.113147
1.313 	19.248833
1.314 	19.336019
1.315 	19.681897
1.316 	19.648941
1.317 	18.902363
1.318 	17.943347
1.319 	17.157213
1.320 	17.115503
1.321 	17.950480
1.322 	19.005789
1.323 	19.077269
1.324 	18.150210
1.325 	17.346333
1.326 	17.126814
1.327 	17.022314
1.328 	17.345284
1.329 	18.022850
1.330 	18.244145
1.331 	17.347237
1.332 	16.059773
1.333 	15.329298
1.334 	15.564770
1.335 	16.728295
1.336 	17.915934
1.337 	18.341685
1.338 	18.159779
1.339 	17.358261
1.340 	16.539988
1.341 	16.677930
1.342 	17.095194
1.343 	16.952109
1.344 	16.083387
1.345 	15.461437
1.346 	16.426365
1.347 	18.392735
1.348 	19.366224
1.349 	18.138525
1.350 	15.727753
1.351 	13.712636
1.352 	13.333460
1.353 	14.090713
1.354 	15.381238
1.355 	16.328366
1.356 	16.083740
1.357 	14.991056
1.358 	14.471753
1.359 	15.057222
1.360 	15.860698
1.361 	16.070603
1.362 	15.640774
1.363 	14.491926
1.364 	13.018759
1.365 	12.976952
1.366 	14.505101
1.367 	15.674754
1.368 	15.483350
1.369 	14.710497
1.370 	14.094271
1.371 	13.342418
1.372 	12.567497
1.373 	12.363716
1.374 	12.522231
1.375 	12.291917
1.376 	11.808468
1.377 	11.271047
1.378 	10.743232
1.379 	10.986297
1.380 	11.957636
1.381 	12.770736
1.382 	13.111867
1.383 	12.516585
1.384 	11.428643
1.385 	10.659728
1.386 	10.246650
1.387 	10.282479
1.388 	10.206968
1.389 	9.668429
1.390 	9.356071
1.391 	9.690724
1.392 	10.118652
1.393 	10.116599
1.394 	10.124148
1.395 	10.006136
1.396 	8.930613
1.397 	7.642426
1.398 	7.290596
1.399 	7.287694
1.400 	7.230758
1.401 	7.528026
1.402 	8.247832
1.403 	8.917524
1.404 	9.124519
1.405 	8.260290
1.406 	6.411801
1.407 	5.886747
1.408 	7.103751
1.409 	7.693416
1.410 	7.582720
1.411 	7.740334
1.412 	8.091326
1.413 	8.354368
1.414 	7.890332
1.415 	7.376475
1.416 	8.083052
1.417 	9.212416
1.418 	9.085068
1.419 	7.737184
1.420 	6.568195
1.421 	6.899314
1.422 	8.345153
1.423 	9.114645
1.424 	8.562786
1.425 	7.965311
1.426 	7.977169
1.427 	7.915943
1.428 	7.646621
1.429 	7.604288
1.430 	6.917835
1.431 	5.221249
1.432 	4.600617
1.433 	5.846619
1.434 	6.610994
1.435 	6.415975
1.436 	6.952815
1.437 	8.136388
1.438 	8.698153
1.439 	8.205079
1.440 	7.443646
1.441 	7.051134
1.442 	7.021032
1.443 	7.212146
1.444 	7.575305
1.445 	7.148602
1.446 	5.802557
1.447 	6.118609
1.448 	8.099665
1.449 	9.315221
1.450 	9.133109
1.451 	8.386455
1.452 	7.702134
1.453 	7.753407
1.454 	8.561766
1.455 	8.639049
1.456 	7.573039
1.457 	7.448630
1.458 	8.376879
1.459 	7.790212
1.460 	6.232404
1.461 	6.342890
1.462 	7.012361
1.463 	6.015588
1.464 	4.404994
1.465 	4.930536
1.466 	7.189486
1.467 	8.808255
1.468 	8.455205
1.469 	6.597438
1.470 	5.920302
1.471 	7.089193
1.472 	7.523710
1.473 	7.433547
1.474 	8.761488
1.475 	10.830162
1.476 	11.593631
1.477 	10.727738
1.478 	9.851552
1.479 	9.069794
1.480 	7.346687
1.481 	6.480248
1.482 	7.373915
1.483 	7.725246
1.484 	6.732523
1.485 	6.418298
1.486 	7.476545
1.487 	7.894584
1.488 	7.897179
1.489 	8.947455
1.490 	10.342887
1.491 	10.106587
1.492 	8.365280
1.493 	7.838115
1.494 	9.659384
1.495 	11.575132
1.496 	10.880761
1.497 	8.901698
1.498 	8.456108
1.499 	8.708178
1.500 	7.737469
1.501 	7.365145
1.502 	10.342116
1.503 	13.255188
1.504 	11.991946
1.505 	8.517676
1.506 	5.981162
1.507 	4.990200
1.508 	5.541029
1.509 	7.047029
1.510 	8.161431
1.511 	9.156615
1.512 	10.241746
1.513 	10.057592
1.514 	8.207697
1.515 	7.297381
1.516 	9.180360
1.517 	11.120686
1.518 	10.255025
1.519 	9.361301
1.520 	10.604622
1.521 	11.438726
1.522 	11.247499
1.523 	11.319680
1.524 	11.224730
1.525 	10.517933
1.526 	9.165662
1.527 	8.585195
1.528 	9.097441
1.529 	9.746772
1.530 	9.951064
1.531 	9.995621
1.532 	9.909568
1.533 	8.188689
1.534 	6.292714
1.535 	7.085379
1.536 	10.807642
1.537 	12.956280
1.538 	11.618635
1.539 	9.518729
1.540 	9.970912
1.541 	12.200679
1.542 	12.209881
1.543 	10.150579
1.544 	8.564429
1.545 	8.041470
1.546 	8.688092
1.547 	10.511910
1.548 	12.770327
1.549 	13.379059
1.550 	12.854428
1.551 	13.166266
1.552 	13.487061
1.553 	13.308906
1.554 	12.509868
1.555 	11.611368
1.556 	10.063188
1.557 	8.502682
1.558 	7.831134
1.559 	7.910252
1.560 	9.956293
1.561 	11.518215
1.562 	10.907782
1.563 	10.475526
1.564 	11.027957
1.565 	12.677808
1.566 	12.506876
1.567 	10.200302
1.568 	10.820719
1.569 	11.996621
1.570 	11.726191
1.571 	12.320934
1.572 	14.144325
1.573 	14.636499
1.574 	13.380821
1.575 	12.441073
1.576 	12.952696
1.577 	10.401181
1.578 	7.182193
1.579 	8.704385
1.580 	10.822921
1.581 	11.223067
1.582 	11.736257
1.583 	11.382350
1.584 	10.899301
1.585 	11.522477
1.586 	12.014954
1.587 	10.563484
1.588 	9.310102
1.589 	11.491488
1.590 	13.370657
1.591 	13.705052
1.592 	14.784264
1.593 	14.157582
1.594 	10.197076
1.595 	10.832301
1.596 	13.943236
1.597 	14.318619
1.598 	12.610634
1.599 	12.643523
1.600 	12.743797
1.601 	11.938767
1.602 	13.034564
1.603 	13.754641
1.604 	12.280404
1.605 	10.374151
1.606 	11.649425
1.607 	11.982716
1.608 	9.665063
1.609 	10.200850
1.610 	11.111250
1.611 	12.711520
1.612 	17.169052
1.613 	19.423801
1.614 	17.912163
1.615 	12.958665
1.616 	10.307538
1.617 	11.167750
1.618 	12.016894
1.619 	12.967071
1.620 	10.994073
1.621 	8.626594
1.622 	13.016771
1.623 	15.517572
1.624 	14.112479
1.625 	13.492150
1.626 	13.879569
1.627 	14.132920
1.628 	14.893581
1.629 	14.607574
1.630 	12.928756
1.631 	13.356702
1.632 	10.747586
1.633 	8.483977
1.634 	10.553361
1.635 	12.813669
1.636 	14.190480
1.637 	11.281136
1.638 	9.142394
1.639 	12.677278
1.640 	16.565865
1.641 	15.381139
1.642 	13.040025
1.643 	14.250825
1.644 	11.765840
1.645 	12.155975
1.646 	15.284421
1.647 	11.855878
1.648 	11.141390
1.649 	13.375730
1.650 	17.164547
1.651 	17.084438
1.652 	12.252122
1.653 	8.981050
1.654 	13.947500
1.655 	15.941958
1.656 	12.265290
1.657 	14.374819
1.658 	13.370100
1.659 	13.164874
1.660 	16.030226
1.661 	13.180053
1.662 	11.279114
1.663 	15.286577
1.664 	18.392218
1.665 	13.529657
1.666 	5.381729
1.667 	4.942494
1.668 	10.489094
1.669 	15.796313
1.670 	14.882174
1.671 	12.612091
1.672 	10.659113
1.673 	14.637061
1.674 	14.194812
1.675 	15.880908
1.676 	27.213959
1.677 	19.919035
1.678 	9.888269
1.679 	5.896883
1.680 	2.727028
1.681 	15.203206
1.682 	11.967615
1.683 	15.432249
1.684 	15.401574
1.685 	7.393062
1.686 	11.765677
1.687 	4.936135
1.688 	4.991677
1.689 	8.229920
1.690 	31.269888
1.691 	26.566060
1.692 	14.352122
1.693 	6.635144
1.694 	5.331140
1.695 	14.376520
1.696 	21.352249
1.697 	14.920549
1.698 	1.386965
1.699 	6.375998
1.700 	22.251521
