0.660 	27.609571
0.661 	25.564091
0.662 	26.364151
0.663 	32.979741
0.664 	34.058431
0.665 	28.159647
0.666 	31.245093
0.667 	31.250533
0.668 	26.865146
0.669 	27.084447
0.670 	28.997175
0.671 	30.976185
0.672 	28.207825
0.673 	30.466620
0.674 	31.650298
0.675 	29.427620
0.676 	30.127621
0.677 	28.877269
0.678 	30.079121
0.679 	29.851067
0.680 	28.411758
0.681 	29.948839
0.682 	29.532897
0.683 	27.482301
0.684 	27.653327
0.685 	25.907068
0.686 	27.557730
0.687 	30.508148
0.688 	29.205996
0.689 	28.108827
0.690 	29.062340
0.691 	29.090320
0.692 	29.456124
0.693 	30.340830
0.694 	30.660895
0.695 	31.437134
0.696 	30.359172
0.697 	29.850527
0.698 	28.402387
0.699 	28.285944
0.700 	30.024869
0.701 	30.058644
0.702 	27.943409
0.703 	28.345577
0.704 	30.490175
0.705 	28.844429
0.706 	30.319030
0.707 	30.301831
0.708 	29.900997
0.709 	29.231167
0.710 	29.831890
0.711 	29.736677
0.712 	27.672301
0.713 	28.488367
0.714 	29.504011
0.715 	27.256415
0.716 	27.735521
0.717 	31.464435
0.718 	31.154884
0.719 	29.902720
0.720 	29.285796
0.721 	27.232307
0.722 	26.723106
0.723 	27.960432
0.724 	29.268742
0.725 	30.426094
0.726 	30.807790
0.727 	30.023506
0.728 	28.173689
0.729 	27.764457
0.730 	29.132900
0.731 	30.724709
0.732 	30.558646
0.733 	29.183878
0.734 	28.593871
0.735 	28.787056
0.736 	30.166212
0.737 	29.287316
0.738 	27.422076
0.739 	27.381934
0.740 	28.105656
0.741 	28.886959
0.742 	31.489172
0.743 	31.296330
0.744 	27.670724
0.745 	27.035057
0.746 	29.361679
0.747 	29.525457
0.748 	28.310555
0.749 	29.645375
0.750 	30.840522
0.751 	28.198531
0.752 	25.992936
0.753 	26.807196
0.754 	28.785453
0.755 	29.089757
0.756 	28.266539
0.757 	27.205529
0.758 	27.211189
0.759 	28.455476
0.760 	28.328480
0.761 	27.539072
0.762 	28.644759
0.763 	29.312442
0.764 	28.386559
0.765 	28.006665
0.766 	28.129534
0.767 	28.207081
0.768 	29.459363
0.769 	29.791496
0.770 	28.949018
0.771 	28.331003
0.772 	28.183890
0.773 	28.238529
0.774 	27.988779
0.775 	27.837595
0.776 	28.309464
0.777 	28.533571
0.778 	28.315089
0.779 	28.338344
0.780 	27.930506
0.781 	28.204772
0.782 	28.285928
0.783 	27.307923
0.784 	26.659040
0.785 	27.724004
0.786 	28.472720
0.787 	27.471152
0.788 	26.828981
0.789 	26.776607
0.790 	26.866207
0.791 	27.423906
0.792 	28.613762
0.793 	29.176456
0.794 	29.186585
0.795 	28.653023
0.796 	28.622131
0.797 	28.839876
0.798 	28.725612
0.799 	29.021119
0.800 	28.818685
0.801 	28.070088
0.802 	27.514535
0.803 	26.782507
0.804 	25.859979
0.805 	25.715427
0.806 	27.010493
0.807 	27.356543
0.808 	26.625057
0.809 	26.776205
0.810 	27.371988
0.811 	27.680720
0.812 	27.747559
0.813 	27.827483
0.814 	27.996738
0.815 	28.321661
0.816 	28.403698
0.817 	27.533596
0.818 	26.563311
0.819 	26.483594
0.820 	27.429064
0.821 	28.692773
0.822 	28.928869
0.823 	27.868744
0.824 	26.757440
0.825 	27.038586
0.826 	28.053571
0.827 	27.990879
0.828 	27.665676
0.829 	27.634610
0.830 	26.970709
0.831 	25.668842
0.832 	25.207960
0.833 	26.331543
0.834 	27.451570
0.835 	26.930283
0.836 	25.821382
0.837 	25.784625
0.838 	26.593457
0.839 	27.353744
0.840 	27.820995
0.841 	27.965276
0.842 	28.149722
0.843 	27.940633
0.844 	27.289413
0.845 	27.260858
0.846 	27.330504
0.847 	26.750382
0.848 	26.456990
0.849 	27.223238
0.850 	27.924667
0.851 	27.795802
0.852 	27.512842
0.853 	27.065518
0.854 	26.081203
0.855 	25.487968
0.856 	25.053146
0.857 	24.923619
0.858 	25.833225
0.859 	26.425565
0.860 	26.632972
0.861 	26.669548
0.862 	26.489618
0.863 	26.720267
0.864 	27.037362
0.865 	26.909368
0.866 	26.697228
0.867 	26.216166
0.868 	25.829515
0.869 	26.078957
0.870 	26.587040
0.871 	27.330617
0.872 	27.947054
0.873 	27.765481
0.874 	26.429612
0.875 	25.016315
0.876 	24.825081
0.877 	25.040653
0.878 	25.089283
0.879 	25.879705
0.880 	27.187935
0.881 	27.448140
0.882 	26.603443
0.883 	25.883891
0.884 	26.168214
0.885 	27.409356
0.886 	28.297467
0.887 	27.913851
0.888 	26.842580
0.889 	26.228442
0.890 	26.421177
0.891 	26.248701
0.892 	25.564460
0.893 	25.365253
0.894 	25.500120
0.895 	25.514348
0.896 	25.534505
0.897 	25.768460
0.898 	26.100012
0.899 	26.364214
0.900 	26.331953
0.901 	26.027238
0.902 	25.767283
0.903 	25.551799
0.904 	25.658582
0.905 	25.762121
0.906 	25.511984
0.907 	25.375698
0.908 	25.423087
0.909 	25.648967
0.910 	25.942891
0.911 	25.544753
0.912 	25.228030
0.913 	25.789266
0.914 	25.851335
0.915 	25.246188
0.916 	24.841738
0.917 	24.474066
0.918 	24.216438
0.919 	24.504719
0.920 	25.194842
0.921 	25.684069
0.922 	25.756169
0.923 	25.708181
0.924 	25.544329
0.925 	25.044999
0.926 	24.625425
0.927 	24.774247
0.928 	25.182251
0.929 	25.123440
0.930 	24.916418
0.931 	25.341259
0.932 	26.151435
0.933 	26.659923
0.934 	26.586370
0.935 	25.936043
0.936 	25.174464
0.937 	24.727916
0.938 	25.027434
0.939 	25.037338
0.940 	24.826788
0.941 	24.606938
0.942 	24.328712
0.943 	23.733361
0.944 	23.234804
0.945 	23.098995
0.946 	23.343410
0.947 	24.326529
0.948 	24.613349
0.949 	23.989941
0.950 	23.930679
0.951 	23.727696
0.952 	23.400074
0.953 	24.005115
0.954 	24.462084
0.955 	24.761011
0.956 	24.326539
0.957 	23.695383
0.958 	23.901051
0.959 	23.744031
0.960 	24.035537
0.961 	24.663961
0.962 	23.826898
0.963 	23.119334
0.964 	23.087862
0.965 	22.481208
0.966 	22.110491
0.967 	22.158196
0.968 	22.475601
0.969 	23.499951
0.970 	24.642797
0.971 	24.803461
0.972 	23.952269
0.973 	22.933678
0.974 	23.047912
0.975 	24.025846
0.976 	25.166136
0.977 	24.575507
0.978 	23.310897
0.979 	23.208234
0.980 	23.074987
0.981 	23.268718
0.982 	23.838339
0.983 	23.278777
0.984 	23.058642
0.985 	23.831429
0.986 	23.692576
0.987 	23.262646
0.988 	23.099004
0.989 	23.033318
0.990 	23.794789
0.991 	24.066367
0.992 	23.263260
0.993 	23.267452
0.994 	24.123154
0.995 	23.775547
0.996 	23.705352
0.997 	24.619593
0.998 	23.880941
0.999 	22.664481
1.000 	23.787365
1.001 	24.451465
1.002 	23.708441
1.003 	23.164682
1.004 	23.049245
1.005 	22.843578
1.006 	23.677652
1.007 	24.821551
1.008 	24.682980
1.009 	23.584312
1.010 	23.218954
1.011 	23.683216
1.012 	23.852012
1.013 	24.228281
1.014 	24.412630
1.015 	23.292902
1.016 	22.689158
1.017 	23.256351
1.018 	23.326234
1.019 	23.812424
1.020 	24.738016
1.021 	24.308012
1.022 	23.767883
1.023 	24.368907
1.024 	24.587934
1.025 	23.900372
1.026 	23.750570
1.027 	24.732095
1.028 	25.337688
1.029 	23.601116
1.030 	22.211014
1.031 	23.049281
1.032 	23.847902
1.033 	23.578513
1.034 	23.655592
1.035 	24.187399
1.036 	24.244144
1.037 	23.780335
1.038 	23.693440
1.039 	24.131506
1.040 	24.177463
1.041 	24.074918
1.042 	23.935609
1.043 	23.648767
1.044 	23.071041
1.045 	22.304202
1.046 	22.473396
1.047 	23.606621
1.048 	24.833361
1.049 	25.162243
1.050 	24.863421
1.051 	24.488816
1.052 	24.200266
1.053 	24.382585
1.054 	24.539754
1.055 	23.891030
1.056 	23.477452
1.057 	23.336705
1.058 	23.040612
1.059 	23.556294
1.060 	24.434416
1.061 	24.416997
1.062 	23.616663
1.063 	23.853925
1.064 	25.045334
1.065 	24.815924
1.066 	23.488379
1.067 	23.135776
1.068 	23.942544
1.069 	24.852150
1.070 	24.621124
1.071 	24.018536
1.072 	23.687916
1.073 	23.407586
1.074 	23.574414
1.075 	24.466637
1.076 	25.264359
1.077 	24.496732
1.078 	22.857457
1.079 	22.237564
1.080 	22.758709
1.081 	23.485048
1.082 	23.975162
1.083 	23.971613
1.084 	23.252133
1.085 	22.928106
1.086 	23.757064
1.087 	24.663805
1.088 	24.600201
1.089 	23.581741
1.090 	23.550074
1.091 	24.877711
1.092 	25.009007
1.093 	23.504527
1.094 	22.499556
1.095 	22.445060
1.096 	22.578652
1.097 	23.013097
1.098 	23.823309
1.099 	24.746244
1.100 	24.533330
1.101 	23.915475
1.102 	24.342094
1.103 	24.791766
1.104 	24.083463
1.105 	22.510898
1.106 	21.792067
1.107 	22.775056
1.108 	23.814753
1.109 	24.151367
1.110 	24.315901
1.111 	24.346490
1.112 	23.969483
1.113 	22.895926
1.114 	22.216600
1.115 	22.615224
1.116 	22.884233
1.117 	22.557243
1.118 	22.802235
1.119 	23.617054
1.120 	23.711208
1.121 	23.026278
1.122 	22.398749
1.123 	22.163982
1.124 	22.592976
1.125 	23.656629
1.126 	24.036528
1.127 	23.001948
1.128 	21.600414
1.129 	21.012356
1.130 	21.252154
1.131 	21.501145
1.132 	21.244696
1.133 	20.859183
1.134 	20.712233
1.135 	20.981024
1.136 	21.627576
1.137 	21.782785
1.138 	21.254729
1.139 	20.777500
1.140 	20.521184
1.141 	20.821071
1.142 	21.829589
1.143 	22.025554
1.144 	20.859876
1.145 	19.611117
1.146 	19.161435
1.147 	19.459613
1.148 	19.440699
1.149 	18.530577
1.150 	18.006287
1.151 	19.311524
1.152 	21.390225
1.153 	22.496900
1.154 	22.151812
1.155 	20.925297
1.156 	19.865619
1.157 	19.267648
1.158 	19.195498
1.159 	19.603939
1.160 	19.626203
1.161 	19.007801
1.162 	18.568890
1.163 	18.935740
1.164 	19.811364
1.165 	20.462745
1.166 	20.410282
1.167 	20.042608
1.168 	19.869284
1.169 	19.798882
1.170 	19.726951
1.171 	19.700804
1.172 	19.892494
1.173 	19.808726
1.174 	18.869840
1.175 	18.072134
1.176 	18.563542
1.177 	19.844457
1.178 	20.649451
1.179 	20.138357
1.180 	19.319516
1.181 	19.371379
1.182 	19.512660
1.183 	19.026349
1.184 	18.467147
1.185 	18.356236
1.186 	18.898641
1.187 	19.649290
1.188 	19.848848
1.189 	19.416083
1.190 	19.102168
1.191 	19.359603
1.192 	19.897262
1.193 	20.166916
1.194 	19.786954
1.195 	19.275445
1.196 	19.313724
1.197 	19.531268
1.198 	19.637694
1.199 	19.140565
1.200 	17.961075
1.201 	17.271660
1.202 	17.534144
1.203 	18.320305
1.204 	19.161498
1.205 	19.815010
1.206 	19.985688
1.207 	19.739704
1.208 	19.269390
1.209 	19.062941
1.210 	19.160003
1.211 	19.187662
1.212 	19.530545
1.213 	20.359247
1.214 	20.662653
1.215 	20.197663
1.216 	20.246720
1.217 	20.872111
1.218 	20.413389
1.219 	18.919363
1.220 	18.316856
1.221 	18.551618
1.222 	18.667333
1.223 	19.246859
1.224 	20.262133
1.225 	20.336765
1.226 	19.145657
1.227 	17.984555
1.228 	17.746617
1.229 	18.495800
1.230 	19.583212
1.231 	20.689866
1.232 	21.428630
1.233 	21.540627
1.234 	21.115383
1.235 	20.725582
1.236 	20.390319
1.237 	20.336787
1.238 	20.574122
1.239 	20.728111
1.240 	20.760743
1.241 	20.576898
1.242 	19.824777
1.243 	19.033164
1.244 	18.753583
1.245 	18.994590
1.246 	19.501386
1.247 	19.776622
1.248 	19.627139
1.249 	19.768213
1.250 	20.572072
1.251 	21.859845
1.252 	23.003765
1.253 	22.867398
1.254 	21.647618
1.255 	19.996533
1.256 	18.817252
1.257 	18.715762
1.258 	19.207076
1.259 	19.117686
1.260 	18.506968
1.261 	18.136355
1.262 	18.700234
1.263 	20.646500
1.264 	22.731729
1.265 	23.114602
1.266 	21.340782
1.267 	19.660115
1.268 	19.113218
1.269 	19.177194
1.270 	19.482514
1.271 	19.869513
1.272 	19.428525
1.273 	18.349063
1.274 	18.042011
1.275 	18.590932
1.276 	19.425914
1.277 	20.182924
1.278 	20.244751
1.279 	19.511359
1.280 	18.794165
1.281 	18.665734
1.282 	19.319117
1.283 	20.273550
1.284 	20.784070
1.285 	20.699811
1.286 	20.513627
1.287 	20.695434
1.288 	20.998330
1.289 	20.751759
1.290 	20.164035
1.291 	19.782273
1.292 	19.278073
1.293 	18.361891
1.294 	18.383430
1.295 	19.595144
1.296 	19.992083
1.297 	18.916443
1.298 	17.490349
1.299 	17.032859
1.300 	17.879838
1.301 	19.330695
1.302 	20.174855
1.303 	20.137045
1.304 	19.430111
1.305 	18.818495
1.306 	18.397467
1.307 	18.128211
1.308 	18.212643
1.309 	18.086168
1.310 	17.831101
1.311 	18.233996
1.312 	18.994705
1.313 	19.186818
1.314 	19.031840
1.315 	19.217765
1.316 	19.339369
1.317 	19.044164
1.318 	18.638008
1.319 	18.196167
1.320 	18.047825
1.321 	18.302513
1.322 	18.783224
1.323 	19.138433
1.324 	19.223756
1.325 	19.058484
1.326 	18.434484
1.327 	17.935858
1.328 	18.502831
1.329 	19.267619
1.330 	18.711994
1.331 	16.289506
1.332 	14.078337
1.333 	13.990859
1.334 	15.287888
1.335 	16.818775
1.336 	18.034083
1.337 	18.700130
1.338 	18.527411
1.339 	17.144395
1.340 	15.412095
1.341 	14.555638
1.342 	14.640499
1.343 	15.420223
1.344 	15.955470
1.345 	15.591398
1.346 	15.561472
1.347 	16.736807
1.348 	17.883174
1.349 	17.882797
1.350 	16.553565
1.351 	14.562756
1.352 	13.806393
1.353 	14.594166
1.354 	15.954494
1.355 	16.741929
1.356 	16.468274
1.357 	15.111042
1.358 	13.918821
1.359 	14.416454
1.360 	16.143392
1.361 	17.016376
1.362 	16.359122
1.363 	15.060077
1.364 	14.550777
1.365 	16.021021
1.366 	17.705377
1.367 	17.370018
1.368 	15.196514
1.369 	12.321557
1.370 	10.198269
1.371 	9.960715
1.372 	11.265352
1.373 	12.418414
1.374 	12.952571
1.375 	12.885776
1.376 	12.644453
1.377 	12.568639
1.378 	12.488864
1.379 	12.262115
1.380 	11.916631
1.381 	12.086361
1.382 	12.832515
1.383 	12.933790
1.384 	12.152404
1.385 	10.861709
1.386 	9.449619
1.387 	9.054476
1.388 	9.357726
1.389 	9.132410
1.390 	8.994440
1.391 	9.705469
1.392 	10.630427
1.393 	10.651969
1.394 	10.289872
1.395 	10.469744
1.396 	10.418461
1.397 	9.687354
1.398 	9.104798
1.399 	9.051024
1.400 	9.402349
1.401 	9.632016
1.402 	9.694936
1.403 	9.890519
1.404 	9.652560
1.405 	8.585851
1.406 	7.046971
1.407 	6.729720
1.408 	8.084932
1.409 	9.047951
1.410 	9.268373
1.411 	9.260100
1.412 	8.384839
1.413 	7.486177
1.414 	8.298184
1.415 	9.921207
1.416 	10.906253
1.417 	11.196955
1.418 	10.918916
1.419 	9.625778
1.420 	7.587078
1.421 	6.165684
1.422 	6.432402
1.423 	7.689633
1.424 	8.536440
1.425 	9.250049
1.426 	10.245641
1.427 	10.341549
1.428 	9.458938
1.429 	9.083314
1.430 	8.525072
1.431 	6.903311
1.432 	4.974729
1.433 	5.110250
1.434 	7.070114
1.435 	8.110423
1.436 	7.971889
1.437 	7.666718
1.438 	7.503916
1.439 	8.154056
1.440 	9.104790
1.441 	8.808153
1.442 	7.416029
1.443 	6.614240
1.444 	7.215895
1.445 	7.966193
1.446 	8.175301
1.447 	8.725380
1.448 	8.538534
1.449 	7.445628
1.450 	7.260129
1.451 	8.062780
1.452 	9.239049
1.453 	9.907402
1.454 	9.682116
1.455 	9.409701
1.456 	9.616557
1.457 	10.277898
1.458 	10.542684
1.459 	8.943016
1.460 	6.511781
1.461 	5.549151
1.462 	6.375529
1.463 	7.733007
1.464 	8.461607
1.465 	9.125794
1.466 	9.975566
1.467 	10.132420
1.468 	9.190941
1.469 	7.592808
1.470 	6.708985
1.471 	7.611459
1.472 	9.035415
1.473 	9.990785
1.474 	11.077823
1.475 	11.707308
1.476 	10.697832
1.477 	8.845808
1.478 	7.865140
1.479 	7.731564
1.480 	7.506052
1.481 	7.566372
1.482 	8.498780
1.483 	10.194222
1.484 	10.527659
1.485 	8.984808
1.486 	8.652393
1.487 	9.437530
1.488 	9.322992
1.489 	9.252106
1.490 	10.679508
1.491 	11.068412
1.492 	9.406428
1.493 	8.862530
1.494 	9.533739
1.495 	9.546848
1.496 	9.347272
1.497 	10.266107
1.498 	10.798622
1.499 	9.387731
1.500 	7.755468
1.501 	7.084007
1.502 	7.265617
1.503 	9.047627
1.504 	10.801812
1.505 	11.169658
1.506 	11.100939
1.507 	10.299093
1.508 	9.223385
1.509 	8.760987
1.510 	8.773726
1.511 	8.843734
1.512 	10.212192
1.513 	12.658305
1.514 	12.632556
1.515 	10.295112
1.516 	8.949062
1.517 	8.756758
1.518 	8.985607
1.519 	9.932369
1.520 	10.917284
1.521 	10.108356
1.522 	8.872247
1.523 	10.079701
1.524 	11.974541
1.525 	12.830645
1.526 	11.898270
1.527 	10.413166
1.528 	10.175434
1.529 	10.739931
1.530 	10.474628
1.531 	10.442966
1.532 	11.299480
1.533 	10.234501
1.534 	8.179050
1.535 	8.509728
1.536 	10.874744
1.537 	12.427829
1.538 	11.964735
1.539 	10.573187
1.540 	10.756531
1.541 	12.664892
1.542 	12.628675
1.543 	11.506165
1.544 	11.650942
1.545 	11.569134
1.546 	10.950331
1.547 	11.817731
1.548 	12.361007
1.549 	10.897940
1.550 	10.446943
1.551 	12.053039
1.552 	12.920306
1.553 	11.886992
1.554 	10.626062
1.555 	9.334103
1.556 	8.919178
1.557 	9.452498
1.558 	9.757178
1.559 	9.985263
1.560 	11.804015
1.561 	13.536998
1.562 	12.218307
1.563 	10.193603
1.564 	10.362650
1.565 	11.839409
1.566 	11.242890
1.567 	10.776114
1.568 	12.685852
1.569 	13.646447
1.570 	12.909617
1.571 	13.666489
1.572 	14.110626
1.573 	11.605608
1.574 	9.574095
1.575 	11.141814
1.576 	13.731964
1.577 	11.801228
1.578 	10.824083
1.579 	12.446069
1.580 	12.765946
1.581 	12.760099
1.582 	13.867336
1.583 	13.356475
1.584 	11.305134
1.585 	11.471620
1.586 	11.575344
1.587 	9.828867
1.588 	10.143590
1.589 	12.495082
1.590 	11.729033
1.591 	11.812447
1.592 	15.809069
1.593 	17.576397
1.594 	12.552470
1.595 	8.922956
1.596 	11.390091
1.597 	13.943623
1.598 	12.485344
1.599 	12.054576
1.600 	13.469356
1.601 	13.428019
1.602 	15.043107
1.603 	15.592443
1.604 	13.911282
1.605 	10.475055
1.606 	11.175129
1.607 	13.161542
1.608 	12.079062
1.609 	11.268200
1.610 	10.171179
1.611 	10.277006
1.612 	12.493241
1.613 	14.533940
1.614 	15.569859
1.615 	14.156407
1.616 	11.646543
1.617 	12.150979
1.618 	12.363772
1.619 	11.430945
1.620 	9.781906
1.621 	11.170006
1.622 	16.103985
1.623 	18.110697
1.624 	15.903811
1.625 	13.189721
1.626 	12.228811
1.627 	13.751199
1.628 	15.446243
1.629 	14.615319
1.630 	13.306596
1.631 	14.998952
1.632 	14.625286
1.633 	11.464895
1.634 	13.069108
1.635 	13.346235
1.636 	9.127063
1.637 	7.555498
1.638 	12.131028
1.639 	14.850048
1.640 	14.429661
1.641 	13.707212
1.642 	14.551447
1.643 	15.386909
1.644 	9.949120
1.645 	11.197787
1.646 	13.578513
1.647 	11.964967
1.648 	13.493574
1.649 	14.185679
1.650 	14.363760
1.651 	16.576541
1.652 	13.535483
1.653 	8.582859
1.654 	13.618569
1.655 	16.707897
1.656 	11.398315
1.657 	11.449992
1.658 	11.946152
1.659 	12.340599
1.660 	13.492014
1.661 	12.788643
1.662 	12.025762
1.663 	15.739799
1.664 	18.696343
1.665 	14.983448
1.666 	8.710601
1.667 	7.726007
1.668 	10.051101
1.669 	13.772113
1.670 	18.869977
1.671 	11.150128
1.672 	10.019929
1.673 	20.276185
1.674 	9.864672
1.675 	5.175853
1.676 	18.492196
1.677 	27.736454
1.678 	19.850375
1.679 	11.852897
1.680 	5.039806
1.681 	7.818688
1.682 	12.748661
1.683 	20.533197
1.684 	10.818847
1.685 	3.166230
1.686 	10.088706
1.687 	15.518343
1.688 	14.351347
1.689 	12.929184
1.690 	26.064726
1.691 	15.326338
1.692 	17.908879
1.693 	13.294531
1.694 	-10.842425
1.695 	6.720814
1.696 	17.158548
1.697 	6.201594
1.698 	0.722603
1.699 	9.356610
1.700 	-2.642578
