0.660 	40.225588
0.661 	11.478802
0.662 	50.581729
0.663 	36.100595
0.664 	32.069068
0.665 	42.516384
0.666 	34.428513
0.667 	36.935768
0.668 	38.987942
0.669 	31.775973
0.670 	39.519732
0.671 	48.148020
0.672 	32.428665
0.673 	33.596053
0.674 	32.243842
0.675 	37.474962
0.676 	40.250892
0.677 	34.471241
0.678 	41.972846
0.679 	33.267642
0.680 	40.860222
0.681 	35.834214
0.682 	33.897083
0.683 	31.114843
0.684 	35.849824
0.685 	42.548997
0.686 	40.696181
0.687 	32.241638
0.688 	36.795423
0.689 	36.930413
0.690 	36.035115
0.691 	41.258202
0.692 	36.332851
0.693 	30.440561
0.694 	42.242407
0.695 	39.778216
0.696 	43.981710
0.697 	40.125540
0.698 	33.239747
0.699 	32.515232
0.700 	37.180633
0.701 	36.514213
0.702 	33.895901
0.703 	38.728919
0.704 	34.761074
0.705 	34.475262
0.706 	33.434306
0.707 	35.239195
0.708 	38.438312
0.709 	42.781814
0.710 	41.497759
0.711 	36.585200
0.712 	33.665454
0.713 	37.909201
0.714 	31.995009
0.715 	34.644669
0.716 	37.063614
0.717 	34.469191
0.718 	36.808009
0.719 	40.083160
0.720 	40.476757
0.721 	37.482430
0.722 	36.785071
0.723 	33.700046
0.724 	34.986625
0.725 	38.602480
0.726 	39.992585
0.727 	38.095114
0.728 	33.046559
0.729 	33.543208
0.730 	38.524173
0.731 	40.352944
0.732 	38.684969
0.733 	33.205337
0.734 	33.069396
0.735 	35.089044
0.736 	38.916741
0.737 	38.215220
0.738 	33.618160
0.739 	31.432591
0.740 	34.166925
0.741 	33.489179
0.742 	31.865276
0.743 	33.962904
0.744 	37.034923
0.745 	40.532753
0.746 	41.301870
0.747 	39.607815
0.748 	35.788372
0.749 	36.533753
0.750 	39.546266
0.751 	36.790223
0.752 	34.720521
0.753 	32.626340
0.754 	30.934554
0.755 	33.846815
0.756 	35.671216
0.757 	35.952768
0.758 	37.007187
0.759 	36.350548
0.760 	35.081198
0.761 	38.344624
0.762 	41.308066
0.763 	36.495215
0.764 	31.126353
0.765 	30.202898
0.766 	32.728008
0.767 	34.504271
0.768 	36.481642
0.769 	36.922741
0.770 	37.923325
0.771 	38.489796
0.772 	36.506640
0.773 	34.608092
0.774 	35.743042
0.775 	36.823767
0.776 	36.008631
0.777 	34.216351
0.778 	33.159934
0.779 	34.459607
0.780 	35.783754
0.781 	33.500639
0.782 	33.344630
0.783 	37.101451
0.784 	39.224341
0.785 	36.337398
0.786 	34.129766
0.787 	33.813956
0.788 	32.295187
0.789 	34.080614
0.790 	35.486328
0.791 	37.099777
0.792 	37.526163
0.793 	34.215284
0.794 	32.505161
0.795 	32.836816
0.796 	33.745280
0.797 	36.337893
0.798 	37.071466
0.799 	35.771683
0.800 	35.045508
0.801 	35.266101
0.802 	37.075473
0.803 	37.977983
0.804 	34.712166
0.805 	32.849285
0.806 	33.092976
0.807 	33.717306
0.808 	35.019829
0.809 	35.891072
0.810 	36.535890
0.811 	33.996107
0.812 	30.338569
0.813 	31.126849
0.814 	34.918207
0.815 	37.305841
0.816 	36.671485
0.817 	35.349480
0.818 	33.868495
0.819 	33.169185
0.820 	34.288007
0.821 	34.262112
0.822 	33.062748
0.823 	33.645452
0.824 	35.062168
0.825 	35.132025
0.826 	34.520688
0.827 	34.478140
0.828 	35.196582
0.829 	34.767026
0.830 	34.306829
0.831 	35.406369
0.832 	34.770338
0.833 	33.373266
0.834 	34.918461
0.835 	35.346778
0.836 	32.788362
0.837 	30.482083
0.838 	30.097827
0.839 	32.157746
0.840 	35.371789
0.841 	35.754035
0.842 	33.917728
0.843 	34.063694
0.844 	35.400692
0.845 	35.442330
0.846 	34.606625
0.847 	34.701776
0.848 	33.103300
0.849 	30.371002
0.850 	30.603894
0.851 	33.386436
0.852 	34.748160
0.853 	33.819754
0.854 	32.425164
0.855 	31.975462
0.856 	32.957727
0.857 	33.919034
0.858 	32.829688
0.859 	31.998692
0.860 	32.087428
0.861 	30.542151
0.862 	29.811016
0.863 	32.382109
0.864 	36.325922
0.865 	37.538563
0.866 	34.305667
0.867 	30.786272
0.868 	30.174603
0.869 	31.307154
0.870 	32.784042
0.871 	33.449080
0.872 	32.530378
0.873 	31.356974
0.874 	31.120243
0.875 	31.840199
0.876 	32.674143
0.877 	32.366719
0.878 	31.597902
0.879 	31.882406
0.880 	32.117142
0.881 	31.637794
0.882 	31.793510
0.883 	32.658565
0.884 	33.189452
0.885 	33.368640
0.886 	33.538251
0.887 	33.772175
0.888 	33.724888
0.889 	32.403185
0.890 	31.117900
0.891 	32.175718
0.892 	34.010885
0.893 	33.446688
0.894 	31.447337
0.895 	31.319961
0.896 	32.843491
0.897 	32.421193
0.898 	31.096053
0.899 	31.472339
0.900 	32.411159
0.901 	31.960848
0.902 	31.504589
0.903 	32.229246
0.904 	32.932575
0.905 	33.807372
0.906 	34.461964
0.907 	34.237378
0.908 	32.645122
0.909 	30.729993
0.910 	30.023704
0.911 	31.103197
0.912 	33.174674
0.913 	34.093748
0.914 	33.339166
0.915 	31.361227
0.916 	29.052176
0.917 	27.708328
0.918 	27.697997
0.919 	28.927858
0.920 	30.493701
0.921 	32.100466
0.922 	33.732935
0.923 	33.842781
0.924 	32.754081
0.925 	31.680663
0.926 	31.033596
0.927 	30.699936
0.928 	30.284182
0.929 	29.569710
0.930 	28.915947
0.931 	28.990354
0.932 	31.339805
0.933 	34.158025
0.934 	33.486913
0.935 	30.915893
0.936 	29.738197
0.937 	29.921977
0.938 	30.741315
0.939 	31.674267
0.940 	31.100423
0.941 	29.629786
0.942 	28.804208
0.943 	29.148963
0.944 	29.769916
0.945 	30.427198
0.946 	31.832825
0.947 	32.277306
0.948 	30.575588
0.949 	28.261125
0.950 	28.931707
0.951 	31.889621
0.952 	33.346420
0.953 	31.921349
0.954 	29.983467
0.955 	28.949013
0.956 	28.407732
0.957 	27.710010
0.958 	28.783359
0.959 	30.822244
0.960 	32.630495
0.961 	32.162030
0.962 	30.016085
0.963 	28.813023
0.964 	27.614500
0.965 	27.936584
0.966 	29.374340
0.967 	29.964862
0.968 	29.278098
0.969 	29.314864
0.970 	29.095705
0.971 	31.176843
0.972 	32.206999
0.973 	30.772587
0.974 	30.659370
0.975 	31.997550
0.976 	32.526788
0.977 	29.340276
0.978 	26.937409
0.979 	27.936561
0.980 	28.457929
0.981 	30.600182
0.982 	31.147778
0.983 	30.467960
0.984 	30.859110
0.985 	30.604842
0.986 	30.514951
0.987 	31.221029
0.988 	31.202902
0.989 	30.741076
0.990 	29.736755
0.991 	29.502346
0.992 	29.326947
0.993 	29.787332
0.994 	31.094757
0.995 	32.529899
0.996 	32.783852
0.997 	32.280038
0.998 	31.553021
0.999 	30.277971
1.000 	29.275052
1.001 	29.976875
1.002 	29.831183
1.003 	27.808456
1.004 	27.948160
1.005 	31.108342
1.006 	33.919242
1.007 	33.724398
1.008 	30.938969
1.009 	29.284926
1.010 	30.654188
1.011 	31.849341
1.012 	30.921302
1.013 	31.814153
1.014 	30.978772
1.015 	29.442715
1.016 	30.034991
1.017 	31.648652
1.018 	32.804801
1.019 	31.685056
1.020 	31.029029
1.021 	32.832889
1.022 	34.567198
1.023 	33.638898
1.024 	31.331753
1.025 	32.163404
1.026 	33.586765
1.027 	32.070357
1.028 	32.047636
1.029 	32.426118
1.030 	31.874144
1.031 	30.905778
1.032 	28.721933
1.033 	29.355271
1.034 	31.308733
1.035 	32.367446
1.036 	32.434292
1.037 	31.291512
1.038 	31.529727
1.039 	33.515263
1.040 	34.930693
1.041 	35.304401
1.042 	34.541220
1.043 	32.657406
1.044 	29.391067
1.045 	27.345430
1.046 	29.548547
1.047 	32.596643
1.048 	34.193586
1.049 	34.379079
1.050 	34.294045
1.051 	33.181501
1.052 	31.727514
1.053 	31.618984
1.054 	31.380369
1.055 	30.132586
1.056 	30.192230
1.057 	32.985370
1.058 	35.460837
1.059 	34.886186
1.060 	32.583601
1.061 	32.989480
1.062 	33.973934
1.063 	32.785380
1.064 	31.087441
1.065 	31.493838
1.066 	33.155814
1.067 	32.929385
1.068 	31.801857
1.069 	30.520104
1.070 	29.646420
1.071 	30.721636
1.072 	33.221380
1.073 	33.510809
1.074 	32.124805
1.075 	30.289377
1.076 	31.004392
1.077 	33.489006
1.078 	33.359426
1.079 	31.304415
1.080 	30.776997
1.081 	31.879873
1.082 	32.478151
1.083 	32.673748
1.084 	32.266807
1.085 	31.585838
1.086 	32.915825
1.087 	34.866521
1.088 	34.599926
1.089 	33.451003
1.090 	33.038482
1.091 	32.801944
1.092 	31.723634
1.093 	31.078264
1.094 	32.430962
1.095 	33.901717
1.096 	33.468472
1.097 	32.384081
1.098 	31.509927
1.099 	30.716212
1.100 	31.970683
1.101 	34.294800
1.102 	33.608373
1.103 	30.848421
1.104 	30.123792
1.105 	31.129903
1.106 	32.233808
1.107 	32.587183
1.108 	32.546527
1.109 	33.384032
1.110 	34.259369
1.111 	34.307534
1.112 	33.680101
1.113 	33.041362
1.114 	32.642558
1.115 	31.712906
1.116 	31.039150
1.117 	31.841146
1.118 	32.794439
1.119 	32.308584
1.120 	30.933896
1.121 	29.549897
1.122 	28.806563
1.123 	29.154561
1.124 	30.893457
1.125 	32.623989
1.126 	32.818411
1.127 	30.943116
1.128 	28.442637
1.129 	27.487847
1.130 	27.651428
1.131 	27.927105
1.132 	28.741202
1.133 	30.010874
1.134 	31.441768
1.135 	32.266385
1.136 	31.906970
1.137 	31.543432
1.138 	31.287919
1.139 	30.132704
1.140 	29.301039
1.141 	29.793046
1.142 	29.642868
1.143 	28.269028
1.144 	27.817871
1.145 	28.386422
1.146 	28.022205
1.147 	26.453069
1.148 	24.671928
1.149 	23.834006
1.150 	25.095134
1.151 	27.866013
1.152 	29.447063
1.153 	29.020737
1.154 	27.646328
1.155 	26.471551
1.156 	26.603222
1.157 	26.888377
1.158 	26.774551
1.159 	27.613192
1.160 	28.696446
1.161 	28.152074
1.162 	26.422251
1.163 	26.002757
1.164 	27.659151
1.165 	28.784508
1.166 	27.395091
1.167 	25.074116
1.168 	24.072534
1.169 	23.982507
1.170 	24.705254
1.171 	26.579030
1.172 	27.290233
1.173 	25.774895
1.174 	24.671327
1.175 	24.888383
1.176 	24.862418
1.177 	25.168481
1.178 	26.528815
1.179 	27.369106
1.180 	27.223231
1.181 	26.764363
1.182 	26.309883
1.183 	25.849891
1.184 	25.360810
1.185 	25.470226
1.186 	26.465264
1.187 	27.595839
1.188 	27.651290
1.189 	26.147798
1.190 	24.678221
1.191 	24.072429
1.192 	24.893419
1.193 	26.467958
1.194 	26.437946
1.195 	25.242942
1.196 	24.812378
1.197 	25.219596
1.198 	25.105630
1.199 	24.613640
1.200 	24.551097
1.201 	24.852375
1.202 	25.232926
1.203 	25.583051
1.204 	26.143369
1.205 	26.936590
1.206 	26.937520
1.207 	25.518979
1.208 	24.139199
1.209 	23.597479
1.210 	23.546690
1.211 	24.420998
1.212 	25.878427
1.213 	26.075863
1.214 	25.201435
1.215 	25.240156
1.216 	26.840235
1.217 	28.871643
1.218 	29.217600
1.219 	27.174357
1.220 	24.929560
1.221 	24.601087
1.222 	25.701266
1.223 	26.739606
1.224 	27.693474
1.225 	28.175677
1.226 	27.134625
1.227 	24.949152
1.228 	23.864228
1.229 	24.373955
1.230 	24.920253
1.231 	25.390423
1.232 	26.061124
1.233 	26.523740
1.234 	26.011579
1.235 	25.512208
1.236 	25.889015
1.237 	26.539150
1.238 	26.909290
1.239 	27.055925
1.240 	26.547774
1.241 	25.451018
1.242 	25.304788
1.243 	26.285941
1.244 	26.966193
1.245 	26.432133
1.246 	25.471804
1.247 	24.994050
1.248 	25.167880
1.249 	25.716620
1.250 	26.317696
1.251 	26.392870
1.252 	25.614197
1.253 	25.202843
1.254 	26.023558
1.255 	26.864484
1.256 	26.965446
1.257 	27.437561
1.258 	28.110882
1.259 	27.685533
1.260 	26.665624
1.261 	25.597962
1.262 	24.808992
1.263 	25.836232
1.264 	27.858976
1.265 	28.491653
1.266 	27.280285
1.267 	25.868653
1.268 	24.850482
1.269 	24.553042
1.270 	25.426436
1.271 	26.108261
1.272 	26.218582
1.273 	27.090574
1.274 	27.242763
1.275 	25.963759
1.276 	26.183255
1.277 	27.959211
1.278 	28.412326
1.279 	26.560817
1.280 	24.142881
1.281 	23.933633
1.282 	25.483528
1.283 	26.836774
1.284 	27.288641
1.285 	27.130686
1.286 	26.232718
1.287 	24.490865
1.288 	23.277801
1.289 	24.702717
1.290 	27.551317
1.291 	27.902486
1.292 	26.082906
1.293 	23.671049
1.294 	21.766558
1.295 	22.385923
1.296 	25.478412
1.297 	28.025389
1.298 	28.267960
1.299 	26.455447
1.300 	24.173698
1.301 	22.919395
1.302 	22.669796
1.303 	24.170000
1.304 	26.523044
1.305 	28.248082
1.306 	28.629700
1.307 	26.825050
1.308 	22.840213
1.309 	20.124001
1.310 	20.757080
1.311 	24.124482
1.312 	27.680517
1.313 	29.132858
1.314 	28.828210
1.315 	28.678347
1.316 	28.157957
1.317 	25.780154
1.318 	23.163378
1.319 	22.875798
1.320 	24.348596
1.321 	25.297916
1.322 	25.744525
1.323 	26.245102
1.324 	25.831171
1.325 	23.753081
1.326 	20.644885
1.327 	18.563677
1.328 	19.156060
1.329 	21.319765
1.330 	23.564381
1.331 	24.963454
1.332 	24.869849
1.333 	22.705181
1.334 	20.087713
1.335 	18.274542
1.336 	18.444217
1.337 	20.821427
1.338 	22.728078
1.339 	22.836840
1.340 	22.763897
1.341 	23.541796
1.342 	23.463084
1.343 	21.971714
1.344 	21.287142
1.345 	21.618491
1.346 	21.952769
1.347 	21.801623
1.348 	21.477351
1.349 	21.839196
1.350 	23.198357
1.351 	24.124565
1.352 	23.650050
1.353 	21.644446
1.354 	18.277443
1.355 	15.992423
1.356 	16.591220
1.357 	17.762531
1.358 	17.110787
1.359 	16.188433
1.360 	18.304940
1.361 	22.058639
1.362 	24.297477
1.363 	23.917748
1.364 	22.138006
1.365 	20.170617
1.366 	18.782287
1.367 	18.316677
1.368 	18.766967
1.369 	20.311872
1.370 	22.078761
1.371 	21.977182
1.372 	19.743274
1.373 	17.894463
1.374 	17.442398
1.375 	17.494509
1.376 	18.219434
1.377 	20.796573
1.378 	22.901881
1.379 	20.994731
1.380 	15.759264
1.381 	12.574913
1.382 	14.310765
1.383 	16.223011
1.384 	16.490495
1.385 	17.301794
1.386 	17.115983
1.387 	14.960853
1.388 	13.050484
1.389 	13.151059
1.390 	14.531181
1.391 	14.834603
1.392 	13.818491
1.393 	14.337051
1.394 	17.418229
1.395 	19.967286
1.396 	18.861062
1.397 	15.712891
1.398 	14.257008
1.399 	15.477434
1.400 	17.440425
1.401 	17.327895
1.402 	15.098525
1.403 	12.835982
1.404 	11.875902
1.405 	12.136526
1.406 	11.743874
1.407 	10.792588
1.408 	11.050622
1.409 	12.760455
1.410 	14.533917
1.411 	14.370393
1.412 	12.697609
1.413 	12.947350
1.414 	15.124671
1.415 	15.879537
1.416 	14.855506
1.417 	13.581325
1.418 	12.526358
1.419 	12.869618
1.420 	12.642211
1.421 	10.596033
1.422 	9.497830
1.423 	11.018189
1.424 	12.146442
1.425 	11.462058
1.426 	12.278644
1.427 	14.315169
1.428 	14.518857
1.429 	12.937152
1.430 	12.247292
1.431 	13.105155
1.432 	14.921449
1.433 	16.608852
1.434 	16.551090
1.435 	15.033570
1.436 	13.397611
1.437 	13.322806
1.438 	14.391476
1.439 	14.177864
1.440 	13.382607
1.441 	14.374634
1.442 	16.293081
1.443 	15.672365
1.444 	12.438793
1.445 	11.039930
1.446 	11.501779
1.447 	11.372653
1.448 	12.534360
1.449 	14.990173
1.450 	15.772841
1.451 	14.514167
1.452 	13.452350
1.453 	12.399364
1.454 	9.978701
1.455 	7.584481
1.456 	7.501383
1.457 	10.288183
1.458 	13.725151
1.459 	16.352108
1.460 	17.031534
1.461 	14.785676
1.462 	13.165748
1.463 	14.933649
1.464 	15.540308
1.465 	13.196404
1.466 	10.400275
1.467 	9.818968
1.468 	10.933724
1.469 	12.263872
1.470 	13.876783
1.471 	16.622622
1.472 	18.542947
1.473 	16.798496
1.474 	14.650766
1.475 	14.438409
1.476 	12.890736
1.477 	10.868652
1.478 	12.346416
1.479 	13.947926
1.480 	13.838181
1.481 	13.729140
1.482 	14.432238
1.483 	15.207559
1.484 	15.855796
1.485 	14.909819
1.486 	13.333413
1.487 	12.283321
1.488 	11.054414
1.489 	12.981983
1.490 	16.680259
1.491 	15.976098
1.492 	10.833349
1.493 	7.099814
1.494 	9.594024
1.495 	13.849571
1.496 	14.700632
1.497 	12.804590
1.498 	12.764591
1.499 	14.918385
1.500 	16.734268
1.501 	17.289320
1.502 	15.362550
1.503 	13.220442
1.504 	15.205666
1.505 	18.519239
1.506 	19.043664
1.507 	16.085727
1.508 	10.762163
1.509 	4.941927
1.510 	4.056015
1.511 	8.385219
1.512 	14.030986
1.513 	19.190502
1.514 	19.908487
1.515 	15.853411
1.516 	11.397854
1.517 	10.379514
1.518 	12.550426
1.519 	14.072822
1.520 	12.544425
1.521 	12.429235
1.522 	15.621593
1.523 	14.604600
1.524 	10.052673
1.525 	8.923738
1.526 	10.149863
1.527 	13.264292
1.528 	16.898789
1.529 	17.177360
1.530 	15.912630
1.531 	15.523428
1.532 	14.283396
1.533 	15.474831
1.534 	18.539747
1.535 	17.399514
1.536 	15.510089
1.537 	14.222816
1.538 	14.025418
1.539 	15.743557
1.540 	16.425579
1.541 	16.933392
1.542 	17.828035
1.543 	14.927516
1.544 	10.128871
1.545 	9.692555
1.546 	12.272988
1.547 	14.898735
1.548 	17.383807
1.549 	18.759215
1.550 	16.975190
1.551 	14.785065
1.552 	14.407286
1.553 	15.586833
1.554 	16.255695
1.555 	13.404752
1.556 	8.425246
1.557 	8.963659
1.558 	13.213752
1.559 	15.344372
1.560 	17.335722
1.561 	18.549255
1.562 	17.010733
1.563 	13.273790
1.564 	12.965368
1.565 	18.418134
1.566 	20.824419
1.567 	19.550880
1.568 	18.713783
1.569 	16.853696
1.570 	13.615396
1.571 	13.887818
1.572 	15.850520
1.573 	17.389599
1.574 	17.636634
1.575 	13.546210
1.576 	13.493116
1.577 	18.257177
1.578 	20.111689
1.579 	19.981540
1.580 	18.724560
1.581 	17.909660
1.582 	18.354834
1.583 	17.677624
1.584 	15.056027
1.585 	15.673782
1.586 	14.180952
1.587 	11.308513
1.588 	13.618564
1.589 	16.258795
1.590 	17.041190
1.591 	17.162413
1.592 	15.510239
1.593 	14.582710
1.594 	16.544868
1.595 	19.725133
1.596 	19.388925
1.597 	15.491820
1.598 	12.633392
1.599 	15.114548
1.600 	17.984768
1.601 	19.929486
1.602 	19.161745
1.603 	16.750408
1.604 	15.984701
1.605 	16.341739
1.606 	16.393004
1.607 	13.763395
1.608 	15.068599
1.609 	18.482394
1.610 	21.687751
1.611 	18.701942
1.612 	11.857868
1.613 	10.250300
1.614 	16.176220
1.615 	20.677351
1.616 	18.958340
1.617 	14.379917
1.618 	11.400671
1.619 	14.935308
1.620 	17.905309
1.621 	19.847176
1.622 	21.362737
1.623 	20.672429
1.624 	17.547822
1.625 	13.424110
1.626 	14.481598
1.627 	21.158306
1.628 	17.367460
1.629 	14.986780
1.630 	15.871277
1.631 	17.098911
1.632 	15.192925
1.633 	12.848082
1.634 	14.377601
1.635 	16.892589
1.636 	21.786430
1.637 	23.540480
1.638 	17.957129
1.639 	14.559288
1.640 	13.055006
1.641 	11.435863
1.642 	14.876385
1.643 	16.475649
1.644 	16.794025
1.645 	13.494370
1.646 	13.229975
1.647 	19.927883
1.648 	23.084677
1.649 	24.932384
1.650 	20.751938
1.651 	19.030870
1.652 	22.204520
1.653 	22.296344
1.654 	19.337635
1.655 	17.250589
1.656 	18.743719
1.657 	14.746931
1.658 	10.920084
1.659 	18.527316
1.660 	16.426273
1.661 	10.462769
1.662 	17.710199
1.663 	30.623619
1.664 	27.206711
1.665 	18.729086
1.666 	17.252723
1.667 	15.154539
1.668 	14.414561
1.669 	23.111117
1.670 	21.870941
1.671 	15.667658
1.672 	10.116071
1.673 	12.884078
1.674 	22.200413
1.675 	18.848623
1.676 	25.442519
1.677 	23.782306
1.678 	9.254465
1.679 	17.894601
1.680 	39.450333
1.681 	22.191293
1.682 	-0.700655
1.683 	7.857029
1.684 	15.092088
1.685 	20.431267
1.686 	18.373763
1.687 	19.843404
1.688 	42.167873
1.689 	25.247150
1.690 	14.378977
1.691 	20.299031
1.692 	7.799512
1.693 	3.736943
1.694 	-5.192704
1.695 	17.728790
1.696 	-7.399995
1.697 	35.989512
1.698 	42.308521
1.699 	2.988856
1.700 	0.468806
