0.660 	32.366222
0.661 	30.871033
0.662 	29.499614
0.663 	28.429844
0.664 	27.107353
0.665 	27.032445
0.666 	28.310192
0.667 	29.145116
0.668 	29.162862
0.669 	29.469353
0.670 	29.725748
0.671 	28.922471
0.672 	30.374613
0.673 	30.150969
0.674 	29.986126
0.675 	29.117132
0.676 	30.514262
0.677 	30.341768
0.678 	30.318130
0.679 	30.436576
0.680 	32.081546
0.681 	29.776933
0.682 	27.695115
0.683 	28.727659
0.684 	30.541573
0.685 	29.066092
0.686 	28.184270
0.687 	30.560055
0.688 	30.596597
0.689 	27.864888
0.690 	28.423368
0.691 	29.185738
0.692 	28.265033
0.693 	28.330849
0.694 	29.728203
0.695 	29.682534
0.696 	28.667393
0.697 	30.685791
0.698 	30.450795
0.699 	27.996309
0.700 	27.318044
0.701 	28.098726
0.702 	28.818388
0.703 	29.227301
0.704 	29.840698
0.705 	29.552683
0.706 	27.947502
0.707 	26.231859
0.708 	26.402888
0.709 	27.240044
0.710 	30.119228
0.711 	29.642351
0.712 	27.689535
0.713 	27.968962
0.714 	28.499422
0.715 	28.987417
0.716 	29.652904
0.717 	29.213228
0.718 	27.770452
0.719 	27.924741
0.720 	29.346797
0.721 	30.144409
0.722 	28.646323
0.723 	26.875458
0.724 	26.942029
0.725 	27.717780
0.726 	27.659894
0.727 	28.321767
0.728 	30.221249
0.729 	30.249237
0.730 	29.104923
0.731 	28.659538
0.732 	28.823472
0.733 	28.316783
0.734 	27.440647
0.735 	26.612048
0.736 	27.082476
0.737 	27.877189
0.738 	26.934615
0.739 	25.594314
0.740 	26.234548
0.741 	27.117390
0.742 	27.224203
0.743 	27.201622
0.744 	26.530657
0.745 	26.807486
0.746 	27.708902
0.747 	27.974497
0.748 	27.713101
0.749 	27.220325
0.750 	26.939828
0.751 	26.231980
0.752 	26.307987
0.753 	28.077115
0.754 	28.919824
0.755 	27.696447
0.756 	26.808766
0.757 	27.108655
0.758 	27.028332
0.759 	26.161759
0.760 	25.282709
0.761 	26.049651
0.762 	27.985472
0.763 	28.720867
0.764 	28.222703
0.765 	27.069115
0.766 	26.168550
0.767 	25.819781
0.768 	25.849493
0.769 	26.343779
0.770 	27.260203
0.771 	28.488253
0.772 	28.463551
0.773 	26.884796
0.774 	26.133690
0.775 	26.060431
0.776 	25.586089
0.777 	25.649431
0.778 	26.568894
0.779 	27.364494
0.780 	27.437421
0.781 	27.459590
0.782 	27.061696
0.783 	26.032550
0.784 	24.952894
0.785 	24.679266
0.786 	25.804230
0.787 	26.932066
0.788 	27.325599
0.789 	27.046297
0.790 	26.409350
0.791 	25.884921
0.792 	25.309128
0.793 	25.348807
0.794 	25.536025
0.795 	25.566527
0.796 	26.354394
0.797 	26.731436
0.798 	26.241188
0.799 	25.746757
0.800 	25.230768
0.801 	25.086785
0.802 	25.748900
0.803 	26.653074
0.804 	26.600280
0.805 	25.316229
0.806 	24.302722
0.807 	24.774346
0.808 	26.086358
0.809 	26.178469
0.810 	24.854785
0.811 	24.158764
0.812 	24.991444
0.813 	26.288681
0.814 	26.383728
0.815 	25.728917
0.816 	25.594347
0.817 	25.558343
0.818 	24.814394
0.819 	23.702194
0.820 	23.310808
0.821 	23.721521
0.822 	24.515298
0.823 	24.978707
0.824 	24.665140
0.825 	24.174915
0.826 	24.657656
0.827 	25.548283
0.828 	25.680070
0.829 	25.368631
0.830 	25.158264
0.831 	24.717857
0.832 	24.032215
0.833 	23.928820
0.834 	24.746942
0.835 	25.418410
0.836 	25.200411
0.837 	24.617509
0.838 	24.392646
0.839 	24.332333
0.840 	24.261467
0.841 	24.619405
0.842 	24.966511
0.843 	24.732543
0.844 	24.501099
0.845 	24.630183
0.846 	24.658999
0.847 	24.675322
0.848 	24.856733
0.849 	25.308014
0.850 	25.923760
0.851 	25.859405
0.852 	24.828580
0.853 	23.744718
0.854 	23.108931
0.855 	22.929833
0.856 	22.903154
0.857 	23.226306
0.858 	23.799359
0.859 	24.125651
0.860 	24.038409
0.861 	23.791942
0.862 	23.831453
0.863 	24.115263
0.864 	24.337220
0.865 	24.356852
0.866 	24.125230
0.867 	23.822912
0.868 	23.902540
0.869 	24.139144
0.870 	23.983377
0.871 	23.733166
0.872 	23.935010
0.873 	24.222221
0.874 	24.292909
0.875 	24.362054
0.876 	24.009198
0.877 	23.279489
0.878 	23.391064
0.879 	24.442619
0.880 	24.931404
0.881 	24.237528
0.882 	23.338910
0.883 	22.964818
0.884 	22.950039
0.885 	23.072879
0.886 	23.178028
0.887 	23.277406
0.888 	23.314319
0.889 	23.378741
0.890 	23.492206
0.891 	23.470466
0.892 	23.170961
0.893 	22.926084
0.894 	23.122467
0.895 	23.281840
0.896 	23.184706
0.897 	23.221160
0.898 	23.316899
0.899 	23.026027
0.900 	22.256238
0.901 	21.991171
0.902 	22.776417
0.903 	23.708072
0.904 	23.615800
0.905 	22.750541
0.906 	22.385233
0.907 	22.883872
0.908 	23.533594
0.909 	23.534873
0.910 	23.151533
0.911 	22.845654
0.912 	22.620476
0.913 	22.349320
0.914 	22.231056
0.915 	22.583020
0.916 	23.017171
0.917 	23.136851
0.918 	22.849978
0.919 	22.326709
0.920 	22.124698
0.921 	22.520097
0.922 	22.942011
0.923 	23.002849
0.924 	22.553921
0.925 	21.898155
0.926 	21.823249
0.927 	22.387048
0.928 	22.671554
0.929 	22.447493
0.930 	22.019995
0.931 	21.591279
0.932 	21.450386
0.933 	21.352087
0.934 	21.051815
0.935 	21.280991
0.936 	21.934660
0.937 	21.635537
0.938 	20.659042
0.939 	20.572610
0.940 	21.094190
0.941 	20.920086
0.942 	20.094949
0.943 	19.534018
0.944 	20.001285
0.945 	20.894305
0.946 	21.229268
0.947 	20.563382
0.948 	20.253820
0.949 	20.538784
0.950 	20.709090
0.951 	20.589901
0.952 	20.096226
0.953 	19.746660
0.954 	20.148674
0.955 	20.839866
0.956 	20.872304
0.957 	20.655211
0.958 	20.636681
0.959 	20.618700
0.960 	20.568923
0.961 	20.711399
0.962 	20.636694
0.963 	20.417696
0.964 	20.297140
0.965 	20.033399
0.966 	19.890367
0.967 	20.270828
0.968 	20.417302
0.969 	20.342226
0.970 	20.653025
0.971 	21.054816
0.972 	21.197984
0.973 	20.938135
0.974 	20.277793
0.975 	19.942657
0.976 	20.355968
0.977 	21.389572
0.978 	21.909899
0.979 	21.508099
0.980 	20.850450
0.981 	20.269834
0.982 	20.056343
0.983 	20.543416
0.984 	20.432017
0.985 	20.118116
0.986 	20.407317
0.987 	20.641416
0.988 	20.799625
0.989 	20.869833
0.990 	20.676945
0.991 	20.842025
0.992 	21.036032
0.993 	21.169051
0.994 	21.751859
0.995 	21.696388
0.996 	21.080762
0.997 	20.983747
0.998 	20.707262
0.999 	20.513052
1.000 	21.041580
1.001 	21.470738
1.002 	21.180441
1.003 	20.859388
1.004 	20.877775
1.005 	21.456078
1.006 	21.779096
1.007 	21.172517
1.008 	20.780242
1.009 	20.526231
1.010 	20.362011
1.011 	20.381902
1.012 	20.573476
1.013 	21.154295
1.014 	21.545258
1.015 	21.593341
1.016 	21.811994
1.017 	21.740235
1.018 	20.987385
1.019 	20.274626
1.020 	20.537123
1.021 	21.606556
1.022 	22.354055
1.023 	22.509066
1.024 	22.012186
1.025 	21.336960
1.026 	21.232706
1.027 	21.694610
1.028 	22.242549
1.029 	22.316502
1.030 	21.676133
1.031 	20.824571
1.032 	20.730392
1.033 	21.413651
1.034 	22.299087
1.035 	22.693645
1.036 	22.532702
1.037 	22.316303
1.038 	22.289417
1.039 	22.135436
1.040 	21.889574
1.041 	21.656472
1.042 	21.173589
1.043 	20.946925
1.044 	21.225811
1.045 	21.660026
1.046 	22.016126
1.047 	21.999720
1.048 	21.723843
1.049 	21.775134
1.050 	22.333041
1.051 	22.640472
1.052 	22.153069
1.053 	21.486178
1.054 	21.398115
1.055 	21.527793
1.056 	21.758770
1.057 	22.602756
1.058 	23.228406
1.059 	22.670370
1.060 	21.965492
1.061 	21.836754
1.062 	21.799168
1.063 	21.808494
1.064 	21.884097
1.065 	22.049750
1.066 	22.425714
1.067 	22.103285
1.068 	21.020600
1.069 	20.564268
1.070 	21.195798
1.071 	22.243367
1.072 	22.680235
1.073 	22.140155
1.074 	21.714695
1.075 	22.118508
1.076 	22.684396
1.077 	22.559139
1.078 	21.982257
1.079 	21.679121
1.080 	22.085282
1.081 	22.680357
1.082 	22.247694
1.083 	21.204738
1.084 	20.692218
1.085 	20.837852
1.086 	21.368623
1.087 	22.052455
1.088 	22.507774
1.089 	22.381880
1.090 	21.696679
1.091 	21.059232
1.092 	21.140068
1.093 	21.547555
1.094 	21.452351
1.095 	20.810941
1.096 	20.561062
1.097 	21.230579
1.098 	21.970615
1.099 	22.190991
1.100 	22.102249
1.101 	21.784838
1.102 	21.411386
1.103 	21.281903
1.104 	21.327154
1.105 	21.387258
1.106 	21.292462
1.107 	21.153473
1.108 	21.020756
1.109 	20.412703
1.110 	19.735114
1.111 	19.790930
1.112 	20.337596
1.113 	20.812407
1.114 	20.749707
1.115 	20.001478
1.116 	19.269713
1.117 	18.842592
1.118 	18.806808
1.119 	19.257204
1.120 	19.620649
1.121 	19.553291
1.122 	19.078035
1.123 	18.585454
1.124 	18.552942
1.125 	18.770524
1.126 	18.796464
1.127 	18.389822
1.128 	17.676874
1.129 	16.933609
1.130 	16.643114
1.131 	16.804440
1.132 	16.911053
1.133 	16.864327
1.134 	16.711096
1.135 	16.759883
1.136 	17.242141
1.137 	17.686380
1.138 	17.609690
1.139 	17.300254
1.140 	17.359111
1.141 	17.276203
1.142 	16.215661
1.143 	14.958365
1.144 	14.473691
1.145 	14.679111
1.146 	15.196679
1.147 	15.263709
1.148 	14.920215
1.149 	15.145208
1.150 	16.058436
1.151 	16.612389
1.152 	16.091253
1.153 	15.595382
1.154 	15.874343
1.155 	16.285695
1.156 	16.205845
1.157 	15.709592
1.158 	15.223395
1.159 	15.358770
1.160 	15.779962
1.161 	15.663268
1.162 	15.356667
1.163 	15.418812
1.164 	15.613900
1.165 	15.585109
1.166 	15.498187
1.167 	15.504449
1.168 	15.383214
1.169 	15.280706
1.170 	15.583526
1.171 	15.827889
1.172 	15.588369
1.173 	15.423451
1.174 	15.643375
1.175 	15.778449
1.176 	15.621529
1.177 	15.607685
1.178 	15.550702
1.179 	15.214168
1.180 	15.103641
1.181 	15.255920
1.182 	15.297693
1.183 	15.135172
1.184 	14.885851
1.185 	14.502980
1.186 	14.248142
1.187 	14.585713
1.188 	15.186620
1.189 	15.410701
1.190 	15.074705
1.191 	14.953917
1.192 	15.324825
1.193 	15.636060
1.194 	15.706989
1.195 	15.863247
1.196 	16.152972
1.197 	16.019103
1.198 	15.203309
1.199 	14.512696
1.200 	14.656807
1.201 	15.158697
1.202 	15.202655
1.203 	15.126670
1.204 	15.613871
1.205 	16.405731
1.206 	16.608896
1.207 	16.127350
1.208 	15.885948
1.209 	16.215260
1.210 	16.456462
1.211 	16.352172
1.212 	16.318790
1.213 	16.330167
1.214 	16.218015
1.215 	16.290120
1.216 	16.573277
1.217 	16.567870
1.218 	16.086814
1.219 	15.436402
1.220 	15.018994
1.221 	15.130059
1.222 	15.804278
1.223 	16.316147
1.224 	16.233281
1.225 	16.007075
1.226 	16.168027
1.227 	16.341951
1.228 	16.260878
1.229 	16.326358
1.230 	16.578223
1.231 	16.865643
1.232 	16.976033
1.233 	16.774592
1.234 	16.408333
1.235 	16.061397
1.236 	15.697160
1.237 	15.370282
1.238 	15.336833
1.239 	15.612650
1.240 	16.005476
1.241 	16.436538
1.242 	16.921373
1.243 	17.520551
1.244 	18.147846
1.245 	18.302200
1.246 	17.827245
1.247 	17.359961
1.248 	17.078198
1.249 	16.643735
1.250 	16.261813
1.251 	16.334605
1.252 	16.710759
1.253 	16.957390
1.254 	16.719819
1.255 	16.076610
1.256 	15.848934
1.257 	16.257572
1.258 	16.617530
1.259 	16.460488
1.260 	16.299247
1.261 	16.174758
1.262 	15.657465
1.263 	15.126620
1.264 	15.220885
1.265 	15.821550
1.266 	16.397203
1.267 	16.897947
1.268 	17.331999
1.269 	17.463646
1.270 	17.233131
1.271 	16.812142
1.272 	16.302934
1.273 	15.878178
1.274 	15.672006
1.275 	15.615197
1.276 	15.737294
1.277 	15.852269
1.278 	15.729770
1.279 	15.475218
1.280 	15.302306
1.281 	15.500835
1.282 	15.858026
1.283 	16.387204
1.284 	17.095716
1.285 	17.439282
1.286 	17.148662
1.287 	16.282912
1.288 	15.219728
1.289 	14.526534
1.290 	14.483358
1.291 	14.582668
1.292 	14.339954
1.293 	13.758619
1.294 	13.499310
1.295 	13.971629
1.296 	14.823527
1.297 	15.356797
1.298 	15.702316
1.299 	16.040710
1.300 	15.707772
1.301 	14.779079
1.302 	14.302061
1.303 	14.657755
1.304 	14.766194
1.305 	14.205331
1.306 	13.658137
1.307 	13.937944
1.308 	14.903196
1.309 	15.222883
1.310 	14.263957
1.311 	13.028413
1.312 	13.089317
1.313 	13.943492
1.314 	14.380095
1.315 	14.047690
1.316 	13.474464
1.317 	13.054151
1.318 	13.173099
1.319 	13.642296
1.320 	13.488432
1.321 	12.381285
1.322 	11.598555
1.323 	11.835538
1.324 	12.692978
1.325 	13.669706
1.326 	14.138062
1.327 	13.619868
1.328 	12.905373
1.329 	12.780601
1.330 	12.648150
1.331 	11.977351
1.332 	11.159464
1.333 	10.679768
1.334 	10.836611
1.335 	10.907221
1.336 	10.571622
1.337 	10.714988
1.338 	11.459215
1.339 	11.974273
1.340 	11.672798
1.341 	10.927857
1.342 	10.131096
1.343 	9.830358
1.344 	9.969973
1.345 	10.283433
1.346 	10.718584
1.347 	11.252663
1.348 	11.674022
1.349 	11.589452
1.350 	10.912077
1.351 	9.882553
1.352 	9.570895
1.353 	10.028875
1.354 	10.711305
1.355 	11.052706
1.356 	10.686724
1.357 	10.033184
1.358 	9.440509
1.359 	8.872428
1.360 	8.716438
1.361 	9.089904
1.362 	9.711539
1.363 	10.100761
1.364 	9.548021
1.365 	9.127860
1.366 	9.680565
1.367 	10.216063
1.368 	9.679496
1.369 	8.820583
1.370 	8.943292
1.371 	9.501987
1.372 	9.511054
1.373 	9.162766
1.374 	9.093441
1.375 	9.297701
1.376 	9.370909
1.377 	8.785973
1.378 	7.493882
1.379 	6.248890
1.380 	5.754676
1.381 	6.049063
1.382 	6.256088
1.383 	5.871787
1.384 	5.328411
1.385 	5.431471
1.386 	6.031881
1.387 	6.531465
1.388 	7.053430
1.389 	7.428354
1.390 	7.289457
1.391 	7.050612
1.392 	6.681066
1.393 	6.074997
1.394 	5.428046
1.395 	4.863448
1.396 	4.805553
1.397 	5.233753
1.398 	5.974710
1.399 	6.617688
1.400 	6.399043
1.401 	5.673417
1.402 	5.722117
1.403 	6.527219
1.404 	7.259179
1.405 	6.898393
1.406 	5.129050
1.407 	3.777814
1.408 	3.955237
1.409 	4.027747
1.410 	3.037444
1.411 	2.809210
1.412 	4.463316
1.413 	6.068749
1.414 	6.496061
1.415 	6.147086
1.416 	6.058744
1.417 	6.314287
1.418 	6.260248
1.419 	6.061979
1.420 	6.563288
1.421 	6.889298
1.422 	6.116770
1.423 	4.604015
1.424 	3.369908
1.425 	3.144824
1.426 	3.817707
1.427 	4.584914
1.428 	5.507803
1.429 	6.529191
1.430 	6.380061
1.431 	5.488783
1.432 	5.339674
1.433 	5.479254
1.434 	5.668522
1.435 	6.250061
1.436 	6.634053
1.437 	6.462124
1.438 	5.785105
1.439 	4.807661
1.440 	3.955595
1.441 	4.307891
1.442 	5.852770
1.443 	6.589826
1.444 	6.128064
1.445 	6.056240
1.446 	6.289583
1.447 	5.767437
1.448 	4.970925
1.449 	4.679477
1.450 	4.495950
1.451 	4.233965
1.452 	4.355349
1.453 	4.368004
1.454 	3.641596
1.455 	3.069344
1.456 	3.223054
1.457 	3.534711
1.458 	4.497977
1.459 	5.985343
1.460 	6.983194
1.461 	7.238288
1.462 	6.990844
1.463 	6.431727
1.464 	5.887646
1.465 	5.703592
1.466 	5.434367
1.467 	4.409181
1.468 	3.581536
1.469 	3.490400
1.470 	3.786802
1.471 	4.728270
1.472 	6.116589
1.473 	6.589080
1.474 	5.842875
1.475 	4.985133
1.476 	4.716275
1.477 	4.933115
1.478 	5.310512
1.479 	5.582933
1.480 	5.807163
1.481 	6.092073
1.482 	5.951116
1.483 	5.721806
1.484 	5.201878
1.485 	3.382755
1.486 	1.941500
1.487 	2.597001
1.488 	3.956117
1.489 	4.834671
1.490 	5.739273
1.491 	6.237767
1.492 	5.796437
1.493 	5.654300
1.494 	6.114102
1.495 	6.311834
1.496 	5.738886
1.497 	5.192311
1.498 	5.515906
1.499 	6.188338
1.500 	6.251091
1.501 	6.044791
1.502 	6.199641
1.503 	6.386319
1.504 	5.980004
1.505 	5.488249
1.506 	5.409277
1.507 	5.333612
1.508 	5.748364
1.509 	6.315648
1.510 	5.905839
1.511 	5.495718
1.512 	5.668484
1.513 	5.624032
1.514 	5.388074
1.515 	5.520576
1.516 	5.945436
1.517 	6.058305
1.518 	5.495021
1.519 	4.812278
1.520 	4.914830
1.521 	5.258804
1.522 	5.109526
1.523 	5.194746
1.524 	6.124848
1.525 	7.029614
1.526 	7.509625
1.527 	7.141192
1.528 	6.291125
1.529 	5.767984
1.530 	5.589518
1.531 	5.597482
1.532 	6.337256
1.533 	7.683420
1.534 	8.225778
1.535 	6.997525
1.536 	4.847205
1.537 	3.728806
1.538 	4.556666
1.539 	5.949445
1.540 	7.242544
1.541 	8.231550
1.542 	8.640375
1.543 	8.639532
1.544 	8.645913
1.545 	8.323857
1.546 	7.376238
1.547 	6.533332
1.548 	5.540414
1.549 	4.483727
1.550 	4.034702
1.551 	5.114873
1.552 	6.229490
1.553 	6.455617
1.554 	6.826641
1.555 	6.689316
1.556 	7.281030
1.557 	8.400202
1.558 	8.087326
1.559 	7.841760
1.560 	7.167355
1.561 	5.776985
1.562 	4.978890
1.563 	5.499017
1.564 	7.857028
1.565 	9.020009
1.566 	7.176028
1.567 	6.106003
1.568 	7.147221
1.569 	7.545912
1.570 	7.155339
1.571 	6.846769
1.572 	6.259999
1.573 	6.027564
1.574 	6.017366
1.575 	7.075102
1.576 	10.010547
1.577 	11.148453
1.578 	9.236303
1.579 	7.277049
1.580 	6.514348
1.581 	6.318761
1.582 	6.039881
1.583 	6.281011
1.584 	7.011676
1.585 	6.957177
1.586 	7.245497
1.587 	7.517099
1.588 	7.015578
1.589 	6.373945
1.590 	5.696691
1.591 	5.910836
1.592 	7.269574
1.593 	8.708022
1.594 	9.945245
1.595 	9.660002
1.596 	8.563697
1.597 	8.170794
1.598 	7.372160
1.599 	6.078128
1.600 	6.174425
1.601 	7.037590
1.602 	7.562936
1.603 	8.135921
1.604 	8.589248
1.605 	10.296327
1.606 	9.974243
1.607 	7.948317
1.608 	7.831689
1.609 	7.523430
1.610 	6.889920
1.611 	7.024838
1.612 	7.569964
1.613 	7.820978
1.614 	7.625184
1.615 	8.316136
1.616 	9.575719
1.617 	8.126328
1.618 	7.089345
1.619 	8.850613
1.620 	8.251633
1.621 	5.759792
1.622 	6.349722
1.623 	7.891369
1.624 	8.847361
1.625 	9.695195
1.626 	8.655370
1.627 	8.067592
1.628 	8.275223
1.629 	7.043585
1.630 	5.551862
1.631 	6.011101
1.632 	9.330044
1.633 	10.490390
1.634 	7.457508
1.635 	4.768049
1.636 	5.448191
1.637 	8.277502
1.638 	10.710236
1.639 	8.306801
1.640 	8.069158
1.641 	9.365767
1.642 	8.836445
1.643 	7.286999
1.644 	6.259530
1.645 	6.860860
1.646 	8.194520
1.647 	9.024442
1.648 	8.952173
1.649 	9.510332
1.650 	9.248402
1.651 	7.527649
1.652 	9.171351
1.653 	11.393843
1.654 	12.105658
1.655 	9.932795
1.656 	5.708958
1.657 	6.074530
1.658 	7.574993
1.659 	7.772940
1.660 	9.641224
1.661 	9.277419
1.662 	6.451751
1.663 	7.249361
1.664 	9.018600
1.665 	9.072102
1.666 	7.780117
1.667 	5.305567
1.668 	4.026081
1.669 	8.206148
1.670 	9.190094
1.671 	8.156683
1.672 	6.699800
1.673 	10.666967
1.674 	11.026569
1.675 	9.669257
1.676 	12.564284
1.677 	9.945111
1.678 	7.925108
1.679 	5.223737
1.680 	4.710301
1.681 	9.682257
1.682 	11.973368
1.683 	13.814319
1.684 	13.001811
1.685 	2.663086
1.686 	-0.356619
1.687 	5.757924
1.688 	11.411890
1.689 	10.809369
1.690 	8.978974
1.691 	7.274752
1.692 	10.517670
1.693 	9.634006
1.694 	-0.539466
1.695 	7.294635
1.696 	13.523153
1.697 	18.494916
1.698 	7.206743
1.699 	-1.565197
1.700 	12.147426
