0.660 	22.550531
0.661 	17.336760
0.662 	14.575886
0.663 	14.508617
0.664 	19.371638
0.665 	25.112521
0.666 	12.696125
0.667 	17.188204
0.668 	20.333943
0.669 	15.316917
0.670 	18.004967
0.671 	23.916741
0.672 	20.714749
0.673 	14.048926
0.674 	14.986116
0.675 	17.995857
0.676 	19.989882
0.677 	15.413629
0.678 	14.510165
0.679 	17.936772
0.680 	19.494382
0.681 	16.158776
0.682 	17.577989
0.683 	16.644114
0.684 	20.763291
0.685 	20.247390
0.686 	18.947212
0.687 	17.559814
0.688 	19.008221
0.689 	15.145411
0.690 	15.473797
0.691 	19.851719
0.692 	22.732436
0.693 	18.884347
0.694 	18.723627
0.695 	14.274907
0.696 	14.437297
0.697 	19.611754
0.698 	22.870278
0.699 	19.420617
0.700 	20.387922
0.701 	21.801240
0.702 	19.343180
0.703 	18.704766
0.704 	19.702473
0.705 	23.292910
0.706 	21.745847
0.707 	21.307164
0.708 	19.827641
0.709 	19.853690
0.710 	20.911752
0.711 	17.509899
0.712 	20.115491
0.713 	24.509890
0.714 	21.362858
0.715 	20.322113
0.716 	20.229539
0.717 	18.840853
0.718 	20.618169
0.719 	21.316004
0.720 	17.572139
0.721 	18.039428
0.722 	20.741221
0.723 	17.868044
0.724 	17.666569
0.725 	19.457122
0.726 	20.716604
0.727 	21.967149
0.728 	20.951353
0.729 	20.331636
0.730 	22.068418
0.731 	21.689702
0.732 	19.948423
0.733 	21.539853
0.734 	21.578017
0.735 	20.531056
0.736 	22.977328
0.737 	23.651560
0.738 	21.997238
0.739 	19.841569
0.740 	21.050320
0.741 	22.416762
0.742 	21.803533
0.743 	20.352147
0.744 	19.251650
0.745 	19.827125
0.746 	20.684868
0.747 	22.000535
0.748 	22.198381
0.749 	22.622235
0.750 	24.597336
0.751 	24.754365
0.752 	22.763617
0.753 	21.186510
0.754 	21.101788
0.755 	22.279300
0.756 	23.081124
0.757 	22.390197
0.758 	23.107222
0.759 	22.569688
0.760 	21.411922
0.761 	21.606200
0.762 	21.514584
0.763 	21.021929
0.764 	20.775062
0.765 	21.364474
0.766 	21.649464
0.767 	22.207742
0.768 	22.697509
0.769 	21.699156
0.770 	21.587882
0.771 	22.820225
0.772 	23.119373
0.773 	23.328277
0.774 	23.382723
0.775 	23.298133
0.776 	23.104121
0.777 	22.548790
0.778 	22.158345
0.779 	22.173733
0.780 	23.438015
0.781 	23.254129
0.782 	22.589978
0.783 	22.972125
0.784 	22.493483
0.785 	22.761859
0.786 	23.327009
0.787 	23.301603
0.788 	23.833932
0.789 	25.055522
0.790 	24.879111
0.791 	23.549036
0.792 	22.992652
0.793 	23.601739
0.794 	23.109247
0.795 	22.575691
0.796 	23.165556
0.797 	23.701766
0.798 	23.301884
0.799 	23.063444
0.800 	23.500672
0.801 	23.362228
0.802 	24.035645
0.803 	25.222249
0.804 	25.157004
0.805 	24.192302
0.806 	23.559914
0.807 	24.279627
0.808 	25.778342
0.809 	25.032439
0.810 	23.303992
0.811 	22.289785
0.812 	22.070853
0.813 	23.325483
0.814 	24.455063
0.815 	24.764955
0.816 	24.005657
0.817 	22.728408
0.818 	22.663662
0.819 	23.450266
0.820 	23.478817
0.821 	23.154500
0.822 	23.528067
0.823 	24.127760
0.824 	24.462550
0.825 	24.623594
0.826 	25.234735
0.827 	25.355961
0.828 	23.849277
0.829 	22.872296
0.830 	23.402305
0.831 	24.218543
0.832 	24.889956
0.833 	25.061408
0.834 	24.433076
0.835 	23.680325
0.836 	23.299723
0.837 	23.307799
0.838 	23.808675
0.839 	24.644653
0.840 	24.770629
0.841 	23.597657
0.842 	22.409413
0.843 	23.716290
0.844 	25.762832
0.845 	25.642762
0.846 	24.540233
0.847 	23.796051
0.848 	22.649368
0.849 	22.331256
0.850 	23.945038
0.851 	25.329075
0.852 	25.271364
0.853 	24.366089
0.854 	23.986367
0.855 	24.269080
0.856 	24.465727
0.857 	24.811424
0.858 	25.023418
0.859 	24.465083
0.860 	23.496879
0.861 	23.095334
0.862 	23.014498
0.863 	22.860958
0.864 	23.263087
0.865 	23.974600
0.866 	24.207008
0.867 	24.384071
0.868 	24.839947
0.869 	25.255455
0.870 	25.355252
0.871 	25.209653
0.872 	24.339585
0.873 	23.155701
0.874 	23.422240
0.875 	24.360953
0.876 	24.910057
0.877 	25.734886
0.878 	25.719461
0.879 	24.277891
0.880 	23.431912
0.881 	23.614409
0.882 	23.766127
0.883 	24.485602
0.884 	25.253998
0.885 	25.151840
0.886 	25.571829
0.887 	26.101669
0.888 	25.007805
0.889 	23.506957
0.890 	23.199514
0.891 	23.701762
0.892 	24.237740
0.893 	24.468598
0.894 	24.458876
0.895 	24.551858
0.896 	24.877227
0.897 	24.819115
0.898 	24.209624
0.899 	23.586135
0.900 	23.864931
0.901 	24.651046
0.902 	25.324133
0.903 	26.126555
0.904 	25.802445
0.905 	24.295350
0.906 	23.395785
0.907 	23.874105
0.908 	24.572120
0.909 	24.323853
0.910 	23.708234
0.911 	23.828092
0.912 	24.531477
0.913 	24.817570
0.914 	24.428192
0.915 	23.920286
0.916 	23.793777
0.917 	24.372680
0.918 	25.323097
0.919 	25.689582
0.920 	25.210576
0.921 	24.245289
0.922 	23.743713
0.923 	23.782819
0.924 	24.092833
0.925 	24.262156
0.926 	24.203270
0.927 	24.234935
0.928 	23.778590
0.929 	22.909375
0.930 	23.182341
0.931 	24.614184
0.932 	25.654091
0.933 	25.508139
0.934 	24.367776
0.935 	23.379159
0.936 	23.087883
0.937 	23.199560
0.938 	23.456965
0.939 	23.760225
0.940 	23.960616
0.941 	24.158965
0.942 	24.445003
0.943 	24.647669
0.944 	23.833314
0.945 	22.980440
0.946 	23.182752
0.947 	23.577483
0.948 	23.546004
0.949 	23.629017
0.950 	24.203228
0.951 	24.263658
0.952 	24.204869
0.953 	24.595983
0.954 	24.968934
0.955 	24.569875
0.956 	24.142585
0.957 	23.595494
0.958 	23.350195
0.959 	24.144336
0.960 	23.718326
0.961 	22.886929
0.962 	22.998315
0.963 	22.958059
0.964 	23.176743
0.965 	23.180692
0.966 	23.331848
0.967 	23.645085
0.968 	24.013936
0.969 	23.452493
0.970 	22.731142
0.971 	23.021805
0.972 	23.097281
0.973 	23.112704
0.974 	23.492813
0.975 	23.736096
0.976 	24.752698
0.977 	24.690823
0.978 	23.039057
0.979 	22.210892
0.980 	24.310286
0.981 	24.932436
0.982 	23.847860
0.983 	23.151745
0.984 	23.132784
0.985 	23.188273
0.986 	23.447477
0.987 	24.645837
0.988 	24.087807
0.989 	22.550117
0.990 	22.830102
0.991 	23.487934
0.992 	24.084903
0.993 	24.566154
0.994 	24.349515
0.995 	23.393352
0.996 	22.994055
0.997 	22.841217
0.998 	23.277203
0.999 	23.882530
1.000 	23.725334
1.001 	23.800074
1.002 	24.311081
1.003 	24.428938
1.004 	25.207187
1.005 	24.561287
1.006 	22.852594
1.007 	22.124980
1.008 	22.775808
1.009 	24.534978
1.010 	25.364069
1.011 	24.895731
1.012 	24.255827
1.013 	23.947267
1.014 	23.623965
1.015 	23.130034
1.016 	22.961050
1.017 	23.786646
1.018 	24.546723
1.019 	24.193483
1.020 	23.856357
1.021 	24.511259
1.022 	25.421065
1.023 	24.833411
1.024 	23.951281
1.025 	23.944346
1.026 	23.706087
1.027 	23.368515
1.028 	23.490591
1.029 	23.977755
1.030 	24.622073
1.031 	24.533576
1.032 	24.118740
1.033 	24.327048
1.034 	24.852523
1.035 	25.220317
1.036 	24.690022
1.037 	22.968222
1.038 	21.844929
1.039 	22.889275
1.040 	24.544606
1.041 	25.264572
1.042 	25.013618
1.043 	23.903544
1.044 	22.879298
1.045 	22.754372
1.046 	23.528065
1.047 	23.766469
1.048 	23.421274
1.049 	23.956383
1.050 	24.523315
1.051 	24.466361
1.052 	24.456703
1.053 	24.759315
1.054 	25.045335
1.055 	24.872193
1.056 	23.960063
1.057 	23.632940
1.058 	24.184526
1.059 	24.520050
1.060 	24.917645
1.061 	25.053148
1.062 	24.262027
1.063 	23.611197
1.064 	24.297128
1.065 	25.452135
1.066 	25.594049
1.067 	24.639310
1.068 	23.618112
1.069 	22.960403
1.070 	22.905819
1.071 	23.343145
1.072 	24.215425
1.073 	25.523713
1.074 	25.931016
1.075 	25.207591
1.076 	24.620404
1.077 	24.088104
1.078 	23.879864
1.079 	23.979637
1.080 	23.504464
1.081 	22.987048
1.082 	23.575970
1.083 	24.773519
1.084 	25.485389
1.085 	24.962115
1.086 	23.924290
1.087 	24.124760
1.088 	25.305175
1.089 	25.936191
1.090 	25.519191
1.091 	24.893829
1.092 	24.077223
1.093 	23.172866
1.094 	23.192694
1.095 	23.542552
1.096 	23.482408
1.097 	24.029816
1.098 	24.838810
1.099 	24.424278
1.100 	23.399972
1.101 	22.996055
1.102 	23.637483
1.103 	24.913999
1.104 	25.285686
1.105 	24.298330
1.106 	23.104177
1.107 	22.564274
1.108 	23.037924
1.109 	24.097017
1.110 	24.771466
1.111 	24.382952
1.112 	23.296591
1.113 	22.981650
1.114 	23.584167
1.115 	24.406348
1.116 	24.989501
1.117 	24.719390
1.118 	24.091339
1.119 	24.002311
1.120 	24.252870
1.121 	24.286698
1.122 	24.031598
1.123 	23.995042
1.124 	23.952369
1.125 	23.882734
1.126 	24.543816
1.127 	24.927874
1.128 	23.536693
1.129 	21.713828
1.130 	21.071105
1.131 	21.246800
1.132 	21.865106
1.133 	22.654924
1.134 	23.373454
1.135 	23.629010
1.136 	23.592505
1.137 	23.584764
1.138 	23.028462
1.139 	22.106066
1.140 	21.653900
1.141 	21.573976
1.142 	22.204334
1.143 	23.353923
1.144 	23.693787
1.145 	22.423301
1.146 	20.668139
1.147 	20.153309
1.148 	20.677963
1.149 	21.430119
1.150 	22.136415
1.151 	22.099836
1.152 	21.087035
1.153 	20.733745
1.154 	21.720472
1.155 	22.310143
1.156 	21.981729
1.157 	21.615921
1.158 	21.329359
1.159 	21.091750
1.160 	20.820534
1.161 	20.359987
1.162 	20.337030
1.163 	20.871861
1.164 	21.200413
1.165 	21.073708
1.166 	20.923583
1.167 	20.891430
1.168 	20.886073
1.169 	20.696182
1.170 	20.405825
1.171 	20.804346
1.172 	21.563735
1.173 	21.808947
1.174 	21.366169
1.175 	20.622302
1.176 	20.237613
1.177 	20.033182
1.178 	19.685128
1.179 	19.311222
1.180 	19.133700
1.181 	19.503090
1.182 	20.539383
1.183 	21.585080
1.184 	21.803997
1.185 	20.667591
1.186 	19.358606
1.187 	19.153967
1.188 	19.520516
1.189 	19.930852
1.190 	20.085088
1.191 	19.706144
1.192 	19.203121
1.193 	19.637405
1.194 	21.070848
1.195 	21.782710
1.196 	20.943441
1.197 	19.706343
1.198 	19.461182
1.199 	20.263543
1.200 	20.865627
1.201 	20.438864
1.202 	19.336003
1.203 	18.683701
1.204 	18.801255
1.205 	18.993966
1.206 	19.118743
1.207 	19.382934
1.208 	19.727404
1.209 	19.749498
1.210 	19.728577
1.211 	20.441502
1.212 	21.288044
1.213 	20.899691
1.214 	19.379445
1.215 	18.643458
1.216 	19.439959
1.217 	20.456727
1.218 	21.131612
1.219 	21.233093
1.220 	20.568299
1.221 	19.892928
1.222 	19.943325
1.223 	20.253369
1.224 	20.204590
1.225 	20.011310
1.226 	19.851895
1.227 	19.754113
1.228 	19.988588
1.229 	20.460559
1.230 	20.764641
1.231 	21.200745
1.232 	21.712757
1.233 	21.642655
1.234 	20.935569
1.235 	20.346728
1.236 	20.368776
1.237 	20.573406
1.238 	20.400279
1.239 	20.287630
1.240 	20.798769
1.241 	22.027710
1.242 	22.977086
1.243 	22.684090
1.244 	21.579754
1.245 	20.659386
1.246 	20.117079
1.247 	20.104085
1.248 	20.433334
1.249 	20.521308
1.250 	20.616076
1.251 	21.352584
1.252 	21.826319
1.253 	21.232282
1.254 	20.436739
1.255 	20.290340
1.256 	20.486162
1.257 	20.895634
1.258 	21.604227
1.259 	22.300476
1.260 	22.432671
1.261 	21.909618
1.262 	21.246121
1.263 	21.438895
1.264 	22.270012
1.265 	22.281609
1.266 	21.444645
1.267 	20.795958
1.268 	20.610893
1.269 	20.735291
1.270 	20.658926
1.271 	19.815832
1.272 	19.467780
1.273 	21.041795
1.274 	22.484255
1.275 	21.958970
1.276 	20.808528
1.277 	20.850717
1.278 	21.543534
1.279 	21.587940
1.280 	21.149015
1.281 	21.095296
1.282 	21.375633
1.283 	21.108718
1.284 	20.375451
1.285 	19.851634
1.286 	19.937121
1.287 	20.407549
1.288 	20.821302
1.289 	20.931365
1.290 	20.627013
1.291 	20.180934
1.292 	20.087418
1.293 	20.325475
1.294 	20.487763
1.295 	20.197087
1.296 	19.812023
1.297 	19.938979
1.298 	20.354893
1.299 	20.832891
1.300 	21.164707
1.301 	20.808923
1.302 	20.125062
1.303 	19.798481
1.304 	19.790882
1.305 	20.367219
1.306 	21.183739
1.307 	21.545603
1.308 	21.426153
1.309 	21.145791
1.310 	20.638652
1.311 	20.048233
1.312 	19.637566
1.313 	19.557266
1.314 	19.857339
1.315 	20.303474
1.316 	20.464551
1.317 	20.110598
1.318 	19.909513
1.319 	20.349073
1.320 	20.863134
1.321 	20.956545
1.322 	20.623999
1.323 	19.940183
1.324 	19.048824
1.325 	18.176293
1.326 	18.236021
1.327 	19.246800
1.328 	20.527333
1.329 	21.068274
1.330 	20.563284
1.331 	19.842325
1.332 	19.579646
1.333 	19.231179
1.334 	18.564819
1.335 	18.324799
1.336 	18.577907
1.337 	18.603901
1.338 	18.374337
1.339 	18.390286
1.340 	18.515696
1.341 	18.518496
1.342 	18.327792
1.343 	18.018807
1.344 	17.608435
1.345 	17.241837
1.346 	17.265097
1.347 	17.607840
1.348 	17.674557
1.349 	17.514792
1.350 	17.687913
1.351 	18.244554
1.352 	18.757591
1.353 	18.502128
1.354 	17.689209
1.355 	17.546533
1.356 	17.564590
1.357 	17.041151
1.358 	16.470610
1.359 	15.779056
1.360 	15.276040
1.361 	15.553376
1.362 	16.206163
1.363 	16.710923
1.364 	17.039851
1.365 	17.130745
1.366 	17.131500
1.367 	17.406905
1.368 	17.806722
1.369 	17.666762
1.370 	16.963460
1.371 	17.003803
1.372 	17.769600
1.373 	17.362864
1.374 	15.518204
1.375 	14.132282
1.376 	14.547294
1.377 	15.978618
1.378 	16.759219
1.379 	16.693721
1.380 	16.324304
1.381 	16.104853
1.382 	15.515190
1.383 	14.088003
1.384 	12.964657
1.385 	13.361705
1.386 	13.887639
1.387 	13.292859
1.388 	12.503664
1.389 	12.981631
1.390 	14.324329
1.391 	14.762440
1.392 	13.576543
1.393 	11.938886
1.394 	11.685073
1.395 	12.638021
1.396 	12.404572
1.397 	11.403746
1.398 	11.614016
1.399 	11.963981
1.400 	10.946462
1.401 	9.591881
1.402 	9.030210
1.403 	8.988371
1.404 	8.916060
1.405 	9.127187
1.406 	9.558445
1.407 	9.647416
1.408 	9.601328
1.409 	9.589889
1.410 	9.634803
1.411 	9.423322
1.412 	9.337778
1.413 	10.123675
1.414 	11.183901
1.415 	11.507548
1.416 	10.939857
1.417 	10.079038
1.418 	9.092256
1.419 	8.623041
1.420 	8.960359
1.421 	8.710442
1.422 	7.513185
1.423 	6.601076
1.424 	6.630763
1.425 	7.017824
1.426 	7.682371
1.427 	8.495434
1.428 	9.262548
1.429 	10.429907
1.430 	10.929565
1.431 	10.409845
1.432 	9.808073
1.433 	9.022688
1.434 	8.085450
1.435 	7.580967
1.436 	7.643134
1.437 	8.422463
1.438 	8.873532
1.439 	8.227901
1.440 	7.354796
1.441 	6.468122
1.442 	5.633521
1.443 	6.445054
1.444 	8.845755
1.445 	10.648696
1.446 	10.467923
1.447 	9.551321
1.448 	8.804775
1.449 	7.748785
1.450 	7.125220
1.451 	7.422658
1.452 	7.961158
1.453 	7.821399
1.454 	7.012256
1.455 	6.867900
1.456 	7.484073
1.457 	8.103987
1.458 	8.882901
1.459 	9.583720
1.460 	9.092888
1.461 	8.268674
1.462 	8.435805
1.463 	8.106778
1.464 	7.078508
1.465 	7.585263
1.466 	9.382154
1.467 	10.670502
1.468 	10.892355
1.469 	10.029483
1.470 	8.968099
1.471 	8.813097
1.472 	9.003535
1.473 	8.850776
1.474 	8.356905
1.475 	8.108882
1.476 	8.840915
1.477 	9.676037
1.478 	9.624868
1.479 	8.873042
1.480 	8.666971
1.481 	10.421970
1.482 	12.253268
1.483 	10.943938
1.484 	8.879576
1.485 	9.412890
1.486 	10.416392
1.487 	9.260965
1.488 	7.835684
1.489 	8.612151
1.490 	9.674600
1.491 	9.577040
1.492 	9.103127
1.493 	8.276322
1.494 	8.214823
1.495 	9.773435
1.496 	10.535453
1.497 	10.000784
1.498 	10.385753
1.499 	11.693830
1.500 	12.501893
1.501 	12.882063
1.502 	12.743938
1.503 	12.065105
1.504 	10.866727
1.505 	9.493516
1.506 	8.742962
1.507 	8.815127
1.508 	9.359955
1.509 	11.007584
1.510 	12.979972
1.511 	12.614537
1.512 	10.963304
1.513 	10.642141
1.514 	10.748757
1.515 	10.316795
1.516 	9.038980
1.517 	7.584260
1.518 	7.377414
1.519 	8.759774
1.520 	10.954129
1.521 	11.767572
1.522 	10.928803
1.523 	9.830023
1.524 	9.310339
1.525 	9.002202
1.526 	9.563385
1.527 	11.039433
1.528 	10.880857
1.529 	9.757126
1.530 	10.034904
1.531 	11.071370
1.532 	12.307381
1.533 	12.825497
1.534 	13.163872
1.535 	13.080326
1.536 	11.473589
1.537 	11.157319
1.538 	12.080175
1.539 	11.394446
1.540 	10.173503
1.541 	9.915845
1.542 	9.557149
1.543 	10.091051
1.544 	11.649121
1.545 	12.298376
1.546 	11.670275
1.547 	10.613334
1.548 	11.063549
1.549 	12.205742
1.550 	12.321169
1.551 	11.759797
1.552 	11.406190
1.553 	12.039264
1.554 	13.347877
1.555 	14.969457
1.556 	16.014275
1.557 	15.369889
1.558 	13.756366
1.559 	12.464881
1.560 	11.746398
1.561 	11.577110
1.562 	12.031768
1.563 	11.193214
1.564 	10.884191
1.565 	13.100965
1.566 	14.961445
1.567 	13.949539
1.568 	12.010183
1.569 	10.683549
1.570 	11.027631
1.571 	12.196711
1.572 	14.050632
1.573 	15.602429
1.574 	16.059314
1.575 	15.759567
1.576 	13.326634
1.577 	10.619814
1.578 	11.042190
1.579 	12.006054
1.580 	13.533558
1.581 	13.852229
1.582 	12.111764
1.583 	12.012651
1.584 	14.146403
1.585 	14.572705
1.586 	14.527009
1.587 	16.182947
1.588 	15.862724
1.589 	14.186648
1.590 	12.770018
1.591 	11.967326
1.592 	12.558910
1.593 	13.691313
1.594 	14.300807
1.595 	15.010751
1.596 	15.480446
1.597 	14.052311
1.598 	12.913355
1.599 	12.369353
1.600 	13.279113
1.601 	14.502503
1.602 	14.951340
1.603 	14.107883
1.604 	13.510430
1.605 	14.682607
1.606 	13.313076
1.607 	12.220969
1.608 	13.165166
1.609 	14.032647
1.610 	16.568619
1.611 	16.977966
1.612 	14.073654
1.613 	11.979954
1.614 	12.619938
1.615 	15.802847
1.616 	16.616247
1.617 	15.249699
1.618 	14.659252
1.619 	14.042651
1.620 	13.651275
1.621 	15.623616
1.622 	17.102968
1.623 	15.629161
1.624 	15.056190
1.625 	16.067169
1.626 	14.263866
1.627 	13.326825
1.628 	16.035122
1.629 	16.294832
1.630 	15.364838
1.631 	15.325859
1.632 	14.507550
1.633 	13.489270
1.634 	13.723715
1.635 	13.826071
1.636 	14.410665
1.637 	15.015053
1.638 	14.311793
1.639 	13.648740
1.640 	12.318910
1.641 	12.436805
1.642 	18.554524
1.643 	22.461991
1.644 	17.176689
1.645 	11.708309
1.646 	13.617982
1.647 	14.244450
1.648 	16.292275
1.649 	17.431123
1.650 	12.580893
1.651 	10.326229
1.652 	11.628323
1.653 	13.010527
1.654 	16.706820
1.655 	16.711985
1.656 	14.374145
1.657 	17.024700
1.658 	19.394429
1.659 	19.197771
1.660 	14.369097
1.661 	11.825704
1.662 	12.804156
1.663 	14.070393
1.664 	17.802836
1.665 	18.432774
1.666 	13.258238
1.667 	11.948740
1.668 	17.501173
1.669 	14.005765
1.670 	14.715116
1.671 	18.459865
1.672 	17.793913
1.673 	17.504440
1.674 	17.363313
1.675 	16.522142
1.676 	11.507810
1.677 	12.878851
1.678 	18.781187
1.679 	17.672917
1.680 	12.254751
1.681 	17.529834
1.682 	23.928087
1.683 	17.585964
1.684 	16.709763
1.685 	15.704907
1.686 	9.281232
1.687 	8.280628
1.688 	13.311794
1.689 	25.726102
1.690 	30.313950
1.691 	19.159192
1.692 	1.434697
1.693 	13.374014
1.694 	16.568836
1.695 	18.059510
1.696 	19.042197
1.697 	19.179871
1.698 	6.767554
1.699 	13.441208
1.700 	16.451164
