0.660 	33.073364
0.661 	31.864375
0.662 	33.727786
0.663 	37.156772
0.664 	35.171217
0.665 	33.115731
0.666 	28.425804
0.667 	36.783365
0.668 	35.186630
0.669 	28.725139
0.670 	34.898142
0.671 	34.659743
0.672 	32.627828
0.673 	33.709816
0.674 	33.445082
0.675 	32.093646
0.676 	32.864459
0.677 	33.591376
0.678 	34.935874
0.679 	33.879062
0.680 	33.377652
0.681 	31.673071
0.682 	37.236757
0.683 	37.159698
0.684 	33.294942
0.685 	32.116540
0.686 	32.575379
0.687 	34.508929
0.688 	32.465772
0.689 	35.976387
0.690 	34.081562
0.691 	31.556667
0.692 	33.978451
0.693 	34.503362
0.694 	35.081371
0.695 	34.059536
0.696 	32.681491
0.697 	32.692990
0.698 	32.773915
0.699 	34.132214
0.700 	34.380827
0.701 	32.896649
0.702 	32.638449
0.703 	33.574146
0.704 	33.839783
0.705 	31.282356
0.706 	34.006237
0.707 	37.548339
0.708 	33.179583
0.709 	32.761397
0.710 	34.024858
0.711 	33.214913
0.712 	31.675681
0.713 	32.169102
0.714 	32.259751
0.715 	33.208176
0.716 	34.054542
0.717 	33.511931
0.718 	32.588359
0.719 	31.564084
0.720 	32.958612
0.721 	34.363785
0.722 	33.158616
0.723 	32.690998
0.724 	32.591583
0.725 	32.843082
0.726 	32.618851
0.727 	33.071715
0.728 	34.275360
0.729 	33.143540
0.730 	31.670268
0.731 	32.476751
0.732 	32.574764
0.733 	30.761960
0.734 	31.296021
0.735 	33.358593
0.736 	32.464874
0.737 	31.674285
0.738 	31.606997
0.739 	31.086729
0.740 	31.235622
0.741 	31.068911
0.742 	30.773141
0.743 	32.493660
0.744 	33.975366
0.745 	34.217756
0.746 	32.641188
0.747 	30.577027
0.748 	31.536126
0.749 	32.869173
0.750 	32.234159
0.751 	30.808304
0.752 	32.385975
0.753 	33.967227
0.754 	33.110911
0.755 	30.409787
0.756 	30.681124
0.757 	32.313709
0.758 	32.962533
0.759 	32.970144
0.760 	31.456600
0.761 	30.221710
0.762 	30.488825
0.763 	31.797485
0.764 	31.785292
0.765 	32.629669
0.766 	32.629774
0.767 	31.481659
0.768 	31.177199
0.769 	31.288106
0.770 	31.986855
0.771 	31.591390
0.772 	30.819719
0.773 	31.435884
0.774 	32.170755
0.775 	32.259770
0.776 	32.247760
0.777 	31.834011
0.778 	31.212476
0.779 	30.795737
0.780 	30.672613
0.781 	30.505659
0.782 	31.019316
0.783 	31.856501
0.784 	32.034217
0.785 	31.225661
0.786 	31.204425
0.787 	32.378628
0.788 	32.540059
0.789 	31.616228
0.790 	30.565448
0.791 	30.240582
0.792 	30.599298
0.793 	31.106348
0.794 	31.102310
0.795 	30.774242
0.796 	30.742882
0.797 	31.142981
0.798 	31.238684
0.799 	30.967646
0.800 	30.122472
0.801 	30.040697
0.802 	31.280144
0.803 	31.676247
0.804 	31.261837
0.805 	30.691110
0.806 	30.025332
0.807 	29.835168
0.808 	30.480638
0.809 	30.433242
0.810 	29.665520
0.811 	29.710555
0.812 	30.304364
0.813 	30.636912
0.814 	30.583154
0.815 	31.150251
0.816 	31.629770
0.817 	31.182532
0.818 	30.651660
0.819 	30.271163
0.820 	30.326001
0.821 	30.704711
0.822 	30.494854
0.823 	29.901431
0.824 	30.671442
0.825 	31.500484
0.826 	31.115250
0.827 	30.121920
0.828 	29.314059
0.829 	29.607296
0.830 	30.028132
0.831 	30.135345
0.832 	29.966613
0.833 	29.666893
0.834 	29.770946
0.835 	30.259098
0.836 	30.962624
0.837 	31.045347
0.838 	30.308627
0.839 	29.307582
0.840 	28.504729
0.841 	28.887221
0.842 	29.651133
0.843 	29.983221
0.844 	29.979782
0.845 	29.112848
0.846 	29.102879
0.847 	30.448407
0.848 	30.831558
0.849 	29.899245
0.850 	29.195216
0.851 	29.421426
0.852 	29.993050
0.853 	29.790985
0.854 	28.916090
0.855 	28.589121
0.856 	28.979816
0.857 	29.651731
0.858 	30.132430
0.859 	30.232832
0.860 	30.055245
0.861 	29.403450
0.862 	28.283404
0.863 	27.442996
0.864 	27.589732
0.865 	28.137902
0.866 	28.379434
0.867 	28.901009
0.868 	29.852688
0.869 	30.389134
0.870 	29.786162
0.871 	28.838407
0.872 	29.265118
0.873 	30.282261
0.874 	30.122344
0.875 	29.047575
0.876 	28.022102
0.877 	27.613178
0.878 	28.030094
0.879 	28.625444
0.880 	28.670833
0.881 	28.478444
0.882 	28.551481
0.883 	28.815020
0.884 	29.034141
0.885 	28.856145
0.886 	28.448397
0.887 	28.299172
0.888 	28.446837
0.889 	28.924826
0.890 	29.211189
0.891 	28.904313
0.892 	28.518048
0.893 	28.365667
0.894 	28.594068
0.895 	29.053766
0.896 	29.497647
0.897 	29.299153
0.898 	28.378657
0.899 	27.582754
0.900 	27.244432
0.901 	27.254689
0.902 	28.005438
0.903 	29.045257
0.904 	29.280904
0.905 	28.587693
0.906 	27.879125
0.907 	27.943610
0.908 	28.308666
0.909 	28.462472
0.910 	28.450205
0.911 	28.104068
0.912 	27.513410
0.913 	27.470366
0.914 	28.329848
0.915 	28.950279
0.916 	28.885472
0.917 	28.390140
0.918 	28.032294
0.919 	28.274173
0.920 	28.516000
0.921 	28.587336
0.922 	28.517607
0.923 	28.074543
0.924 	27.543360
0.925 	27.349830
0.926 	27.329268
0.927 	27.311163
0.928 	27.625554
0.929 	28.161915
0.930 	28.564401
0.931 	28.580582
0.932 	27.858712
0.933 	26.817369
0.934 	26.868833
0.935 	27.811118
0.936 	27.937154
0.937 	27.122414
0.938 	26.566335
0.939 	26.316020
0.940 	26.523716
0.941 	27.171869
0.942 	27.638373
0.943 	27.500956
0.944 	26.917364
0.945 	26.162062
0.946 	25.847886
0.947 	26.028809
0.948 	26.661568
0.949 	27.045549
0.950 	27.456595
0.951 	27.327002
0.952 	26.726159
0.953 	25.934404
0.954 	25.392918
0.955 	25.299361
0.956 	25.574022
0.957 	25.345446
0.958 	25.041736
0.959 	24.899443
0.960 	25.175187
0.961 	25.475462
0.962 	25.631150
0.963 	24.985039
0.964 	24.060369
0.965 	23.518411
0.966 	24.083846
0.967 	24.723265
0.968 	24.890147
0.969 	24.418183
0.970 	23.846038
0.971 	24.154927
0.972 	24.430570
0.973 	23.922541
0.974 	23.792292
0.975 	24.342678
0.976 	24.647594
0.977 	24.107901
0.978 	23.531084
0.979 	24.013099
0.980 	23.500640
0.981 	22.848761
0.982 	22.218630
0.983 	22.737045
0.984 	24.026218
0.985 	23.860215
0.986 	22.569610
0.987 	22.946445
0.988 	24.234803
0.989 	23.816610
0.990 	23.481382
0.991 	23.484774
0.992 	23.268908
0.993 	23.437267
0.994 	23.261603
0.995 	23.005368
0.996 	23.030620
0.997 	23.485295
0.998 	23.256366
0.999 	23.146689
1.000 	23.049224
1.001 	22.634824
1.002 	23.101223
1.003 	23.416085
1.004 	23.202029
1.005 	23.448279
1.006 	23.687497
1.007 	23.671685
1.008 	23.303998
1.009 	22.694878
1.010 	22.954154
1.011 	23.504960
1.012 	23.713610
1.013 	23.789467
1.014 	23.366921
1.015 	22.902931
1.016 	22.901501
1.017 	23.227970
1.018 	23.037305
1.019 	23.393911
1.020 	23.907020
1.021 	23.049191
1.022 	22.618498
1.023 	23.015245
1.024 	23.363569
1.025 	23.571582
1.026 	24.045247
1.027 	24.365650
1.028 	23.575619
1.029 	23.082611
1.030 	23.445312
1.031 	23.769526
1.032 	23.493710
1.033 	23.131117
1.034 	23.181934
1.035 	23.374290
1.036 	22.968415
1.037 	22.994730
1.038 	23.768346
1.039 	24.345285
1.040 	24.614360
1.041 	24.377818
1.042 	23.613438
1.043 	22.833889
1.044 	23.000602
1.045 	23.468460
1.046 	23.466861
1.047 	23.412778
1.048 	23.768535
1.049 	24.471210
1.050 	24.754584
1.051 	24.431141
1.052 	24.248344
1.053 	24.097639
1.054 	23.844819
1.055 	23.872766
1.056 	23.835332
1.057 	23.773641
1.058 	23.902684
1.059 	23.863020
1.060 	23.472746
1.061 	23.136054
1.062 	23.078684
1.063 	22.941830
1.064 	23.037234
1.065 	23.566130
1.066 	24.490870
1.067 	25.119408
1.068 	24.203159
1.069 	23.415453
1.070 	24.048542
1.071 	24.897913
1.072 	24.891739
1.073 	24.128304
1.074 	23.188162
1.075 	23.019583
1.076 	23.420130
1.077 	23.417621
1.078 	23.718044
1.079 	24.122308
1.080 	24.155774
1.081 	23.995451
1.082 	23.843414
1.083 	24.151672
1.084 	24.600171
1.085 	24.372177
1.086 	23.592600
1.087 	23.144878
1.088 	23.285331
1.089 	24.090950
1.090 	24.639901
1.091 	24.207967
1.092 	23.641238
1.093 	23.513659
1.094 	23.939551
1.095 	24.390848
1.096 	24.126489
1.097 	23.835075
1.098 	23.733498
1.099 	23.521513
1.100 	23.559423
1.101 	23.866012
1.102 	24.061515
1.103 	24.210148
1.104 	24.495848
1.105 	24.790887
1.106 	24.991510
1.107 	24.838940
1.108 	24.256011
1.109 	23.580258
1.110 	23.422430
1.111 	23.635849
1.112 	23.799298
1.113 	23.822278
1.114 	23.585280
1.115 	23.462094
1.116 	23.522529
1.117 	23.175338
1.118 	22.715519
1.119 	22.769106
1.120 	23.142999
1.121 	23.493751
1.122 	23.270211
1.123 	22.629026
1.124 	22.477138
1.125 	22.494280
1.126 	22.114748
1.127 	22.050090
1.128 	22.741550
1.129 	23.627586
1.130 	23.941094
1.131 	23.632832
1.132 	22.950885
1.133 	22.482953
1.134 	22.561624
1.135 	22.458262
1.136 	22.306096
1.137 	22.659309
1.138 	23.098958
1.139 	23.267111
1.140 	23.095568
1.141 	22.816356
1.142 	22.666927
1.143 	22.439455
1.144 	21.978913
1.145 	21.253025
1.146 	20.555007
1.147 	20.495395
1.148 	20.689031
1.149 	20.540525
1.150 	20.228209
1.151 	20.152316
1.152 	20.451413
1.153 	20.644950
1.154 	20.479294
1.155 	19.992424
1.156 	19.263990
1.157 	18.993772
1.158 	19.246636
1.159 	19.281036
1.160 	19.251680
1.161 	19.618585
1.162 	20.246420
1.163 	20.372266
1.164 	19.501683
1.165 	18.532560
1.166 	18.499813
1.167 	18.933159
1.168 	19.098293
1.169 	19.430440
1.170 	19.688394
1.171 	19.272021
1.172 	18.704716
1.173 	18.357363
1.174 	17.980620
1.175 	17.565466
1.176 	17.422038
1.177 	17.543045
1.178 	17.773914
1.179 	18.066020
1.180 	18.258796
1.181 	18.339238
1.182 	18.555272
1.183 	18.597918
1.184 	18.148344
1.185 	17.588516
1.186 	17.553301
1.187 	17.910999
1.188 	17.932312
1.189 	17.714627
1.190 	18.150230
1.191 	18.999990
1.192 	19.265340
1.193 	18.858635
1.194 	18.315553
1.195 	17.761326
1.196 	17.278686
1.197 	17.495310
1.198 	18.251965
1.199 	18.604718
1.200 	18.059254
1.201 	17.443284
1.202 	17.441468
1.203 	17.454700
1.204 	17.376455
1.205 	17.834573
1.206 	18.549493
1.207 	18.770113
1.208 	18.449705
1.209 	17.672204
1.210 	16.860615
1.211 	16.612498
1.212 	16.922740
1.213 	17.268850
1.214 	17.576696
1.215 	17.720356
1.216 	17.905469
1.217 	18.349722
1.218 	18.560578
1.219 	18.172763
1.220 	17.294420
1.221 	16.630262
1.222 	16.813282
1.223 	17.436300
1.224 	18.045420
1.225 	18.165141
1.226 	17.858005
1.227 	17.565420
1.228 	17.818809
1.229 	18.675396
1.230 	19.223153
1.231 	18.871845
1.232 	18.066269
1.233 	17.729618
1.234 	17.914404
1.235 	18.170656
1.236 	18.059774
1.237 	17.825015
1.238 	18.308822
1.239 	19.438427
1.240 	20.193943
1.241 	19.928668
1.242 	19.412113
1.243 	19.595591
1.244 	19.873083
1.245 	19.598847
1.246 	18.736896
1.247 	17.782054
1.248 	17.417735
1.249 	17.412154
1.250 	17.487067
1.251 	17.873842
1.252 	18.363683
1.253 	18.514397
1.254 	18.390440
1.255 	18.209769
1.256 	18.415419
1.257 	18.975570
1.258 	19.375005
1.259 	19.285113
1.260 	18.825292
1.261 	18.345401
1.262 	18.462530
1.263 	18.890982
1.264 	18.858524
1.265 	18.291577
1.266 	17.804835
1.267 	18.113777
1.268 	18.696578
1.269 	19.071656
1.270 	19.237853
1.271 	19.467454
1.272 	19.381664
1.273 	18.693447
1.274 	17.908359
1.275 	17.610942
1.276 	17.691916
1.277 	18.048055
1.278 	18.495875
1.279 	18.910477
1.280 	19.314257
1.281 	19.545350
1.282 	19.389136
1.283 	18.733948
1.284 	18.042771
1.285 	17.906790
1.286 	18.148482
1.287 	17.950297
1.288 	17.457372
1.289 	17.656741
1.290 	18.463106
1.291 	18.775011
1.292 	18.415457
1.293 	18.311397
1.294 	19.003136
1.295 	19.598240
1.296 	19.391648
1.297 	18.556447
1.298 	18.175599
1.299 	18.798032
1.300 	19.388680
1.301 	19.019295
1.302 	18.222652
1.303 	18.002894
1.304 	18.334305
1.305 	18.891172
1.306 	19.148360
1.307 	18.629075
1.308 	17.506518
1.309 	16.705599
1.310 	16.786202
1.311 	17.562273
1.312 	18.210444
1.313 	18.393417
1.314 	18.618303
1.315 	18.431552
1.316 	17.342261
1.317 	16.655655
1.318 	17.002104
1.319 	17.209585
1.320 	17.007930
1.321 	17.095317
1.322 	16.989793
1.323 	16.192459
1.324 	15.525508
1.325 	15.761058
1.326 	16.473065
1.327 	16.985755
1.328 	16.935168
1.329 	16.132660
1.330 	15.381481
1.331 	15.644324
1.332 	16.645270
1.333 	17.142725
1.334 	17.144357
1.335 	17.451862
1.336 	17.742691
1.337 	17.689413
1.338 	17.682062
1.339 	17.236809
1.340 	16.220445
1.341 	15.548610
1.342 	15.098818
1.343 	14.471842
1.344 	14.417409
1.345 	15.053082
1.346 	15.323397
1.347 	14.972903
1.348 	14.420797
1.349 	13.910621
1.350 	13.687806
1.351 	14.258614
1.352 	15.241144
1.353 	15.945959
1.354 	15.791112
1.355 	15.104578
1.356 	14.722999
1.357 	15.104032
1.358 	15.428621
1.359 	14.654956
1.360 	13.385935
1.361 	12.561734
1.362 	12.301962
1.363 	12.158473
1.364 	12.435744
1.365 	13.207690
1.366 	13.862608
1.367 	14.123785
1.368 	14.203681
1.369 	14.010192
1.370 	13.243924
1.371 	12.602432
1.372 	13.106249
1.373 	14.303709
1.374 	14.748939
1.375 	13.868290
1.376 	13.086623
1.377 	13.591789
1.378 	14.519812
1.379 	14.543156
1.380 	14.101618
1.381 	13.787733
1.382 	13.388283
1.383 	12.872913
1.384 	12.438693
1.385 	12.339497
1.386 	12.477196
1.387 	12.434110
1.388 	11.987673
1.389 	11.589464
1.390 	11.606382
1.391 	11.381914
1.392 	10.759020
1.393 	10.489383
1.394 	10.528893
1.395 	10.582318
1.396 	11.066977
1.397 	11.854743
1.398 	12.290545
1.399 	12.234871
1.400 	11.442818
1.401 	9.923391
1.402 	8.739910
1.403 	8.747945
1.404 	9.229706
1.405 	9.308500
1.406 	9.376623
1.407 	9.782446
1.408 	9.640001
1.409 	8.634167
1.410 	7.670767
1.411 	7.740614
1.412 	8.699344
1.413 	9.776610
1.414 	10.300536
1.415 	10.310175
1.416 	10.014851
1.417 	9.721132
1.418 	9.806049
1.419 	9.890562
1.420 	9.531122
1.421 	8.979681
1.422 	8.693724
1.423 	8.527048
1.424 	7.830944
1.425 	7.124212
1.426 	7.028029
1.427 	7.561904
1.428 	8.998720
1.429 	10.413212
1.430 	10.107402
1.431 	8.455259
1.432 	7.324950
1.433 	7.180406
1.434 	6.940869
1.435 	6.936154
1.436 	7.840442
1.437 	8.787907
1.438 	8.812299
1.439 	8.338056
1.440 	8.376733
1.441 	8.539353
1.442 	7.913106
1.443 	7.360123
1.444 	8.064941
1.445 	9.333814
1.446 	10.000754
1.447 	9.974346
1.448 	9.332286
1.449 	8.292469
1.450 	8.297289
1.451 	9.361219
1.452 	9.352334
1.453 	8.549408
1.454 	8.460280
1.455 	8.253341
1.456 	7.497488
1.457 	7.419221
1.458 	7.655721
1.459 	7.181032
1.460 	6.899910
1.461 	7.311645
1.462 	7.934510
1.463 	8.975757
1.464 	9.966720
1.465 	9.883111
1.466 	9.468366
1.467 	9.263194
1.468 	9.129295
1.469 	9.455197
1.470 	9.205000
1.471 	7.650846
1.472 	6.870485
1.473 	8.506383
1.474 	10.448575
1.475 	10.247871
1.476 	8.807228
1.477 	7.678366
1.478 	6.606718
1.479 	6.209250
1.480 	7.191855
1.481 	8.639621
1.482 	9.561743
1.483 	9.877231
1.484 	9.565251
1.485 	8.968200
1.486 	8.450564
1.487 	7.981889
1.488 	8.281919
1.489 	9.222224
1.490 	10.017111
1.491 	10.370165
1.492 	9.716906
1.493 	8.144264
1.494 	7.036551
1.495 	7.374684
1.496 	8.247227
1.497 	8.903552
1.498 	9.047273
1.499 	8.176567
1.500 	8.045075
1.501 	9.136376
1.502 	9.198207
1.503 	8.640874
1.504 	9.569453
1.505 	10.652167
1.506 	10.079693
1.507 	8.513322
1.508 	7.459391
1.509 	7.992207
1.510 	9.297399
1.511 	9.770582
1.512 	9.819423
1.513 	10.014196
1.514 	9.722313
1.515 	9.013170
1.516 	8.079642
1.517 	7.216305
1.518 	7.552105
1.519 	9.039872
1.520 	9.734361
1.521 	9.169296
1.522 	8.848195
1.523 	8.869622
1.524 	7.854949
1.525 	6.636527
1.526 	7.139554
1.527 	9.294011
1.528 	10.655170
1.529 	9.837674
1.530 	8.992617
1.531 	9.605973
1.532 	10.568521
1.533 	10.121820
1.534 	8.411444
1.535 	7.465964
1.536 	7.689815
1.537 	8.854364
1.538 	10.313677
1.539 	11.238992
1.540 	11.327454
1.541 	10.610789
1.542 	9.777146
1.543 	9.731646
1.544 	10.261997
1.545 	10.434334
1.546 	9.786505
1.547 	9.112410
1.548 	9.802441
1.549 	10.243910
1.550 	9.521139
1.551 	8.979215
1.552 	9.318955
1.553 	9.781152
1.554 	9.530691
1.555 	9.161493
1.556 	9.530332
1.557 	9.629621
1.558 	8.508191
1.559 	7.340818
1.560 	8.440490
1.561 	10.427746
1.562 	11.552009
1.563 	11.371686
1.564 	9.996704
1.565 	8.728888
1.566 	10.000191
1.567 	11.914323
1.568 	10.762039
1.569 	8.349450
1.570 	8.339010
1.571 	9.505531
1.572 	9.462258
1.573 	9.220529
1.574 	10.107687
1.575 	11.157947
1.576 	11.496986
1.577 	11.414245
1.578 	11.429377
1.579 	10.493382
1.580 	8.512068
1.581 	8.456697
1.582 	9.876268
1.583 	11.076141
1.584 	11.670553
1.585 	11.122046
1.586 	11.072517
1.587 	11.325490
1.588 	9.574415
1.589 	8.748743
1.590 	10.081377
1.591 	11.245868
1.592 	11.649632
1.593 	11.505123
1.594 	11.927204
1.595 	12.246949
1.596 	11.300558
1.597 	10.551863
1.598 	9.988078
1.599 	9.568338
1.600 	9.944718
1.601 	9.098390
1.602 	7.762741
1.603 	10.226630
1.604 	13.357852
1.605 	14.285280
1.606 	13.393100
1.607 	13.280360
1.608 	12.374582
1.609 	9.255960
1.610 	8.108439
1.611 	9.923259
1.612 	10.478160
1.613 	9.259718
1.614 	9.274286
1.615 	10.210376
1.616 	10.486324
1.617 	11.058729
1.618 	11.795186
1.619 	12.147606
1.620 	12.779129
1.621 	11.920131
1.622 	10.218762
1.623 	10.733770
1.624 	13.631596
1.625 	14.201288
1.626 	12.116890
1.627 	10.822759
1.628 	11.075433
1.629 	11.942833
1.630 	12.558968
1.631 	12.838923
1.632 	12.191097
1.633 	10.875731
1.634 	10.799417
1.635 	13.013077
1.636 	13.256326
1.637 	12.150567
1.638 	12.569881
1.639 	13.711725
1.640 	12.503006
1.641 	11.490672
1.642 	11.466711
1.643 	11.124790
1.644 	10.449779
1.645 	7.864381
1.646 	7.167538
1.647 	9.876128
1.648 	11.594798
1.649 	11.331323
1.650 	10.589436
1.651 	11.604578
1.652 	14.981937
1.653 	14.482162
1.654 	13.415666
1.655 	13.145844
1.656 	13.068228
1.657 	12.820529
1.658 	12.141124
1.659 	12.439930
1.660 	12.073933
1.661 	12.473310
1.662 	13.774558
1.663 	13.576656
1.664 	12.505956
1.665 	12.601083
1.666 	14.161317
1.667 	11.831253
1.668 	11.362154
1.669 	12.826193
1.670 	14.210511
1.671 	12.627277
1.672 	8.311903
1.673 	10.171911
1.674 	14.524561
1.675 	13.913697
1.676 	13.842861
1.677 	15.248690
1.678 	13.149591
1.679 	12.392044
1.680 	14.094466
1.681 	13.704040
1.682 	10.565349
1.683 	10.236545
1.684 	12.588037
1.685 	13.058178
1.686 	9.310052
1.687 	8.862879
1.688 	12.102697
1.689 	13.748825
1.690 	17.003778
1.691 	17.370203
1.692 	11.425101
1.693 	12.029565
1.694 	11.636113
1.695 	9.023183
1.696 	20.661765
1.697 	17.555263
1.698 	13.685816
1.699 	9.117688
1.700 	12.755659
