0.660 	34.414796
0.661 	38.098458
0.662 	37.716656
0.663 	44.021678
0.664 	40.607042
0.665 	32.895455
0.666 	32.947215
0.667 	34.378184
0.668 	38.212750
0.669 	39.338596
0.670 	40.127742
0.671 	37.104577
0.672 	36.551481
0.673 	36.036971
0.674 	35.694854
0.675 	37.597464
0.676 	38.785056
0.677 	37.939245
0.678 	31.914894
0.679 	32.048855
0.680 	37.326307
0.681 	38.425977
0.682 	37.033957
0.683 	34.442079
0.684 	31.727185
0.685 	36.854072
0.686 	38.290052
0.687 	39.456355
0.688 	37.971348
0.689 	34.204464
0.690 	33.579381
0.691 	32.902025
0.692 	33.860417
0.693 	34.492364
0.694 	34.707237
0.695 	34.889088
0.696 	39.105012
0.697 	37.143545
0.698 	33.168191
0.699 	33.369744
0.700 	32.519397
0.701 	33.534907
0.702 	35.048651
0.703 	34.440545
0.704 	32.149410
0.705 	33.069755
0.706 	35.408080
0.707 	36.120399
0.708 	36.551196
0.709 	35.815753
0.710 	37.034228
0.711 	35.758711
0.712 	33.754134
0.713 	33.124467
0.714 	34.172347
0.715 	32.616400
0.716 	29.701197
0.717 	32.876456
0.718 	35.081285
0.719 	32.177565
0.720 	31.815067
0.721 	33.729527
0.722 	34.400987
0.723 	33.250820
0.724 	32.771258
0.725 	34.140220
0.726 	33.038052
0.727 	31.224389
0.728 	33.065025
0.729 	35.768756
0.730 	33.791474
0.731 	30.393103
0.732 	30.976146
0.733 	32.894862
0.734 	33.243083
0.735 	33.013775
0.736 	33.692826
0.737 	33.069119
0.738 	31.758181
0.739 	31.617973
0.740 	31.883164
0.741 	31.186407
0.742 	31.351158
0.743 	31.655297
0.744 	30.189609
0.745 	31.401865
0.746 	32.931378
0.747 	33.391390
0.748 	33.917933
0.749 	33.269263
0.750 	31.188384
0.751 	31.366502
0.752 	33.082331
0.753 	32.073095
0.754 	30.543507
0.755 	31.212998
0.756 	33.080350
0.757 	33.577259
0.758 	32.264454
0.759 	30.156593
0.760 	29.486424
0.761 	32.098983
0.762 	33.316442
0.763 	31.467284
0.764 	29.903922
0.765 	29.386222
0.766 	31.366134
0.767 	32.426808
0.768 	31.554480
0.769 	31.840993
0.770 	31.950106
0.771 	30.706600
0.772 	30.749795
0.773 	31.719768
0.774 	31.388073
0.775 	29.811877
0.776 	28.363579
0.777 	28.237815
0.778 	29.276418
0.779 	30.689840
0.780 	32.419234
0.781 	33.741639
0.782 	32.622875
0.783 	30.402389
0.784 	29.387187
0.785 	29.960701
0.786 	31.164876
0.787 	31.588184
0.788 	30.966500
0.789 	29.723525
0.790 	29.206460
0.791 	29.886613
0.792 	30.945051
0.793 	31.656833
0.794 	31.031746
0.795 	30.300302
0.796 	30.509392
0.797 	30.689973
0.798 	30.625024
0.799 	30.393081
0.800 	30.098447
0.801 	30.176176
0.802 	30.366830
0.803 	29.663001
0.804 	28.810037
0.805 	29.453898
0.806 	30.573193
0.807 	30.054532
0.808 	28.948920
0.809 	29.731386
0.810 	31.404093
0.811 	31.440203
0.812 	30.775841
0.813 	30.825375
0.814 	30.698084
0.815 	29.372335
0.816 	28.930686
0.817 	30.260544
0.818 	30.809913
0.819 	29.948974
0.820 	28.983457
0.821 	28.236156
0.822 	27.946545
0.823 	28.365534
0.824 	28.349286
0.825 	27.935970
0.826 	28.416127
0.827 	29.336174
0.828 	29.659220
0.829 	29.633939
0.830 	29.413158
0.831 	29.365304
0.832 	29.853839
0.833 	30.217067
0.834 	29.776171
0.835 	28.962080
0.836 	28.383519
0.837 	27.975523
0.838 	27.571151
0.839 	27.870315
0.840 	29.274864
0.841 	29.963385
0.842 	29.831108
0.843 	29.617974
0.844 	29.267766
0.845 	29.226792
0.846 	29.890907
0.847 	30.375082
0.848 	30.081653
0.849 	28.910706
0.850 	27.125921
0.851 	26.308354
0.852 	27.295892
0.853 	28.134296
0.854 	28.067466
0.855 	28.340507
0.856 	28.592823
0.857 	28.189530
0.858 	27.744593
0.859 	27.862026
0.860 	28.503018
0.861 	29.251998
0.862 	29.313233
0.863 	28.730207
0.864 	28.401898
0.865 	28.550814
0.866 	28.547913
0.867 	28.078052
0.868 	27.607108
0.869 	27.712498
0.870 	28.086501
0.871 	28.421099
0.872 	28.496415
0.873 	27.989623
0.874 	27.921661
0.875 	28.732083
0.876 	28.947171
0.877 	28.519942
0.878 	28.208463
0.879 	28.020786
0.880 	28.305444
0.881 	28.575985
0.882 	28.004395
0.883 	27.357258
0.884 	27.301434
0.885 	27.355435
0.886 	27.268230
0.887 	27.307902
0.888 	27.336271
0.889 	27.732896
0.890 	28.359598
0.891 	28.465117
0.892 	27.831308
0.893 	27.532917
0.894 	28.070146
0.895 	28.458972
0.896 	28.142100
0.897 	27.290994
0.898 	26.781463
0.899 	26.350474
0.900 	25.458324
0.901 	25.260762
0.902 	26.298133
0.903 	27.270952
0.904 	27.324391
0.905 	26.974977
0.906 	26.938688
0.907 	27.333630
0.908 	27.477453
0.909 	26.406743
0.910 	25.297647
0.911 	25.762809
0.912 	26.857820
0.913 	27.119743
0.914 	26.872116
0.915 	26.284120
0.916 	25.705269
0.917 	26.173927
0.918 	27.169604
0.919 	27.291565
0.920 	26.754880
0.921 	26.499065
0.922 	26.655568
0.923 	27.020425
0.924 	27.460140
0.925 	27.443561
0.926 	26.997202
0.927 	26.676038
0.928 	26.622324
0.929 	26.136701
0.930 	25.278699
0.931 	25.109379
0.932 	25.570658
0.933 	25.653546
0.934 	25.408137
0.935 	25.529482
0.936 	25.560448
0.937 	25.323970
0.938 	25.038091
0.939 	25.081193
0.940 	25.641431
0.941 	26.249267
0.942 	25.923669
0.943 	25.291297
0.944 	25.008168
0.945 	25.204583
0.946 	25.091634
0.947 	24.095180
0.948 	22.814674
0.949 	22.691347
0.950 	23.967416
0.951 	25.475700
0.952 	25.288345
0.953 	24.634468
0.954 	24.427787
0.955 	24.471504
0.956 	24.866071
0.957 	25.051858
0.958 	24.390751
0.959 	23.653694
0.960 	23.819470
0.961 	24.054016
0.962 	24.286798
0.963 	24.138530
0.964 	23.569461
0.965 	23.093495
0.966 	23.066392
0.967 	22.902881
0.968 	22.243367
0.969 	23.105026
0.970 	24.319958
0.971 	24.767878
0.972 	24.650612
0.973 	24.414952
0.974 	23.667596
0.975 	23.040578
0.976 	23.661261
0.977 	24.618578
0.978 	24.851714
0.979 	24.297335
0.980 	23.720284
0.981 	23.723410
0.982 	22.563428
0.983 	21.639161
0.984 	22.619964
0.985 	23.646040
0.986 	23.490052
0.987 	22.666849
0.988 	22.530781
0.989 	22.760561
0.990 	22.296351
0.991 	22.841991
0.992 	24.798659
0.993 	24.939646
0.994 	23.850776
0.995 	23.567073
0.996 	24.183964
0.997 	25.075308
0.998 	25.097741
0.999 	24.155363
1.000 	23.499711
1.001 	22.776512
1.002 	21.711435
1.003 	21.892581
1.004 	23.003639
1.005 	22.336567
1.006 	21.716167
1.007 	22.423145
1.008 	23.155899
1.009 	23.905851
1.010 	24.142327
1.011 	23.330752
1.012 	22.714448
1.013 	23.219994
1.014 	23.543754
1.015 	22.778643
1.016 	22.156357
1.017 	23.195912
1.018 	24.596000
1.019 	24.438464
1.020 	23.808404
1.021 	23.974487
1.022 	23.364742
1.023 	21.734619
1.024 	21.825358
1.025 	23.521317
1.026 	25.404611
1.027 	26.087915
1.028 	25.284859
1.029 	23.623945
1.030 	22.715100
1.031 	22.381859
1.032 	22.806187
1.033 	23.705837
1.034 	23.320257
1.035 	22.229182
1.036 	22.477512
1.037 	23.144223
1.038 	23.015649
1.039 	23.280448
1.040 	23.763611
1.041 	23.057543
1.042 	22.440954
1.043 	22.888636
1.044 	24.007648
1.045 	24.833210
1.046 	24.305706
1.047 	23.633438
1.048 	23.997804
1.049 	24.334122
1.050 	23.623500
1.051 	23.258661
1.052 	24.186605
1.053 	24.871231
1.054 	24.349938
1.055 	23.814320
1.056 	23.660220
1.057 	23.218709
1.058 	22.691300
1.059 	22.976141
1.060 	23.899768
1.061 	24.257448
1.062 	23.830934
1.063 	23.152651
1.064 	23.027946
1.065 	23.797178
1.066 	23.931504
1.067 	23.083940
1.068 	22.594951
1.069 	22.806680
1.070 	23.141804
1.071 	22.976982
1.072 	22.245503
1.073 	22.089036
1.074 	22.584471
1.075 	22.786385
1.076 	23.081086
1.077 	23.327567
1.078 	22.952303
1.079 	22.463834
1.080 	23.171410
1.081 	24.666563
1.082 	25.015688
1.083 	23.751576
1.084 	22.461995
1.085 	22.316786
1.086 	22.933945
1.087 	23.509863
1.088 	23.752065
1.089 	24.250965
1.090 	24.749381
1.091 	25.203701
1.092 	25.306959
1.093 	24.111614
1.094 	22.090865
1.095 	20.933489
1.096 	21.435742
1.097 	22.698216
1.098 	23.367739
1.099 	23.135778
1.100 	22.609797
1.101 	22.317898
1.102 	22.749485
1.103 	23.344412
1.104 	22.988953
1.105 	22.402644
1.106 	22.488412
1.107 	22.931144
1.108 	23.148100
1.109 	22.912949
1.110 	22.464290
1.111 	21.874795
1.112 	21.502744
1.113 	22.052322
1.114 	22.803241
1.115 	22.612688
1.116 	21.589541
1.117 	21.117178
1.118 	21.566886
1.119 	21.834657
1.120 	21.969340
1.121 	22.516357
1.122 	22.630312
1.123 	21.873390
1.124 	20.863739
1.125 	20.618222
1.126 	21.674105
1.127 	22.588429
1.128 	22.129598
1.129 	21.370492
1.130 	20.769188
1.131 	19.689116
1.132 	19.188355
1.133 	19.657556
1.134 	19.483892
1.135 	18.439595
1.136 	18.364772
1.137 	19.182287
1.138 	19.679835
1.139 	19.578254
1.140 	19.429426
1.141 	19.168676
1.142 	18.988821
1.143 	19.416837
1.144 	19.642393
1.145 	18.766080
1.146 	17.764876
1.147 	17.263457
1.148 	17.420866
1.149 	18.006046
1.150 	18.877017
1.151 	20.237258
1.152 	21.525131
1.153 	20.899670
1.154 	18.490268
1.155 	16.882133
1.156 	17.499382
1.157 	18.337666
1.158 	18.643452
1.159 	18.231175
1.160 	17.132887
1.161 	16.589070
1.162 	17.092693
1.163 	17.833497
1.164 	17.647474
1.165 	16.956265
1.166 	17.284298
1.167 	18.410703
1.168 	18.511379
1.169 	17.130845
1.170 	16.194524
1.171 	16.603001
1.172 	17.213218
1.173 	16.917029
1.174 	16.054283
1.175 	16.107519
1.176 	17.109273
1.177 	17.755963
1.178 	17.824929
1.179 	17.876744
1.180 	18.197108
1.181 	18.015955
1.182 	17.052185
1.183 	16.482936
1.184 	16.738008
1.185 	16.742419
1.186 	16.254024
1.187 	16.316575
1.188 	17.342827
1.189 	18.494460
1.190 	19.057467
1.191 	18.394830
1.192 	16.851381
1.193 	15.520756
1.194 	15.530352
1.195 	16.574962
1.196 	17.858785
1.197 	18.633263
1.198 	18.255623
1.199 	16.821877
1.200 	15.531573
1.201 	15.223020
1.202 	15.295566
1.203 	15.628551
1.204 	16.668023
1.205 	17.569294
1.206 	17.390890
1.207 	17.090256
1.208 	17.302366
1.209 	17.384945
1.210 	17.116701
1.211 	17.035285
1.212 	17.097939
1.213 	17.140954
1.214 	17.187172
1.215 	17.191738
1.216 	17.486615
1.217 	17.973844
1.218 	18.095234
1.219 	18.381947
1.220 	19.370914
1.221 	19.901032
1.222 	18.701697
1.223 	16.887103
1.224 	16.265866
1.225 	16.657352
1.226 	17.229267
1.227 	17.651883
1.228 	17.861304
1.229 	17.744803
1.230 	17.304547
1.231 	16.824658
1.232 	16.996883
1.233 	18.240791
1.234 	19.427496
1.235 	19.475247
1.236 	18.545101
1.237 	18.024378
1.238 	18.036273
1.239 	17.812817
1.240 	17.638009
1.241 	17.823328
1.242 	18.040518
1.243 	18.171080
1.244 	18.778388
1.245 	19.436899
1.246 	19.595299
1.247 	18.952949
1.248 	17.930048
1.249 	17.275485
1.250 	17.279718
1.251 	17.131595
1.252 	16.943940
1.253 	17.420880
1.254 	18.192787
1.255 	18.379164
1.256 	18.109796
1.257 	17.617074
1.258 	17.511784
1.259 	18.345478
1.260 	19.251224
1.261 	18.905940
1.262 	17.985616
1.263 	17.959881
1.264 	18.841494
1.265 	19.712658
1.266 	19.678801
1.267 	19.045958
1.268 	18.107507
1.269 	17.088111
1.270 	16.172607
1.271 	15.682767
1.272 	16.016364
1.273 	16.668869
1.274 	16.681431
1.275 	16.171873
1.276 	16.424117
1.277 	17.191933
1.278 	17.030403
1.279 	16.500608
1.280 	16.784211
1.281 	17.324812
1.282 	17.630805
1.283 	18.289350
1.284 	19.335018
1.285 	19.570880
1.286 	18.654033
1.287 	17.428161
1.288 	16.771003
1.289 	17.088816
1.290 	18.283923
1.291 	18.846251
1.292 	17.959804
1.293 	17.344333
1.294 	18.217637
1.295 	19.065199
1.296 	18.915164
1.297 	18.764902
1.298 	18.998441
1.299 	19.088709
1.300 	18.264831
1.301 	16.090976
1.302 	14.282361
1.303 	14.967905
1.304 	16.983105
1.305 	17.935160
1.306 	17.341975
1.307 	16.150501
1.308 	14.790473
1.309 	14.482492
1.310 	15.584600
1.311 	17.083706
1.312 	18.046954
1.313 	18.209176
1.314 	17.828756
1.315 	16.593944
1.316 	14.553961
1.317 	13.329097
1.318 	13.771595
1.319 	14.783702
1.320 	14.865784
1.321 	14.438745
1.322 	14.509541
1.323 	15.071547
1.324 	15.834420
1.325 	16.471929
1.326 	16.598174
1.327 	16.063654
1.328 	15.432171
1.329 	15.298858
1.330 	15.373274
1.331 	15.580749
1.332 	15.591531
1.333 	14.892716
1.334 	14.559641
1.335 	15.205980
1.336 	15.564656
1.337 	14.965063
1.338 	14.025879
1.339 	13.500902
1.340 	13.376143
1.341 	13.243572
1.342 	12.963045
1.343 	13.010010
1.344 	13.512757
1.345 	13.899650
1.346 	14.183710
1.347 	14.380492
1.348 	14.383367
1.349 	13.852258
1.350 	13.129825
1.351 	13.105218
1.352 	14.198097
1.353 	15.235892
1.354 	15.454801
1.355 	15.289960
1.356 	14.621271
1.357 	12.680327
1.358 	10.855166
1.359 	11.558041
1.360 	13.089094
1.361 	13.353401
1.362 	12.216727
1.363 	11.416547
1.364 	11.546618
1.365 	11.554326
1.366 	10.619497
1.367 	9.486041
1.368 	8.947677
1.369 	8.832809
1.370 	9.282373
1.371 	10.212201
1.372 	10.730197
1.373 	10.398322
1.374 	9.640917
1.375 	8.624988
1.376 	7.263648
1.377 	7.125746
1.378 	8.869210
1.379 	10.808684
1.380 	11.491085
1.381 	11.731936
1.382 	11.838052
1.383 	10.931096
1.384 	9.281606
1.385 	8.427232
1.386 	8.782018
1.387 	9.824902
1.388 	10.404273
1.389 	9.775540
1.390 	9.042160
1.391 	9.233043
1.392 	9.649960
1.393 	9.334050
1.394 	8.756228
1.395 	8.967260
1.396 	9.464826
1.397 	8.875452
1.398 	7.038954
1.399 	5.577734
1.400 	5.298891
1.401 	5.888293
1.402 	7.000162
1.403 	8.364628
1.404 	9.419632
1.405 	9.886266
1.406 	9.422839
1.407 	8.465951
1.408 	7.945349
1.409 	8.041316
1.410 	7.302750
1.411 	5.424538
1.412 	4.447922
1.413 	5.598802
1.414 	7.879980
1.415 	9.423932
1.416 	9.527020
1.417 	8.495233
1.418 	7.353972
1.419 	7.473521
1.420 	8.663543
1.421 	9.107385
1.422 	7.300101
1.423 	5.541744
1.424 	5.758002
1.425 	6.460755
1.426 	6.077798
1.427 	6.077155
1.428 	6.702236
1.429 	6.064364
1.430 	5.321353
1.431 	5.890658
1.432 	6.889066
1.433 	7.822302
1.434 	8.726368
1.435 	8.290390
1.436 	6.645816
1.437 	6.267934
1.438 	7.596074
1.439 	8.365164
1.440 	6.945978
1.441 	4.949167
1.442 	4.721187
1.443 	6.246224
1.444 	7.582442
1.445 	7.509071
1.446 	6.618757
1.447 	5.236354
1.448 	3.378111
1.449 	3.466265
1.450 	6.365289
1.451 	8.933758
1.452 	9.186462
1.453 	8.141827
1.454 	7.769777
1.455 	8.752451
1.456 	9.674495
1.457 	8.936908
1.458 	6.958590
1.459 	5.743366
1.460 	6.280860
1.461 	7.199907
1.462 	7.242711
1.463 	6.752833
1.464 	6.480466
1.465 	6.498096
1.466 	6.468083
1.467 	5.489128
1.468 	3.772341
1.469 	3.447757
1.470 	5.009287
1.471 	6.521468
1.472 	6.902873
1.473 	7.284086
1.474 	7.715962
1.475 	7.983362
1.476 	8.340320
1.477 	8.043043
1.478 	6.537987
1.479 	5.714387
1.480 	6.610307
1.481 	7.286262
1.482 	6.837438
1.483 	6.562996
1.484 	7.422670
1.485 	9.464555
1.486 	11.074290
1.487 	10.222040
1.488 	7.520628
1.489 	5.728108
1.490 	5.606758
1.491 	6.740153
1.492 	7.880095
1.493 	8.148855
1.494 	8.472348
1.495 	9.132980
1.496 	8.899827
1.497 	7.131214
1.498 	5.650063
1.499 	6.025271
1.500 	7.254308
1.501 	8.566401
1.502 	9.330969
1.503 	9.289678
1.504 	8.836263
1.505 	7.995688
1.506 	7.054177
1.507 	6.144492
1.508 	6.397710
1.509 	7.367561
1.510 	7.248825
1.511 	5.495964
1.512 	3.933294
1.513 	4.656450
1.514 	7.077716
1.515 	8.972948
1.516 	9.218305
1.517 	8.985253
1.518 	8.965370
1.519 	7.804821
1.520 	5.858409
1.521 	6.434861
1.522 	9.356013
1.523 	10.854115
1.524 	9.159356
1.525 	6.577142
1.526 	5.101980
1.527 	4.627585
1.528 	5.842006
1.529 	7.505311
1.530 	8.756428
1.531 	10.192728
1.532 	11.738633
1.533 	11.173155
1.534 	8.778515
1.535 	6.657862
1.536 	5.362504
1.537 	5.232278
1.538 	4.865885
1.539 	5.133017
1.540 	6.726500
1.541 	7.530019
1.542 	7.466326
1.543 	7.550756
1.544 	6.772545
1.545 	5.381479
1.546 	5.175580
1.547 	6.739472
1.548 	8.920816
1.549 	10.336926
1.550 	10.791317
1.551 	9.219935
1.552 	7.520588
1.553 	7.505910
1.554 	8.142216
1.555 	8.666102
1.556 	10.121475
1.557 	12.166337
1.558 	12.069359
1.559 	9.280602
1.560 	7.259275
1.561 	8.118303
1.562 	9.975812
1.563 	9.403149
1.564 	5.195541
1.565 	2.223452
1.566 	4.395644
1.567 	8.627975
1.568 	10.125483
1.569 	8.961342
1.570 	8.763696
1.571 	8.989679
1.572 	8.334962
1.573 	9.046120
1.574 	10.237444
1.575 	9.518882
1.576 	6.805866
1.577 	5.572931
1.578 	5.602389
1.579 	6.392128
1.580 	6.979977
1.581 	7.944328
1.582 	10.470470
1.583 	10.820358
1.584 	8.385616
1.585 	7.983391
1.586 	9.420028
1.587 	9.629545
1.588 	10.093776
1.589 	9.804065
1.590 	8.467909
1.591 	8.797723
1.592 	10.921034
1.593 	10.827420
1.594 	9.164344
1.595 	10.049426
1.596 	11.877075
1.597 	11.966404
1.598 	12.362670
1.599 	13.292296
1.600 	11.201625
1.601 	8.302012
1.602 	8.140540
1.603 	8.290809
1.604 	7.366626
1.605 	5.816382
1.606 	5.364991
1.607 	7.081295
1.608 	9.338235
1.609 	12.132987
1.610 	13.856130
1.611 	11.323956
1.612 	8.148062
1.613 	8.562828
1.614 	8.975739
1.615 	9.600984
1.616 	10.731177
1.617 	10.144856
1.618 	7.678237
1.619 	7.217732
1.620 	9.767527
1.621 	11.134637
1.622 	9.825110
1.623 	6.509741
1.624 	6.810706
1.625 	12.803200
1.626 	16.007427
1.627 	12.601772
1.628 	7.524678
1.629 	5.815105
1.630 	7.168162
1.631 	7.137763
1.632 	6.535655
1.633 	8.088763
1.634 	8.099044
1.635 	8.515004
1.636 	10.386555
1.637 	10.607807
1.638 	11.398191
1.639 	10.376099
1.640 	5.369347
1.641 	8.874283
1.642 	16.062845
1.643 	16.628773
1.644 	16.272183
1.645 	14.056750
1.646 	7.996048
1.647 	5.170568
1.648 	5.914258
1.649 	6.385047
1.650 	12.022862
1.651 	14.714653
1.652 	8.978072
1.653 	7.657709
1.654 	8.465657
1.655 	8.554498
1.656 	11.060122
1.657 	11.342463
1.658 	9.088982
1.659 	10.571984
1.660 	13.604851
1.661 	15.019449
1.662 	11.520835
1.663 	11.742006
1.664 	12.473593
1.665 	10.905496
1.666 	9.430512
1.667 	9.319377
1.668 	4.902589
1.669 	5.335586
1.670 	8.729479
1.671 	8.098905
1.672 	9.619943
1.673 	13.928890
1.674 	15.065173
1.675 	12.372162
1.676 	12.852173
1.677 	16.298706
1.678 	14.043963
1.679 	7.329222
1.680 	4.620669
1.681 	5.715082
1.682 	12.097819
1.683 	13.197798
1.684 	14.086859
1.685 	10.924084
1.686 	9.068922
1.687 	10.175577
1.688 	9.327683
1.689 	5.075748
1.690 	10.534699
1.691 	20.491235
1.692 	18.233905
1.693 	11.036911
1.694 	1.972824
1.695 	10.137576
1.696 	10.178472
1.697 	-1.462255
1.698 	9.539005
1.699 	17.888262
1.700 	23.880155
