0.660 	32.347488
0.661 	32.006031
0.662 	34.077121
0.663 	31.782629
0.664 	31.765381
0.665 	33.739657
0.666 	33.431731
0.667 	34.992909
0.668 	32.560157
0.669 	31.047428
0.670 	30.133418
0.671 	33.507740
0.672 	33.005506
0.673 	32.601431
0.674 	32.637680
0.675 	32.583704
0.676 	31.774392
0.677 	33.253675
0.678 	30.840000
0.679 	29.980797
0.680 	32.624221
0.681 	32.366617
0.682 	32.166555
0.683 	32.776473
0.684 	31.939570
0.685 	32.659848
0.686 	32.378679
0.687 	32.233650
0.688 	30.969400
0.689 	32.999884
0.690 	33.936887
0.691 	32.564453
0.692 	33.353304
0.693 	32.484092
0.694 	32.822903
0.695 	32.059284
0.696 	32.577113
0.697 	33.039547
0.698 	33.058243
0.699 	31.762115
0.700 	32.101023
0.701 	32.464217
0.702 	33.941018
0.703 	32.828464
0.704 	31.908458
0.705 	31.695376
0.706 	30.842017
0.707 	31.030590
0.708 	30.565155
0.709 	31.833694
0.710 	33.598878
0.711 	33.555843
0.712 	31.003507
0.713 	31.244250
0.714 	32.863123
0.715 	33.367601
0.716 	32.166598
0.717 	31.372008
0.718 	32.411336
0.719 	31.492662
0.720 	31.920607
0.721 	32.892858
0.722 	31.771291
0.723 	30.400383
0.724 	31.724005
0.725 	32.000548
0.726 	32.005696
0.727 	32.277616
0.728 	32.770080
0.729 	32.005053
0.730 	31.569690
0.731 	32.135772
0.732 	32.203335
0.733 	31.688621
0.734 	30.278560
0.735 	31.314480
0.736 	31.841194
0.737 	31.488423
0.738 	31.958758
0.739 	32.461080
0.740 	31.975305
0.741 	30.897875
0.742 	30.611269
0.743 	30.382354
0.744 	30.884257
0.745 	31.820006
0.746 	31.102289
0.747 	30.788457
0.748 	31.735861
0.749 	31.017632
0.750 	30.173791
0.751 	30.663185
0.752 	31.707925
0.753 	31.845716
0.754 	30.908208
0.755 	31.369670
0.756 	32.419641
0.757 	31.942582
0.758 	30.734598
0.759 	30.125521
0.760 	30.716898
0.761 	31.791629
0.762 	31.018180
0.763 	29.968865
0.764 	30.235965
0.765 	31.226978
0.766 	31.216126
0.767 	30.494841
0.768 	30.774580
0.769 	31.547765
0.770 	31.918269
0.771 	31.782663
0.772 	31.089991
0.773 	30.584813
0.774 	31.158208
0.775 	31.720569
0.776 	31.020676
0.777 	29.932462
0.778 	29.805444
0.779 	30.207951
0.780 	30.215450
0.781 	30.474789
0.782 	30.588254
0.783 	30.343491
0.784 	30.495432
0.785 	30.682574
0.786 	31.023328
0.787 	31.277338
0.788 	31.049099
0.789 	30.936740
0.790 	31.072289
0.791 	31.069909
0.792 	30.741946
0.793 	29.971615
0.794 	29.355994
0.795 	29.977507
0.796 	31.257611
0.797 	31.201062
0.798 	30.373472
0.799 	29.934236
0.800 	29.973597
0.801 	30.560489
0.802 	30.580700
0.803 	30.179929
0.804 	29.934960
0.805 	29.914619
0.806 	30.127161
0.807 	29.976875
0.808 	29.911184
0.809 	30.114334
0.810 	30.299264
0.811 	30.138521
0.812 	30.196851
0.813 	30.534131
0.814 	30.564754
0.815 	30.452554
0.816 	30.250056
0.817 	29.928956
0.818 	29.593379
0.819 	29.255071
0.820 	29.207776
0.821 	29.291474
0.822 	29.584446
0.823 	29.946260
0.824 	30.043577
0.825 	29.953597
0.826 	29.854620
0.827 	29.557412
0.828 	28.960331
0.829 	28.784555
0.830 	29.435342
0.831 	29.934669
0.832 	29.867428
0.833 	30.033123
0.834 	30.105488
0.835 	29.415459
0.836 	29.179990
0.837 	29.644821
0.838 	29.516871
0.839 	29.188809
0.840 	29.251182
0.841 	29.247528
0.842 	29.055551
0.843 	29.142861
0.844 	29.662107
0.845 	30.215417
0.846 	30.252027
0.847 	29.612493
0.848 	28.748575
0.849 	28.479465
0.850 	28.859503
0.851 	29.078257
0.852 	28.922163
0.853 	29.119892
0.854 	29.364125
0.855 	28.988227
0.856 	28.448955
0.857 	28.278814
0.858 	28.738147
0.859 	29.416859
0.860 	29.465843
0.861 	28.927360
0.862 	28.609854
0.863 	28.812771
0.864 	29.120510
0.865 	29.247614
0.866 	29.211401
0.867 	29.080460
0.868 	29.000312
0.869 	28.908491
0.870 	28.704405
0.871 	28.777796
0.872 	29.024613
0.873 	28.944691
0.874 	28.768454
0.875 	28.778744
0.876 	28.792418
0.877 	28.623205
0.878 	28.096511
0.879 	27.708196
0.880 	28.114882
0.881 	28.437504
0.882 	28.330855
0.883 	28.653150
0.884 	28.935236
0.885 	28.612479
0.886 	28.382166
0.887 	28.711875
0.888 	28.951704
0.889 	28.826014
0.890 	28.486831
0.891 	28.214906
0.892 	28.327093
0.893 	28.313687
0.894 	28.113587
0.895 	28.046280
0.896 	27.919139
0.897 	27.734520
0.898 	27.919748
0.899 	28.398929
0.900 	28.537308
0.901 	28.438266
0.902 	28.477270
0.903 	28.557625
0.904 	28.480453
0.905 	28.067833
0.906 	27.500742
0.907 	27.112158
0.908 	26.902670
0.909 	27.089221
0.910 	27.373440
0.911 	27.576804
0.912 	28.045434
0.913 	28.474544
0.914 	28.636169
0.915 	28.751048
0.916 	28.594956
0.917 	28.279230
0.918 	27.931910
0.919 	27.582946
0.920 	27.356772
0.921 	27.245759
0.922 	27.161956
0.923 	27.295052
0.924 	27.465977
0.925 	27.440913
0.926 	27.436683
0.927 	27.488497
0.928 	27.367233
0.929 	27.316551
0.930 	27.449385
0.931 	27.400545
0.932 	26.919848
0.933 	26.028416
0.934 	25.360375
0.935 	25.816665
0.936 	26.765706
0.937 	26.734048
0.938 	26.101755
0.939 	26.013206
0.940 	26.374238
0.941 	26.311269
0.942 	26.180049
0.943 	26.457601
0.944 	26.974217
0.945 	26.701186
0.946 	25.610520
0.947 	25.150094
0.948 	25.529177
0.949 	25.540105
0.950 	25.629861
0.951 	25.582707
0.952 	25.439963
0.953 	25.519635
0.954 	25.111616
0.955 	24.698734
0.956 	24.808655
0.957 	24.735221
0.958 	24.534881
0.959 	24.376034
0.960 	24.608821
0.961 	24.981630
0.962 	24.949042
0.963 	25.019984
0.964 	25.160925
0.965 	24.638801
0.966 	24.063249
0.967 	23.934999
0.968 	24.115536
0.969 	24.271817
0.970 	24.231381
0.971 	23.906403
0.972 	23.516105
0.973 	23.904051
0.974 	24.960730
0.975 	25.278747
0.976 	24.828130
0.977 	25.177153
0.978 	24.948147
0.979 	24.037689
0.980 	24.023312
0.981 	23.849157
0.982 	23.842063
0.983 	23.847185
0.984 	24.269039
0.985 	24.652809
0.986 	24.407699
0.987 	24.324295
0.988 	24.500892
0.989 	24.501576
0.990 	24.401735
0.991 	24.192378
0.992 	24.212889
0.993 	24.074705
0.994 	24.233214
0.995 	24.276525
0.996 	23.775397
0.997 	23.939747
0.998 	25.047124
0.999 	25.044947
1.000 	23.555394
1.001 	23.289838
1.002 	24.170292
1.003 	24.504492
1.004 	24.751667
1.005 	25.121347
1.006 	24.740643
1.007 	24.168124
1.008 	24.261479
1.009 	24.416577
1.010 	24.447517
1.011 	24.167297
1.012 	24.115290
1.013 	24.406610
1.014 	25.111355
1.015 	25.234966
1.016 	24.431899
1.017 	24.180697
1.018 	24.542157
1.019 	24.732063
1.020 	24.459265
1.021 	24.372080
1.022 	24.327135
1.023 	24.417243
1.024 	24.214682
1.025 	24.349008
1.026 	24.483770
1.027 	24.917855
1.028 	25.509344
1.029 	25.200322
1.030 	24.314063
1.031 	24.166945
1.032 	25.142176
1.033 	25.741947
1.034 	25.261121
1.035 	24.379135
1.036 	23.938994
1.037 	24.604472
1.038 	25.367902
1.039 	25.250878
1.040 	24.548075
1.041 	24.558471
1.042 	25.053566
1.043 	25.376613
1.044 	25.382392
1.045 	25.223669
1.046 	25.023249
1.047 	24.736752
1.048 	24.316408
1.049 	24.254734
1.050 	24.477710
1.051 	24.587308
1.052 	24.537972
1.053 	24.865261
1.054 	25.211326
1.055 	24.948941
1.056 	24.261085
1.057 	23.903530
1.058 	24.455688
1.059 	25.270215
1.060 	25.644728
1.061 	25.625946
1.062 	25.220976
1.063 	24.625052
1.064 	24.518474
1.065 	24.682082
1.066 	25.192832
1.067 	25.993642
1.068 	26.475602
1.069 	26.205666
1.070 	25.788419
1.071 	25.277774
1.072 	24.979950
1.073 	25.324019
1.074 	25.769175
1.075 	25.519582
1.076 	24.925149
1.077 	24.632672
1.078 	24.506835
1.079 	24.241165
1.080 	24.038087
1.081 	24.202893
1.082 	24.601692
1.083 	24.702421
1.084 	24.709175
1.085 	24.615678
1.086 	24.310654
1.087 	24.150758
1.088 	24.261947
1.089 	25.056519
1.090 	25.736898
1.091 	25.356811
1.092 	24.700486
1.093 	24.657115
1.094 	24.787650
1.095 	24.600175
1.096 	24.269243
1.097 	24.237356
1.098 	24.221712
1.099 	24.094390
1.100 	24.500618
1.101 	24.937664
1.102 	24.719757
1.103 	24.244247
1.104 	23.928574
1.105 	24.017063
1.106 	24.346729
1.107 	24.268457
1.108 	23.926533
1.109 	24.063909
1.110 	24.681565
1.111 	25.406381
1.112 	25.609261
1.113 	24.911546
1.114 	24.385879
1.115 	24.639691
1.116 	24.671251
1.117 	24.285022
1.118 	23.983089
1.119 	23.653993
1.120 	23.344124
1.121 	23.384895
1.122 	23.299144
1.123 	22.778592
1.124 	22.463857
1.125 	22.425444
1.126 	22.431293
1.127 	22.632273
1.128 	22.933318
1.129 	22.939898
1.130 	22.584109
1.131 	22.300849
1.132 	22.383595
1.133 	22.480677
1.134 	22.390784
1.135 	22.210452
1.136 	22.016581
1.137 	21.643230
1.138 	21.343040
1.139 	21.357879
1.140 	21.238606
1.141 	20.737250
1.142 	20.148587
1.143 	19.903785
1.144 	20.196410
1.145 	20.689887
1.146 	20.293753
1.147 	19.423916
1.148 	19.707945
1.149 	20.858943
1.150 	21.567072
1.151 	21.340132
1.152 	20.590076
1.153 	20.310964
1.154 	20.704088
1.155 	20.735822
1.156 	20.104954
1.157 	19.889366
1.158 	20.450537
1.159 	20.889705
1.160 	20.716828
1.161 	20.403563
1.162 	20.425702
1.163 	20.522794
1.164 	20.434384
1.165 	20.477014
1.166 	20.699677
1.167 	20.829687
1.168 	20.623293
1.169 	20.180651
1.170 	19.806756
1.171 	19.681273
1.172 	19.689714
1.173 	19.617914
1.174 	19.685327
1.175 	20.029625
1.176 	20.453176
1.177 	20.665313
1.178 	20.334103
1.179 	19.825580
1.180 	19.700174
1.181 	19.987831
1.182 	20.229354
1.183 	20.268173
1.184 	20.104672
1.185 	19.831721
1.186 	19.535914
1.187 	19.360477
1.188 	19.475609
1.189 	19.666274
1.190 	19.652922
1.191 	19.673700
1.192 	19.642157
1.193 	19.224477
1.194 	18.969970
1.195 	19.174915
1.196 	19.407872
1.197 	19.585040
1.198 	19.964469
1.199 	20.305580
1.200 	20.175406
1.201 	19.973076
1.202 	20.058148
1.203 	20.118977
1.204 	20.124321
1.205 	20.419992
1.206 	20.666218
1.207 	20.295064
1.208 	19.824866
1.209 	19.891221
1.210 	20.135237
1.211 	20.100854
1.212 	20.051745
1.213 	20.295086
1.214 	20.469920
1.215 	20.243782
1.216 	20.018408
1.217 	20.419133
1.218 	20.932738
1.219 	20.844117
1.220 	20.404321
1.221 	20.152667
1.222 	20.474631
1.223 	20.966524
1.224 	21.106568
1.225 	20.935220
1.226 	20.535754
1.227 	20.384772
1.228 	20.801303
1.229 	21.157494
1.230 	21.283717
1.231 	21.355421
1.232 	21.326551
1.233 	21.156260
1.234 	20.874993
1.235 	20.668853
1.236 	20.744271
1.237 	20.958975
1.238 	20.921931
1.239 	20.769808
1.240 	21.037177
1.241 	21.636098
1.242 	21.934893
1.243 	21.602514
1.244 	20.987596
1.245 	20.738769
1.246 	20.936362
1.247 	21.029753
1.248 	21.080693
1.249 	21.038424
1.250 	20.657293
1.251 	20.312303
1.252 	20.596163
1.253 	21.222987
1.254 	21.534080
1.255 	21.471834
1.256 	21.361541
1.257 	21.649864
1.258 	22.084088
1.259 	21.836927
1.260 	20.740534
1.261 	19.676608
1.262 	19.611529
1.263 	20.303902
1.264 	20.840697
1.265 	20.749104
1.266 	20.285459
1.267 	20.065561
1.268 	20.387231
1.269 	21.141498
1.270 	21.527269
1.271 	21.145269
1.272 	20.626826
1.273 	20.530211
1.274 	20.800532
1.275 	20.953247
1.276 	20.797636
1.277 	20.527836
1.278 	20.384590
1.279 	20.606641
1.280 	20.856110
1.281 	20.800652
1.282 	20.932730
1.283 	21.204954
1.284 	21.184830
1.285 	20.844375
1.286 	20.469378
1.287 	20.143220
1.288 	19.759629
1.289 	19.409459
1.290 	19.516075
1.291 	19.867429
1.292 	19.928837
1.293 	19.678454
1.294 	19.539690
1.295 	19.618826
1.296 	19.624047
1.297 	19.847289
1.298 	20.332582
1.299 	20.635440
1.300 	20.744275
1.301 	20.595288
1.302 	20.160567
1.303 	19.656508
1.304 	18.974006
1.305 	18.505776
1.306 	18.739962
1.307 	19.262807
1.308 	19.225300
1.309 	18.614106
1.310 	18.445071
1.311 	19.053414
1.312 	19.246789
1.313 	18.985901
1.314 	19.037959
1.315 	19.082107
1.316 	18.388984
1.317 	17.553709
1.318 	17.597274
1.319 	18.199329
1.320 	18.426996
1.321 	18.249432
1.322 	17.924772
1.323 	17.664328
1.324 	17.542119
1.325 	17.129919
1.326 	16.433409
1.327 	16.273687
1.328 	17.026170
1.329 	17.914444
1.330 	18.314361
1.331 	18.130686
1.332 	17.814937
1.333 	17.990826
1.334 	18.075199
1.335 	17.509089
1.336 	17.176548
1.337 	17.385872
1.338 	17.452141
1.339 	17.419192
1.340 	17.410444
1.341 	17.063655
1.342 	16.506548
1.343 	16.262501
1.344 	16.356473
1.345 	16.246448
1.346 	16.013824
1.347 	16.604243
1.348 	17.476110
1.349 	17.409099
1.350 	16.719136
1.351 	16.142596
1.352 	15.875032
1.353 	15.982565
1.354 	16.250603
1.355 	16.414362
1.356 	16.304420
1.357 	15.347998
1.358 	14.325642
1.359 	14.240964
1.360 	14.859609
1.361 	15.357375
1.362 	15.551596
1.363 	15.899345
1.364 	16.131210
1.365 	16.016603
1.366 	15.935434
1.367 	15.659448
1.368 	15.148202
1.369 	14.718319
1.370 	14.333023
1.371 	14.121861
1.372 	13.968477
1.373 	13.645593
1.374 	13.377902
1.375 	13.388140
1.376 	13.423360
1.377 	13.032900
1.378 	12.690684
1.379 	12.710528
1.380 	12.911828
1.381 	13.687427
1.382 	14.373658
1.383 	13.770755
1.384 	12.350705
1.385 	11.610692
1.386 	11.269741
1.387 	10.521122
1.388 	9.904602
1.389 	10.361444
1.390 	11.146833
1.391 	11.636734
1.392 	12.266172
1.393 	12.577317
1.394 	12.160622
1.395 	11.977968
1.396 	12.332141
1.397 	12.512401
1.398 	12.348959
1.399 	12.351880
1.400 	12.754701
1.401 	12.674520
1.402 	12.046516
1.403 	11.388525
1.404 	10.788103
1.405 	10.931583
1.406 	11.502226
1.407 	11.602184
1.408 	11.837301
1.409 	12.323998
1.410 	12.324287
1.411 	12.284051
1.412 	12.086771
1.413 	11.313310
1.414 	10.992657
1.415 	11.552797
1.416 	11.547357
1.417 	10.915427
1.418 	11.005862
1.419 	11.431013
1.420 	11.680208
1.421 	11.991297
1.422 	12.370543
1.423 	12.569432
1.424 	12.438994
1.425 	12.528830
1.426 	12.586692
1.427 	12.323046
1.428 	11.783800
1.429 	11.124165
1.430 	11.062011
1.431 	11.407938
1.432 	11.582175
1.433 	11.567829
1.434 	11.271087
1.435 	11.042563
1.436 	11.247333
1.437 	11.582516
1.438 	11.872375
1.439 	12.440852
1.440 	12.621175
1.441 	11.970255
1.442 	11.410822
1.443 	11.439393
1.444 	11.722434
1.445 	11.500774
1.446 	10.928069
1.447 	11.124617
1.448 	11.805550
1.449 	11.734874
1.450 	10.881075
1.451 	10.199169
1.452 	11.023379
1.453 	12.635122
1.454 	13.112513
1.455 	12.823152
1.456 	12.630512
1.457 	12.179450
1.458 	11.370143
1.459 	11.147342
1.460 	11.675682
1.461 	12.108100
1.462 	12.072915
1.463 	11.440847
1.464 	11.168672
1.465 	11.894292
1.466 	11.883311
1.467 	11.046691
1.468 	11.463700
1.469 	12.543112
1.470 	12.960217
1.471 	12.895293
1.472 	12.737062
1.473 	12.916269
1.474 	12.590764
1.475 	11.256444
1.476 	10.434179
1.477 	11.076863
1.478 	12.035856
1.479 	12.178900
1.480 	11.906868
1.481 	12.493884
1.482 	13.257898
1.483 	12.830269
1.484 	12.113003
1.485 	11.854857
1.486 	11.864268
1.487 	12.585065
1.488 	13.201215
1.489 	12.263997
1.490 	10.715813
1.491 	10.694323
1.492 	11.443868
1.493 	12.185225
1.494 	12.814234
1.495 	13.033561
1.496 	13.537214
1.497 	14.127929
1.498 	13.786572
1.499 	13.020490
1.500 	12.931022
1.501 	12.814191
1.502 	12.437709
1.503 	12.125895
1.504 	11.958984
1.505 	11.808503
1.506 	11.853054
1.507 	12.430524
1.508 	13.128762
1.509 	13.052113
1.510 	13.132909
1.511 	14.079512
1.512 	14.180431
1.513 	13.848698
1.514 	14.207066
1.515 	14.445264
1.516 	14.140488
1.517 	13.353022
1.518 	12.795685
1.519 	12.899215
1.520 	12.984323
1.521 	12.574274
1.522 	12.310878
1.523 	12.722619
1.524 	13.089263
1.525 	13.223000
1.526 	13.786232
1.527 	13.854069
1.528 	13.656839
1.529 	13.350831
1.530 	13.272469
1.531 	13.286414
1.532 	12.891692
1.533 	13.135528
1.534 	13.696366
1.535 	13.685687
1.536 	12.850287
1.537 	12.656950
1.538 	13.139535
1.539 	13.162834
1.540 	12.880091
1.541 	12.717273
1.542 	13.297626
1.543 	14.561884
1.544 	15.767224
1.545 	15.829209
1.546 	14.557319
1.547 	13.818051
1.548 	14.434864
1.549 	14.861699
1.550 	14.542546
1.551 	14.418515
1.552 	14.229317
1.553 	14.405336
1.554 	15.221367
1.555 	14.705024
1.556 	13.873216
1.557 	13.986483
1.558 	13.432824
1.559 	13.374340
1.560 	14.086482
1.561 	14.002752
1.562 	13.736685
1.563 	13.857683
1.564 	15.103243
1.565 	15.942087
1.566 	14.834334
1.567 	14.690526
1.568 	14.662637
1.569 	14.570655
1.570 	14.822355
1.571 	14.452418
1.572 	14.687794
1.573 	15.357064
1.574 	14.520842
1.575 	13.145387
1.576 	13.206706
1.577 	13.549210
1.578 	13.545808
1.579 	14.934202
1.580 	15.915471
1.581 	15.719986
1.582 	14.867862
1.583 	14.099441
1.584 	14.109761
1.585 	14.080876
1.586 	14.204098
1.587 	14.541154
1.588 	15.170706
1.589 	15.070261
1.590 	15.024950
1.591 	15.697089
1.592 	16.086628
1.593 	16.283494
1.594 	15.571933
1.595 	15.450061
1.596 	15.973029
1.597 	14.955904
1.598 	14.858179
1.599 	15.062636
1.600 	14.698855
1.601 	15.488998
1.602 	15.375580
1.603 	14.573087
1.604 	14.557084
1.605 	15.170600
1.606 	17.915841
1.607 	19.435355
1.608 	15.673296
1.609 	12.795410
1.610 	14.427272
1.611 	17.525581
1.612 	18.393619
1.613 	16.612296
1.614 	14.604828
1.615 	13.741824
1.616 	15.185194
1.617 	14.968547
1.618 	14.085105
1.619 	16.526914
1.620 	16.948820
1.621 	16.772351
1.622 	17.273539
1.623 	16.326200
1.624 	16.326053
1.625 	16.213586
1.626 	15.806121
1.627 	16.100599
1.628 	15.567772
1.629 	16.921827
1.630 	16.843793
1.631 	15.597476
1.632 	17.537414
1.633 	17.548298
1.634 	16.012125
1.635 	15.943244
1.636 	16.806123
1.637 	16.699487
1.638 	17.271370
1.639 	18.166816
1.640 	17.697334
1.641 	15.530426
1.642 	14.029116
1.643 	16.371068
1.644 	17.805970
1.645 	16.814972
1.646 	15.575788
1.647 	15.951598
1.648 	18.081841
1.649 	19.011009
1.650 	19.249088
1.651 	18.164647
1.652 	17.066322
1.653 	16.610528
1.654 	17.463974
1.655 	19.726546
1.656 	19.165407
1.657 	19.736612
1.658 	19.277557
1.659 	18.465188
1.660 	19.375017
1.661 	19.185409
1.662 	18.473459
1.663 	21.099367
1.664 	21.295370
1.665 	19.604522
1.666 	16.410022
1.667 	18.275029
1.668 	21.987844
1.669 	20.802895
1.670 	20.737083
1.671 	21.347849
1.672 	22.104186
1.673 	22.972404
1.674 	25.550256
1.675 	26.965354
1.676 	21.954762
1.677 	19.729479
1.678 	19.302580
1.679 	19.423904
1.680 	28.317205
1.681 	22.958108
1.682 	21.590599
1.683 	30.207544
1.684 	27.423885
1.685 	25.717160
1.686 	25.631798
1.687 	23.913603
1.688 	24.011499
1.689 	29.546693
1.690 	22.651958
1.691 	22.999121
1.692 	21.101729
1.693 	34.073184
1.694 	29.011803
1.695 	26.691678
1.696 	23.705221
1.697 	36.771965
1.698 	39.928454
1.699 	27.835504
1.700 	14.395551
