0.660 	39.922222
0.661 	42.343708
0.662 	41.691716
0.663 	41.053014
0.664 	42.024179
0.665 	41.763061
0.666 	40.947006
0.667 	40.663275
0.668 	43.536828
0.669 	42.298407
0.670 	41.996753
0.671 	40.414761
0.672 	41.603342
0.673 	43.488521
0.674 	43.188663
0.675 	42.634188
0.676 	40.937215
0.677 	39.583906
0.678 	40.856322
0.679 	39.570213
0.680 	39.629373
0.681 	42.276819
0.682 	41.610370
0.683 	42.637901
0.684 	41.217870
0.685 	41.258112
0.686 	40.759938
0.687 	39.775722
0.688 	37.879622
0.689 	39.280534
0.690 	40.830063
0.691 	41.218273
0.692 	42.609034
0.693 	41.923414
0.694 	40.852527
0.695 	39.370399
0.696 	40.570637
0.697 	39.941841
0.698 	37.699193
0.699 	39.435771
0.700 	40.410420
0.701 	41.423871
0.702 	41.200056
0.703 	41.666835
0.704 	40.496221
0.705 	37.684750
0.706 	38.920283
0.707 	38.578271
0.708 	37.398083
0.709 	38.879570
0.710 	38.374431
0.711 	38.489208
0.712 	39.074484
0.713 	39.592287
0.714 	39.372445
0.715 	37.873442
0.716 	39.461367
0.717 	40.628267
0.718 	39.272422
0.719 	38.266183
0.720 	38.847568
0.721 	39.446253
0.722 	39.360806
0.723 	39.067412
0.724 	38.334677
0.725 	38.395411
0.726 	38.114648
0.727 	37.999539
0.728 	38.607387
0.729 	37.695762
0.730 	37.092017
0.731 	37.739324
0.732 	38.939000
0.733 	38.771439
0.734 	38.752430
0.735 	38.259627
0.736 	37.050634
0.737 	37.419654
0.738 	37.569908
0.739 	36.990611
0.740 	36.975759
0.741 	36.697723
0.742 	35.901180
0.743 	37.189400
0.744 	38.099613
0.745 	37.545272
0.746 	37.100235
0.747 	36.517584
0.748 	37.886109
0.749 	38.452241
0.750 	36.831981
0.751 	35.743427
0.752 	35.424417
0.753 	35.936211
0.754 	36.811764
0.755 	37.123156
0.756 	36.575530
0.757 	36.805374
0.758 	37.153128
0.759 	37.234520
0.760 	36.846773
0.761 	36.042166
0.762 	35.993187
0.763 	36.383794
0.764 	36.951807
0.765 	37.117985
0.766 	36.905318
0.767 	36.354328
0.768 	36.052546
0.769 	36.304490
0.770 	36.567503
0.771 	37.329327
0.772 	37.733322
0.773 	37.158267
0.774 	36.166016
0.775 	35.557662
0.776 	35.389897
0.777 	35.380461
0.778 	35.778991
0.779 	36.574599
0.780 	37.105751
0.781 	36.950116
0.782 	36.226676
0.783 	35.665065
0.784 	35.606060
0.785 	36.076128
0.786 	36.119639
0.787 	36.160662
0.788 	35.998484
0.789 	35.636085
0.790 	35.829860
0.791 	35.704087
0.792 	34.929493
0.793 	35.386786
0.794 	36.772294
0.795 	37.126656
0.796 	36.466579
0.797 	35.057257
0.798 	34.384006
0.799 	34.997217
0.800 	36.152419
0.801 	37.103191
0.802 	36.985649
0.803 	36.088921
0.804 	35.358291
0.805 	35.388949
0.806 	35.473795
0.807 	35.545783
0.808 	35.428000
0.809 	34.837825
0.810 	34.649227
0.811 	35.222282
0.812 	35.499178
0.813 	34.988418
0.814 	34.719918
0.815 	35.008777
0.816 	35.248828
0.817 	35.436546
0.818 	35.466806
0.819 	35.436562
0.820 	35.575067
0.821 	35.530346
0.822 	35.091122
0.823 	34.716549
0.824 	34.531362
0.825 	34.485875
0.826 	34.738083
0.827 	35.029198
0.828 	35.008427
0.829 	34.913092
0.830 	34.805552
0.831 	34.520503
0.832 	34.278327
0.833 	34.603647
0.834 	34.856982
0.835 	35.030460
0.836 	35.170728
0.837 	34.536325
0.838 	33.652040
0.839 	33.432274
0.840 	33.608692
0.841 	33.818087
0.842 	34.236795
0.843 	34.825019
0.844 	34.993672
0.845 	34.597712
0.846 	34.272166
0.847 	34.269604
0.848 	33.858679
0.849 	33.276306
0.850 	33.326865
0.851 	33.760683
0.852 	33.860434
0.853 	33.520756
0.854 	33.312427
0.855 	33.782853
0.856 	34.359852
0.857 	34.536249
0.858 	34.761660
0.859 	34.958331
0.860 	34.288340
0.861 	33.014166
0.862 	32.512491
0.863 	32.975811
0.864 	33.358869
0.865 	33.234461
0.866 	32.966241
0.867 	33.188369
0.868 	33.658584
0.869 	33.970368
0.870 	33.916739
0.871 	33.633377
0.872 	33.707115
0.873 	34.179962
0.874 	34.428671
0.875 	34.141196
0.876 	33.851757
0.877 	33.755327
0.878 	33.471436
0.879 	33.166714
0.880 	33.106616
0.881 	33.121441
0.882 	33.113637
0.883 	33.185689
0.884 	33.097117
0.885 	32.938407
0.886 	32.903192
0.887 	32.751733
0.888 	32.525763
0.889 	32.771051
0.890 	33.587616
0.891 	33.914887
0.892 	33.353592
0.893 	32.916638
0.894 	32.982160
0.895 	33.096349
0.896 	33.021551
0.897 	32.885484
0.898 	32.789672
0.899 	32.826648
0.900 	33.033674
0.901 	33.361395
0.902 	33.428181
0.903 	33.037928
0.904 	32.416115
0.905 	32.213429
0.906 	32.789127
0.907 	33.403783
0.908 	33.425031
0.909 	33.154392
0.910 	32.954249
0.911 	32.522920
0.912 	31.871794
0.913 	31.529979
0.914 	31.808016
0.915 	32.118568
0.916 	32.425451
0.917 	32.719810
0.918 	32.727773
0.919 	32.354519
0.920 	32.063335
0.921 	32.237753
0.922 	32.666394
0.923 	32.851905
0.924 	32.524518
0.925 	32.169355
0.926 	32.053558
0.927 	31.837138
0.928 	31.797192
0.929 	32.211020
0.930 	32.389248
0.931 	32.254723
0.932 	32.051855
0.933 	31.618586
0.934 	31.289524
0.935 	31.468738
0.936 	31.766488
0.937 	31.589863
0.938 	31.628107
0.939 	31.733066
0.940 	31.601050
0.941 	31.511226
0.942 	31.897160
0.943 	32.301672
0.944 	32.334216
0.945 	31.922777
0.946 	31.675957
0.947 	31.656531
0.948 	31.577074
0.949 	31.357513
0.950 	31.183031
0.951 	31.443694
0.952 	31.394054
0.953 	30.773333
0.954 	30.616038
0.955 	30.835376
0.956 	31.170376
0.957 	31.235891
0.958 	30.520981
0.959 	29.902712
0.960 	29.875595
0.961 	29.997299
0.962 	30.095379
0.963 	30.675040
0.964 	31.103063
0.965 	30.592993
0.966 	30.389685
0.967 	30.878763
0.968 	31.321438
0.969 	30.854012
0.970 	30.430042
0.971 	30.819786
0.972 	30.684375
0.973 	30.753573
0.974 	31.046646
0.975 	30.741031
0.976 	30.986280
0.977 	31.170084
0.978 	31.022129
0.979 	30.541404
0.980 	29.994140
0.981 	29.831245
0.982 	30.030550
0.983 	30.725179
0.984 	31.211804
0.985 	30.352792
0.986 	29.961142
0.987 	30.085046
0.988 	30.525224
0.989 	30.766516
0.990 	30.960328
0.991 	31.279218
0.992 	31.397428
0.993 	31.316809
0.994 	30.998654
0.995 	30.861421
0.996 	31.296417
0.997 	30.894267
0.998 	30.513368
0.999 	30.856008
1.000 	31.160790
1.001 	31.153102
1.002 	30.657925
1.003 	30.825749
1.004 	31.364505
1.005 	30.881386
1.006 	30.847815
1.007 	31.230654
1.008 	30.884131
1.009 	30.297827
1.010 	30.350767
1.011 	30.753932
1.012 	31.182882
1.013 	31.791147
1.014 	31.721220
1.015 	30.932028
1.016 	30.632950
1.017 	30.990616
1.018 	31.660186
1.019 	31.739267
1.020 	31.362137
1.021 	31.607273
1.022 	31.727872
1.023 	31.027058
1.024 	31.222924
1.025 	31.645363
1.026 	31.883109
1.027 	31.828817
1.028 	31.389145
1.029 	30.937016
1.030 	30.916106
1.031 	31.243742
1.032 	31.490504
1.033 	31.727901
1.034 	31.864861
1.035 	31.547897
1.036 	30.992353
1.037 	30.946833
1.038 	31.642648
1.039 	32.100275
1.040 	31.346220
1.041 	30.985970
1.042 	31.598231
1.043 	32.064141
1.044 	32.044485
1.045 	31.417777
1.046 	31.178231
1.047 	31.827542
1.048 	32.317792
1.049 	32.191169
1.050 	31.808492
1.051 	31.839686
1.052 	32.192402
1.053 	32.429846
1.054 	32.011747
1.055 	31.021370
1.056 	30.895077
1.057 	31.617654
1.058 	32.151634
1.059 	32.270011
1.060 	32.173521
1.061 	31.572571
1.062 	31.483150
1.063 	32.106642
1.064 	32.129142
1.065 	31.307112
1.066 	30.800237
1.067 	31.315111
1.068 	32.090911
1.069 	32.290866
1.070 	32.083781
1.071 	31.812090
1.072 	31.529493
1.073 	31.633419
1.074 	32.334716
1.075 	33.092706
1.076 	33.268346
1.077 	32.531783
1.078 	31.401440
1.079 	30.858849
1.080 	30.861863
1.081 	31.245028
1.082 	31.923455
1.083 	32.049419
1.084 	31.815246
1.085 	32.228656
1.086 	32.841255
1.087 	32.602116
1.088 	31.771362
1.089 	31.473755
1.090 	31.686256
1.091 	31.462495
1.092 	31.201756
1.093 	31.754178
1.094 	32.330608
1.095 	32.209701
1.096 	31.688784
1.097 	31.498761
1.098 	31.927150
1.099 	32.185344
1.100 	31.864139
1.101 	31.705669
1.102 	31.949111
1.103 	32.035778
1.104 	31.853673
1.105 	31.876021
1.106 	32.033517
1.107 	31.597115
1.108 	30.775267
1.109 	30.342943
1.110 	30.447714
1.111 	30.525387
1.112 	30.813397
1.113 	31.637962
1.114 	31.910297
1.115 	31.210688
1.116 	30.533321
1.117 	30.586271
1.118 	31.285784
1.119 	31.690679
1.120 	31.393516
1.121 	31.298235
1.122 	31.641079
1.123 	31.589584
1.124 	31.127476
1.125 	30.835279
1.126 	30.607877
1.127 	30.220229
1.128 	29.861874
1.129 	29.926518
1.130 	30.489896
1.131 	31.002858
1.132 	30.790902
1.133 	30.476629
1.134 	30.549605
1.135 	30.721782
1.136 	30.860498
1.137 	30.668189
1.138 	30.140879
1.139 	29.927754
1.140 	29.977947
1.141 	29.638284
1.142 	28.975997
1.143 	28.340139
1.144 	27.837966
1.145 	27.738466
1.146 	28.150572
1.147 	28.653401
1.148 	28.470061
1.149 	27.803555
1.150 	27.605655
1.151 	27.816057
1.152 	27.412102
1.153 	26.636842
1.154 	26.760322
1.155 	27.418333
1.156 	27.513566
1.157 	27.029809
1.158 	26.888039
1.159 	27.348220
1.160 	27.554969
1.161 	27.199403
1.162 	26.787412
1.163 	26.445330
1.164 	26.165874
1.165 	26.190417
1.166 	26.603468
1.167 	26.887724
1.168 	26.762246
1.169 	26.692360
1.170 	26.925404
1.171 	27.060244
1.172 	26.659386
1.173 	25.966677
1.174 	26.007979
1.175 	26.895200
1.176 	27.343670
1.177 	26.917399
1.178 	26.510731
1.179 	26.434043
1.180 	26.546032
1.181 	26.687746
1.182 	26.715517
1.183 	26.664258
1.184 	26.327496
1.185 	25.806159
1.186 	25.625019
1.187 	25.973595
1.188 	26.450948
1.189 	26.551168
1.190 	26.166777
1.191 	25.668761
1.192 	25.512632
1.193 	25.550424
1.194 	25.513791
1.195 	25.595589
1.196 	26.050368
1.197 	26.681748
1.198 	27.017600
1.199 	26.697926
1.200 	25.981001
1.201 	25.367143
1.202 	25.428920
1.203 	26.134781
1.204 	26.562996
1.205 	26.196454
1.206 	25.764977
1.207 	25.997231
1.208 	26.681157
1.209 	26.991921
1.210 	26.408423
1.211 	25.532458
1.212 	25.371466
1.213 	25.828943
1.214 	26.060425
1.215 	26.105973
1.216 	26.341005
1.217 	26.715680
1.218 	26.776998
1.219 	26.620513
1.220 	26.725314
1.221 	26.689702
1.222 	26.438066
1.223 	26.469265
1.224 	26.519824
1.225 	26.285785
1.226 	26.126620
1.227 	26.192107
1.228 	26.423070
1.229 	27.001338
1.230 	27.659102
1.231 	27.861995
1.232 	27.533039
1.233 	26.995301
1.234 	26.366625
1.235 	25.828389
1.236 	25.962677
1.237 	26.377791
1.238 	26.596941
1.239 	26.778215
1.240 	27.201435
1.241 	27.656048
1.242 	27.543623
1.243 	27.122873
1.244 	27.223747
1.245 	27.658227
1.246 	27.694894
1.247 	27.555064
1.248 	27.444288
1.249 	27.228655
1.250 	27.083288
1.251 	27.301266
1.252 	27.749978
1.253 	27.852286
1.254 	27.644885
1.255 	27.616868
1.256 	27.611383
1.257 	27.353354
1.258 	27.100155
1.259 	27.156274
1.260 	27.559840
1.261 	27.974582
1.262 	27.949950
1.263 	27.816892
1.264 	27.724694
1.265 	27.377677
1.266 	27.105553
1.267 	27.140022
1.268 	27.188805
1.269 	27.184684
1.270 	27.351289
1.271 	27.823035
1.272 	28.248953
1.273 	28.131683
1.274 	27.636780
1.275 	27.170268
1.276 	26.696821
1.277 	26.558677
1.278 	27.040580
1.279 	27.657818
1.280 	27.905757
1.281 	27.914339
1.282 	27.845020
1.283 	27.852973
1.284 	27.987230
1.285 	27.892044
1.286 	27.542963
1.287 	27.416636
1.288 	27.373147
1.289 	27.037767
1.290 	26.714687
1.291 	26.910005
1.292 	27.311954
1.293 	27.278609
1.294 	26.709780
1.295 	26.408661
1.296 	26.616469
1.297 	26.820470
1.298 	26.991417
1.299 	27.377793
1.300 	27.721204
1.301 	27.731404
1.302 	27.221507
1.303 	26.316086
1.304 	25.717500
1.305 	25.756633
1.306 	26.185926
1.307 	26.683904
1.308 	26.978862
1.309 	27.040518
1.310 	27.087281
1.311 	27.197118
1.312 	27.263423
1.313 	27.195135
1.314 	26.932678
1.315 	26.586550
1.316 	25.760980
1.317 	24.616509
1.318 	24.363047
1.319 	25.399045
1.320 	26.059567
1.321 	25.733327
1.322 	25.671048
1.323 	26.168854
1.324 	26.509022
1.325 	26.046592
1.326 	24.907028
1.327 	24.066827
1.328 	24.394673
1.329 	25.168588
1.330 	25.575061
1.331 	25.541837
1.332 	25.391302
1.333 	25.024556
1.334 	24.407249
1.335 	23.815725
1.336 	23.604181
1.337 	23.675095
1.338 	23.443859
1.339 	22.705516
1.340 	22.410926
1.341 	22.894273
1.342 	23.368735
1.343 	23.468172
1.344 	23.496400
1.345 	23.349919
1.346 	23.059343
1.347 	23.352582
1.348 	23.808344
1.349 	23.884400
1.350 	23.865278
1.351 	23.510930
1.352 	22.561263
1.353 	22.169971
1.354 	22.765222
1.355 	23.311043
1.356 	23.289310
1.357 	23.073034
1.358 	22.972989
1.359 	22.703676
1.360 	22.109916
1.361 	21.719512
1.362 	21.937665
1.363 	22.491162
1.364 	22.775261
1.365 	22.797313
1.366 	22.968689
1.367 	23.148151
1.368 	22.770867
1.369 	21.889958
1.370 	21.109201
1.371 	20.912418
1.372 	21.235027
1.373 	21.362505
1.374 	21.037497
1.375 	20.659091
1.376 	20.122160
1.377 	19.402149
1.378 	18.944840
1.379 	19.657307
1.380 	20.669634
1.381 	21.060246
1.382 	21.538912
1.383 	21.880223
1.384 	20.580047
1.385 	18.986559
1.386 	18.693838
1.387 	19.164777
1.388 	19.625635
1.389 	20.017540
1.390 	19.827744
1.391 	18.929149
1.392 	18.066938
1.393 	17.519339
1.394 	16.930329
1.395 	16.608861
1.396 	16.942658
1.397 	17.296824
1.398 	17.516308
1.399 	17.791981
1.400 	17.599953
1.401 	17.397749
1.402 	17.527997
1.403 	17.564165
1.404 	17.686256
1.405 	17.812414
1.406 	17.090159
1.407 	15.766466
1.408 	14.846126
1.409 	14.533757
1.410 	15.062782
1.411 	15.985587
1.412 	16.710632
1.413 	17.257906
1.414 	17.617419
1.415 	17.542408
1.416 	16.895115
1.417 	15.948718
1.418 	15.108642
1.419 	15.308805
1.420 	16.663080
1.421 	17.568202
1.422 	17.772616
1.423 	18.088441
1.424 	18.022805
1.425 	17.253429
1.426 	16.329576
1.427 	15.831227
1.428 	16.120003
1.429 	16.851540
1.430 	16.824333
1.431 	16.019120
1.432 	15.174509
1.433 	14.640196
1.434 	14.886710
1.435 	15.922834
1.436 	16.753492
1.437 	16.236677
1.438 	15.134105
1.439 	15.270632
1.440 	16.172974
1.441 	16.337396
1.442 	15.968177
1.443 	16.140682
1.444 	16.479459
1.445 	16.278776
1.446 	15.755096
1.447 	15.074959
1.448 	14.880875
1.449 	15.652221
1.450 	16.284547
1.451 	16.026166
1.452 	15.726773
1.453 	16.270445
1.454 	17.216698
1.455 	17.284094
1.456 	16.605773
1.457 	15.926594
1.458 	15.508782
1.459 	15.593858
1.460 	16.757712
1.461 	18.447419
1.462 	18.446671
1.463 	17.096894
1.464 	16.469045
1.465 	16.468947
1.466 	16.032006
1.467 	15.476708
1.468 	15.770554
1.469 	16.572296
1.470 	16.456773
1.471 	15.889600
1.472 	16.245671
1.473 	16.792401
1.474 	16.689322
1.475 	16.235986
1.476 	15.770363
1.477 	15.642192
1.478 	16.160714
1.479 	16.985301
1.480 	17.017899
1.481 	16.232156
1.482 	15.527247
1.483 	15.292291
1.484 	15.945672
1.485 	16.920707
1.486 	17.723353
1.487 	18.446229
1.488 	18.593885
1.489 	18.362779
1.490 	18.569480
1.491 	18.535588
1.492 	17.657764
1.493 	16.668569
1.494 	15.286862
1.495 	13.519346
1.496 	13.323880
1.497 	15.153617
1.498 	17.138449
1.499 	17.904058
1.500 	17.582739
1.501 	17.168227
1.502 	17.110810
1.503 	17.039108
1.504 	16.693761
1.505 	16.275972
1.506 	16.388869
1.507 	16.948124
1.508 	17.107686
1.509 	17.149800
1.510 	17.990265
1.511 	18.452193
1.512 	17.983869
1.513 	17.725692
1.514 	17.460899
1.515 	16.703485
1.516 	16.786006
1.517 	17.696226
1.518 	17.814162
1.519 	17.473617
1.520 	17.172068
1.521 	16.573330
1.522 	16.148247
1.523 	16.593153
1.524 	17.549011
1.525 	17.816811
1.526 	16.775219
1.527 	15.761511
1.528 	16.409230
1.529 	17.210620
1.530 	17.090163
1.531 	17.625228
1.532 	18.899285
1.533 	19.175735
1.534 	18.395214
1.535 	18.042389
1.536 	17.802086
1.537 	17.766525
1.538 	18.491839
1.539 	19.119611
1.540 	18.597293
1.541 	17.689220
1.542 	17.611039
1.543 	18.459575
1.544 	18.977160
1.545 	18.537602
1.546 	17.866673
1.547 	17.675153
1.548 	17.834627
1.549 	18.051841
1.550 	18.225181
1.551 	18.721217
1.552 	18.825655
1.553 	18.017931
1.554 	17.520705
1.555 	18.137784
1.556 	18.577804
1.557 	18.878721
1.558 	18.808167
1.559 	17.458810
1.560 	16.879278
1.561 	17.593637
1.562 	18.623189
1.563 	20.175395
1.564 	20.471550
1.565 	18.490947
1.566 	16.794954
1.567 	17.556123
1.568 	19.593024
1.569 	20.595846
1.570 	19.913685
1.571 	18.658381
1.572 	17.507106
1.573 	17.605427
1.574 	19.054724
1.575 	19.607026
1.576 	19.415449
1.577 	19.134795
1.578 	19.829470
1.579 	20.078261
1.580 	18.763114
1.581 	17.749929
1.582 	17.755927
1.583 	18.851267
1.584 	18.873127
1.585 	18.538183
1.586 	19.537801
1.587 	20.198849
1.588 	19.504636
1.589 	19.369765
1.590 	19.713010
1.591 	19.527970
1.592 	19.695491
1.593 	20.024919
1.594 	20.796316
1.595 	21.354826
1.596 	19.990943
1.597 	18.701694
1.598 	19.127246
1.599 	19.946927
1.600 	20.774826
1.601 	20.261734
1.602 	18.936983
1.603 	18.874381
1.604 	19.868141
1.605 	21.370599
1.606 	21.997355
1.607 	19.438229
1.608 	17.544556
1.609 	18.558479
1.610 	19.130085
1.611 	19.523926
1.612 	20.400250
1.613 	19.197554
1.614 	18.648821
1.615 	19.853561
1.616 	19.523218
1.617 	18.332351
1.618 	17.792440
1.619 	19.039986
1.620 	20.429359
1.621 	20.977397
1.622 	21.654587
1.623 	21.433120
1.624 	19.984872
1.625 	20.898365
1.626 	21.894966
1.627 	19.951352
1.628 	19.714393
1.629 	20.984646
1.630 	20.881309
1.631 	21.298369
1.632 	21.542007
1.633 	18.402565
1.634 	17.695617
1.635 	21.274853
1.636 	21.538297
1.637 	20.012584
1.638 	20.168570
1.639 	20.320879
1.640 	21.325386
1.641 	21.602100
1.642 	18.917813
1.643 	18.345953
1.644 	20.122013
1.645 	19.100540
1.646 	19.045249
1.647 	20.915053
1.648 	20.666955
1.649 	21.176081
1.650 	20.593982
1.651 	19.125411
1.652 	19.943391
1.653 	22.322659
1.654 	23.183326
1.655 	21.561867
1.656 	21.020999
1.657 	20.111616
1.658 	20.000944
1.659 	22.161208
1.660 	23.895280
1.661 	22.309204
1.662 	18.778013
1.663 	18.702865
1.664 	20.783805
1.665 	21.469070
1.666 	22.434123
1.667 	22.991312
1.668 	20.574438
1.669 	19.330959
1.670 	20.572060
1.671 	19.801970
1.672 	23.408226
1.673 	22.860029
1.674 	24.499497
1.675 	24.955244
1.676 	22.703057
1.677 	23.738776
1.678 	24.849729
1.679 	16.675926
1.680 	15.946903
1.681 	22.235876
1.682 	18.932051
1.683 	18.305757
1.684 	27.326249
1.685 	25.504059
1.686 	23.513806
1.687 	24.637432
1.688 	21.415257
1.689 	21.303732
1.690 	22.461815
1.691 	18.209493
1.692 	26.063968
1.693 	28.978378
1.694 	18.550303
1.695 	24.920619
1.696 	23.298786
1.697 	7.253120
1.698 	26.538514
1.699 	22.672575
1.700 	22.128995
