0.660 	32.442339
0.661 	33.139672
0.662 	33.690825
0.663 	29.878547
0.664 	33.389389
0.665 	33.039963
0.666 	33.555725
0.667 	33.339319
0.668 	33.087888
0.669 	32.872743
0.670 	29.989250
0.671 	32.406233
0.672 	32.708505
0.673 	32.754004
0.674 	31.878736
0.675 	30.953303
0.676 	31.809078
0.677 	33.435041
0.678 	32.652899
0.679 	29.701302
0.680 	29.663823
0.681 	31.351829
0.682 	32.720359
0.683 	32.538066
0.684 	31.123812
0.685 	31.462143
0.686 	31.976790
0.687 	33.975015
0.688 	30.710901
0.689 	31.389007
0.690 	31.845937
0.691 	31.207117
0.692 	31.609418
0.693 	30.909322
0.694 	28.968989
0.695 	30.096642
0.696 	32.099140
0.697 	32.408465
0.698 	31.237341
0.699 	30.809804
0.700 	31.995492
0.701 	31.595748
0.702 	29.440478
0.703 	30.959344
0.704 	31.380584
0.705 	30.608488
0.706 	30.093786
0.707 	30.085558
0.708 	30.296146
0.709 	29.213470
0.710 	29.357550
0.711 	31.228947
0.712 	29.531343
0.713 	29.167694
0.714 	29.622793
0.715 	30.213982
0.716 	31.575739
0.717 	30.325266
0.718 	28.607994
0.719 	28.954191
0.720 	30.851010
0.721 	31.675535
0.722 	30.698065
0.723 	29.765265
0.724 	29.660543
0.725 	29.868339
0.726 	28.329839
0.727 	27.868102
0.728 	28.722414
0.729 	29.491869
0.730 	29.501155
0.731 	29.517074
0.732 	29.810448
0.733 	29.792062
0.734 	30.379751
0.735 	30.195328
0.736 	29.012937
0.737 	28.786912
0.738 	28.700818
0.739 	28.763551
0.740 	29.211591
0.741 	28.344385
0.742 	27.434175
0.743 	29.044109
0.744 	29.693945
0.745 	27.949331
0.746 	27.532535
0.747 	28.189176
0.748 	29.983651
0.749 	30.196926
0.750 	29.032592
0.751 	29.606895
0.752 	28.981276
0.753 	26.818074
0.754 	26.428384
0.755 	27.020298
0.756 	27.686411
0.757 	28.369615
0.758 	28.597315
0.759 	28.477707
0.760 	28.138316
0.761 	27.849827
0.762 	28.101053
0.763 	27.857617
0.764 	27.810336
0.765 	28.757492
0.766 	29.272465
0.767 	28.174565
0.768 	26.864445
0.769 	26.319908
0.770 	27.193204
0.771 	28.386557
0.772 	27.594009
0.773 	27.048401
0.774 	27.709922
0.775 	27.407133
0.776 	27.089223
0.777 	27.702883
0.778 	28.149697
0.779 	28.137796
0.780 	28.390545
0.781 	27.999615
0.782 	27.155219
0.783 	27.117408
0.784 	27.590366
0.785 	27.348575
0.786 	26.687316
0.787 	27.070922
0.788 	27.474836
0.789 	27.238133
0.790 	27.577500
0.791 	28.025967
0.792 	28.002933
0.793 	27.765067
0.794 	27.244611
0.795 	26.621551
0.796 	26.365033
0.797 	26.491738
0.798 	26.928813
0.799 	27.648161
0.800 	28.075200
0.801 	27.990141
0.802 	27.542143
0.803 	26.702088
0.804 	26.473606
0.805 	26.712818
0.806 	26.130284
0.807 	25.470634
0.808 	26.010765
0.809 	26.836854
0.810 	26.478165
0.811 	26.066678
0.812 	26.835081
0.813 	27.686623
0.814 	27.364765
0.815 	26.138881
0.816 	25.372935
0.817 	25.558444
0.818 	26.066868
0.819 	26.509570
0.820 	26.607918
0.821 	26.408595
0.822 	26.221585
0.823 	25.560398
0.824 	25.034276
0.825 	25.598251
0.826 	26.232752
0.827 	26.095649
0.828 	25.941800
0.829 	26.074026
0.830 	26.136411
0.831 	26.145315
0.832 	26.115890
0.833 	26.295609
0.834 	26.469231
0.835 	26.609478
0.836 	26.895090
0.837 	26.733116
0.838 	26.075773
0.839 	25.488226
0.840 	25.066240
0.841 	24.962474
0.842 	25.235381
0.843 	25.705982
0.844 	26.136571
0.845 	25.841686
0.846 	25.265071
0.847 	25.266814
0.848 	25.260332
0.849 	25.136199
0.850 	25.316721
0.851 	25.440281
0.852 	25.324479
0.853 	25.027952
0.854 	24.917512
0.855 	25.125774
0.856 	25.202243
0.857 	25.256871
0.858 	25.655739
0.859 	25.912878
0.860 	25.531758
0.861 	24.921188
0.862 	24.461895
0.863 	24.099497
0.864 	23.966537
0.865 	24.427219
0.866 	24.888670
0.867 	24.928205
0.868 	25.048660
0.869 	25.175215
0.870 	24.951434
0.871 	24.880953
0.872 	25.203128
0.873 	25.688415
0.874 	25.827865
0.875 	25.417873
0.876 	25.229799
0.877 	25.279181
0.878 	25.074280
0.879 	24.714346
0.880 	24.311489
0.881 	24.246946
0.882 	24.862915
0.883 	25.338160
0.884 	24.755684
0.885 	24.075778
0.886 	24.268477
0.887 	24.636793
0.888 	24.426523
0.889 	24.357863
0.890 	24.692986
0.891 	24.696626
0.892 	24.431969
0.893 	24.289653
0.894 	24.390477
0.895 	24.568868
0.896 	24.369535
0.897 	24.075897
0.898 	24.291758
0.899 	24.741989
0.900 	24.903940
0.901 	24.624421
0.902 	23.948203
0.903 	23.319872
0.904 	23.192268
0.905 	23.640211
0.906 	24.166684
0.907 	24.406041
0.908 	24.266697
0.909 	23.719242
0.910 	23.090037
0.911 	23.081934
0.912 	23.651894
0.913 	24.273082
0.914 	24.527715
0.915 	24.405657
0.916 	24.060847
0.917 	23.746945
0.918 	23.908695
0.919 	24.132967
0.920 	23.769048
0.921 	23.433555
0.922 	23.956687
0.923 	24.729760
0.924 	24.777719
0.925 	24.194429
0.926 	23.949134
0.927 	23.938135
0.928 	23.667474
0.929 	23.181065
0.930 	22.694021
0.931 	22.644684
0.932 	22.973586
0.933 	23.136106
0.934 	23.166378
0.935 	23.195116
0.936 	23.086551
0.937 	22.838993
0.938 	22.927114
0.939 	23.156624
0.940 	22.952046
0.941 	22.769687
0.942 	22.942309
0.943 	23.354955
0.944 	23.053134
0.945 	22.287659
0.946 	22.226001
0.947 	22.019531
0.948 	21.838734
0.949 	22.188703
0.950 	22.620778
0.951 	22.353630
0.952 	21.573073
0.953 	20.792367
0.954 	20.545851
0.955 	21.012005
0.956 	21.105216
0.957 	20.385600
0.958 	19.982775
0.959 	20.088010
0.960 	20.502674
0.961 	20.813721
0.962 	20.515135
0.963 	20.796671
0.964 	21.787292
0.965 	21.585604
0.966 	20.690640
0.967 	20.328495
0.968 	20.289016
0.969 	20.281766
0.970 	20.274577
0.971 	20.124810
0.972 	19.963924
0.973 	20.128658
0.974 	20.440399
0.975 	20.285355
0.976 	20.215731
0.977 	20.102443
0.978 	20.358876
0.979 	20.559241
0.980 	19.868444
0.981 	18.965064
0.982 	18.668194
0.983 	19.272134
0.984 	19.897823
0.985 	19.721957
0.986 	19.505125
0.987 	19.763939
0.988 	19.683933
0.989 	19.181433
0.990 	18.799685
0.991 	19.119816
0.992 	19.635084
0.993 	19.578352
0.994 	19.284766
0.995 	19.326152
0.996 	19.797602
0.997 	19.610742
0.998 	19.139277
0.999 	19.011065
1.000 	19.256685
1.001 	18.694430
1.002 	18.579432
1.003 	19.759319
1.004 	20.232101
1.005 	19.439449
1.006 	19.403561
1.007 	19.801460
1.008 	19.560309
1.009 	18.750422
1.010 	18.199922
1.011 	18.811297
1.012 	20.050330
1.013 	20.806881
1.014 	20.338117
1.015 	19.714689
1.016 	19.514746
1.017 	19.189703
1.018 	18.789900
1.019 	19.291672
1.020 	19.843815
1.021 	20.016669
1.022 	19.617672
1.023 	19.206805
1.024 	19.792607
1.025 	20.012483
1.026 	19.621043
1.027 	19.165380
1.028 	18.831717
1.029 	18.743730
1.030 	19.136097
1.031 	19.638562
1.032 	19.115041
1.033 	18.953013
1.034 	19.767530
1.035 	20.118530
1.036 	19.699758
1.037 	19.423650
1.038 	19.313589
1.039 	19.501866
1.040 	20.224499
1.041 	20.168884
1.042 	19.836154
1.043 	19.532235
1.044 	19.116962
1.045 	18.957213
1.046 	19.599334
1.047 	20.349931
1.048 	20.751774
1.049 	20.887038
1.050 	20.485633
1.051 	20.110422
1.052 	20.058698
1.053 	19.773120
1.054 	19.467800
1.055 	19.233647
1.056 	19.252930
1.057 	19.557007
1.058 	20.386352
1.059 	21.177897
1.060 	20.680932
1.061 	19.676536
1.062 	19.687003
1.063 	20.331159
1.064 	20.304372
1.065 	19.715355
1.066 	19.491123
1.067 	19.584272
1.068 	19.931109
1.069 	20.313706
1.070 	20.135375
1.071 	19.725925
1.072 	19.865724
1.073 	20.707512
1.074 	21.479491
1.075 	21.222450
1.076 	20.274899
1.077 	19.578990
1.078 	19.719780
1.079 	20.303695
1.080 	20.490705
1.081 	20.359651
1.082 	20.304728
1.083 	20.540227
1.084 	20.862973
1.085 	20.781035
1.086 	20.343334
1.087 	19.965952
1.088 	19.621298
1.089 	19.339805
1.090 	19.245230
1.091 	19.452325
1.092 	20.058282
1.093 	20.536511
1.094 	20.639083
1.095 	20.254744
1.096 	19.711224
1.097 	19.824530
1.098 	20.517326
1.099 	20.715864
1.100 	20.147132
1.101 	20.004604
1.102 	20.248118
1.103 	20.140737
1.104 	19.790965
1.105 	19.332462
1.106 	19.093221
1.107 	19.069418
1.108 	19.033196
1.109 	19.505704
1.110 	20.342047
1.111 	20.268131
1.112 	19.652606
1.113 	19.554965
1.114 	19.881630
1.115 	20.435566
1.116 	20.548322
1.117 	19.980104
1.118 	19.599044
1.119 	19.476361
1.120 	19.422499
1.121 	19.282953
1.122 	19.128607
1.123 	19.228806
1.124 	19.401103
1.125 	19.514356
1.126 	19.622893
1.127 	19.308875
1.128 	18.614652
1.129 	18.270336
1.130 	18.680414
1.131 	19.182836
1.132 	19.039268
1.133 	18.590413
1.134 	18.343871
1.135 	18.643271
1.136 	19.130822
1.137 	19.072460
1.138 	18.497534
1.139 	18.044018
1.140 	17.917180
1.141 	17.626226
1.142 	16.939817
1.143 	16.245600
1.144 	15.805240
1.145 	15.634123
1.146 	15.884018
1.147 	16.194582
1.148 	15.810156
1.149 	15.453179
1.150 	15.812468
1.151 	16.008764
1.152 	15.718791
1.153 	15.248468
1.154 	15.037682
1.155 	15.294422
1.156 	15.678317
1.157 	16.066471
1.158 	16.383410
1.159 	16.168805
1.160 	15.362535
1.161 	14.657265
1.162 	14.465711
1.163 	14.437986
1.164 	14.209380
1.165 	14.068979
1.166 	14.354470
1.167 	14.710670
1.168 	14.917293
1.169 	15.141074
1.170 	15.138468
1.171 	14.833519
1.172 	14.822613
1.173 	15.052729
1.174 	15.057544
1.175 	14.606855
1.176 	13.922205
1.177 	13.671421
1.178 	13.890206
1.179 	14.301179
1.180 	14.692984
1.181 	14.619825
1.182 	14.226515
1.183 	14.248928
1.184 	14.585900
1.185 	14.885308
1.186 	15.034627
1.187 	14.862524
1.188 	14.736664
1.189 	14.693928
1.190 	14.485013
1.191 	14.567895
1.192 	14.977939
1.193 	14.635070
1.194 	13.560134
1.195 	13.035025
1.196 	13.134012
1.197 	13.373847
1.198 	13.591805
1.199 	13.684052
1.200 	13.578178
1.201 	13.431075
1.202 	13.703545
1.203 	14.424718
1.204 	14.844114
1.205 	14.358412
1.206 	13.393549
1.207 	12.816651
1.208 	13.167611
1.209 	13.904865
1.210 	14.180266
1.211 	14.212947
1.212 	14.374979
1.213 	14.575093
1.214 	14.478811
1.215 	13.947510
1.216 	13.673339
1.217 	14.201280
1.218 	14.715070
1.219 	14.827158
1.220 	14.999119
1.221 	14.946330
1.222 	14.714926
1.223 	14.904580
1.224 	15.062795
1.225 	14.828344
1.226 	14.481419
1.227 	13.905264
1.228 	13.258600
1.229 	13.757334
1.230 	15.205159
1.231 	15.986245
1.232 	15.721216
1.233 	15.494602
1.234 	15.444015
1.235 	15.038824
1.236 	14.912675
1.237 	15.361064
1.238 	15.658564
1.239 	15.159496
1.240 	14.472259
1.241 	14.583991
1.242 	15.436964
1.243 	15.956591
1.244 	15.765592
1.245 	15.305892
1.246 	14.478486
1.247 	13.748855
1.248 	13.990141
1.249 	15.140674
1.250 	15.815569
1.251 	15.663712
1.252 	15.242870
1.253 	14.992679
1.254 	15.079574
1.255 	15.359349
1.256 	15.393012
1.257 	15.266621
1.258 	15.360443
1.259 	15.611633
1.260 	16.065975
1.261 	16.358954
1.262 	15.848517
1.263 	15.204057
1.264 	15.411271
1.265 	16.118531
1.266 	16.608894
1.267 	16.341279
1.268 	15.303586
1.269 	14.127573
1.270 	13.760409
1.271 	14.342270
1.272 	15.035414
1.273 	15.247954
1.274 	15.310491
1.275 	15.786054
1.276 	16.340195
1.277 	16.523453
1.278 	16.491793
1.279 	16.281735
1.280 	15.847195
1.281 	15.426225
1.282 	15.320013
1.283 	15.381224
1.284 	15.211543
1.285 	14.946921
1.286 	14.825915
1.287 	14.826999
1.288 	14.734011
1.289 	14.590484
1.290 	14.836641
1.291 	15.439325
1.292 	15.756606
1.293 	15.538450
1.294 	15.072312
1.295 	14.903284
1.296 	14.922210
1.297 	14.674948
1.298 	14.248309
1.299 	13.894939
1.300 	13.949205
1.301 	14.410446
1.302 	14.709574
1.303 	14.561981
1.304 	14.492113
1.305 	14.573333
1.306 	14.375651
1.307 	13.898708
1.308 	13.560051
1.309 	13.650035
1.310 	14.114155
1.311 	14.354237
1.312 	14.067902
1.313 	13.821213
1.314 	14.239927
1.315 	14.713791
1.316 	14.200213
1.317 	13.002982
1.318 	12.333045
1.319 	12.324739
1.320 	12.344885
1.321 	12.570754
1.322 	13.216490
1.323 	13.669227
1.324 	13.728470
1.325 	13.354485
1.326 	12.691091
1.327 	12.293211
1.328 	12.600381
1.329 	13.131597
1.330 	13.232432
1.331 	12.846603
1.332 	12.361390
1.333 	11.764024
1.334 	11.543354
1.335 	11.935952
1.336 	11.872945
1.337 	11.050636
1.338 	9.958461
1.339 	9.394681
1.340 	10.138162
1.341 	11.428104
1.342 	11.381093
1.343 	10.299777
1.344 	9.982738
1.345 	10.375931
1.346 	10.285362
1.347 	9.735754
1.348 	9.526363
1.349 	9.751275
1.350 	10.020626
1.351 	10.008406
1.352 	9.939494
1.353 	10.371458
1.354 	11.136532
1.355 	11.375937
1.356 	10.867248
1.357 	10.072840
1.358 	9.701086
1.359 	9.389110
1.360 	8.513469
1.361 	7.477627
1.362 	7.249561
1.363 	8.261580
1.364 	9.427263
1.365 	10.010156
1.366 	10.389618
1.367 	10.511487
1.368 	9.730863
1.369 	8.867986
1.370 	8.604879
1.371 	8.182992
1.372 	7.561736
1.373 	7.670298
1.374 	8.714135
1.375 	9.506082
1.376 	8.890456
1.377 	7.178416
1.378 	6.210216
1.379 	6.985146
1.380 	7.494236
1.381 	6.994120
1.382 	6.676265
1.383 	7.010525
1.384 	6.937931
1.385 	5.975903
1.386 	5.119380
1.387 	5.576789
1.388 	6.429082
1.389 	6.597107
1.390 	5.991072
1.391 	5.349636
1.392 	5.481679
1.393 	5.616268
1.394 	5.024739
1.395 	4.729219
1.396 	5.479840
1.397 	6.059356
1.398 	5.715377
1.399 	5.186511
1.400 	4.571910
1.401 	4.224462
1.402 	4.354211
1.403 	4.383427
1.404 	4.734986
1.405 	5.525305
1.406 	5.462910
1.407 	3.979577
1.408 	2.681655
1.409 	2.507605
1.410 	2.793337
1.411 	2.771642
1.412 	2.756257
1.413 	3.259372
1.414 	3.640139
1.415 	4.077926
1.416 	4.753692
1.417 	4.530973
1.418 	3.677381
1.419 	3.639505
1.420 	4.473872
1.421 	4.785309
1.422 	4.165526
1.423 	3.615931
1.424 	3.548946
1.425 	3.696127
1.426 	3.726084
1.427 	3.370138
1.428 	3.111968
1.429 	3.881443
1.430 	4.981404
1.431 	4.953255
1.432 	3.873467
1.433 	3.396842
1.434 	3.967967
1.435 	4.546163
1.436 	4.807701
1.437 	4.687380
1.438 	4.173362
1.439 	3.904734
1.440 	4.109697
1.441 	4.178336
1.442 	3.990730
1.443 	4.320412
1.444 	4.745286
1.445 	4.460456
1.446 	3.945543
1.447 	3.465122
1.448 	3.180024
1.449 	3.613191
1.450 	3.883694
1.451 	3.031954
1.452 	2.249721
1.453 	2.801963
1.454 	4.019321
1.455 	4.579669
1.456 	4.292709
1.457 	3.645005
1.458 	3.756066
1.459 	4.524626
1.460 	4.422152
1.461 	3.898935
1.462 	4.005536
1.463 	4.371184
1.464 	4.965859
1.465 	5.087378
1.466 	4.012302
1.467 	3.213043
1.468 	3.734372
1.469 	4.528886
1.470 	4.868174
1.471 	5.068672
1.472 	5.052468
1.473 	4.558957
1.474 	3.712952
1.475 	3.274755
1.476 	3.818008
1.477 	4.379765
1.478 	3.998959
1.479 	3.583947
1.480 	3.840885
1.481 	3.929672
1.482 	3.535722
1.483 	2.679970
1.484 	2.016973
1.485 	2.579267
1.486 	4.331547
1.487 	5.676413
1.488 	4.970392
1.489 	3.657876
1.490 	4.064585
1.491 	5.505499
1.492 	5.685054
1.493 	4.932382
1.494 	4.235677
1.495 	3.327302
1.496 	2.888377
1.497 	3.499434
1.498 	4.231243
1.499 	4.016807
1.500 	3.167542
1.501 	3.187447
1.502 	4.446756
1.503 	4.925779
1.504 	3.849277
1.505 	2.649410
1.506 	3.085084
1.507 	4.531162
1.508 	5.341366
1.509 	5.388595
1.510 	4.830042
1.511 	4.052181
1.512 	4.485960
1.513 	6.212842
1.514 	6.475304
1.515 	4.328837
1.516 	3.342465
1.517 	4.042963
1.518 	4.418756
1.519 	4.860287
1.520 	4.298516
1.521 	3.033862
1.522 	3.132383
1.523 	4.601642
1.524 	5.363590
1.525 	5.032966
1.526 	4.530145
1.527 	4.489978
1.528 	4.865659
1.529 	4.056139
1.530 	2.742893
1.531 	3.518094
1.532 	5.105976
1.533 	5.105047
1.534 	4.502257
1.535 	5.112119
1.536 	5.922541
1.537 	5.811515
1.538 	5.632755
1.539 	5.793826
1.540 	5.702687
1.541 	4.615709
1.542 	3.863198
1.543 	5.683817
1.544 	7.403366
1.545 	6.756396
1.546 	6.027254
1.547 	6.223586
1.548 	5.362645
1.549 	3.304004
1.550 	2.303766
1.551 	4.118844
1.552 	6.555073
1.553 	6.564074
1.554 	4.883207
1.555 	4.227315
1.556 	4.781732
1.557 	6.086322
1.558 	7.287985
1.559 	7.249026
1.560 	5.461502
1.561 	3.455298
1.562 	3.300911
1.563 	5.119171
1.564 	6.165751
1.565 	5.527336
1.566 	6.188256
1.567 	7.523100
1.568 	7.570549
1.569 	7.685145
1.570 	7.828472
1.571 	7.463853
1.572 	6.918008
1.573 	4.840247
1.574 	3.443313
1.575 	4.018999
1.576 	5.093109
1.577 	5.635321
1.578 	7.138010
1.579 	7.848956
1.580 	6.866100
1.581 	5.768872
1.582 	5.796701
1.583 	6.432308
1.584 	6.238670
1.585 	6.117081
1.586 	6.178098
1.587 	5.775554
1.588 	4.845040
1.589 	4.694437
1.590 	5.823111
1.591 	7.221103
1.592 	8.369170
1.593 	8.322593
1.594 	7.616692
1.595 	6.587450
1.596 	5.413000
1.597 	6.416283
1.598 	7.473604
1.599 	6.943106
1.600 	6.458622
1.601 	6.259382
1.602 	5.602563
1.603 	5.887664
1.604 	6.698967
1.605 	7.752777
1.606 	8.665836
1.607 	7.251710
1.608 	6.102371
1.609 	5.310652
1.610 	4.814215
1.611 	6.327233
1.612 	8.446306
1.613 	8.395581
1.614 	7.082371
1.615 	6.008901
1.616 	6.188241
1.617 	5.810179
1.618 	4.744908
1.619 	5.750185
1.620 	7.832672
1.621 	7.837246
1.622 	6.662302
1.623 	6.108084
1.624 	7.090582
1.625 	8.810383
1.626 	8.228313
1.627 	7.461194
1.628 	7.434369
1.629 	7.150492
1.630 	8.034072
1.631 	7.337171
1.632 	8.076837
1.633 	6.892755
1.634 	4.955547
1.635 	6.923762
1.636 	7.855520
1.637 	8.333111
1.638 	8.666744
1.639 	9.028166
1.640 	8.402360
1.641 	7.529656
1.642 	8.395636
1.643 	8.256571
1.644 	5.853413
1.645 	4.932319
1.646 	4.356054
1.647 	4.995342
1.648 	6.862920
1.649 	8.604870
1.650 	9.113309
1.651 	7.846150
1.652 	7.166037
1.653 	10.022174
1.654 	10.161880
1.655 	7.633515
1.656 	7.019801
1.657 	7.289995
1.658 	6.439072
1.659 	7.664409
1.660 	10.430636
1.661 	9.111593
1.662 	6.800857
1.663 	6.617303
1.664 	6.630583
1.665 	5.882347
1.666 	6.735044
1.667 	7.118397
1.668 	5.136289
1.669 	5.852756
1.670 	8.311094
1.671 	8.382014
1.672 	12.019425
1.673 	10.411794
1.674 	6.061959
1.675 	9.449778
1.676 	12.450419
1.677 	6.692859
1.678 	7.311753
1.679 	10.630029
1.680 	8.468081
1.681 	11.414390
1.682 	10.088943
1.683 	8.118510
1.684 	5.578364
1.685 	7.462963
1.686 	4.789118
1.687 	9.798510
1.688 	17.138022
1.689 	10.746826
1.690 	7.312618
1.691 	1.478765
1.692 	5.055249
1.693 	0.217781
1.694 	0.358214
1.695 	11.349787
1.696 	8.719537
1.697 	0.698110
1.698 	10.637451
1.699 	6.128147
1.700 	1.032280
