0.660 	34.422193
0.661 	41.207472
0.662 	39.700757
0.663 	38.923300
0.664 	39.255051
0.665 	37.742784
0.666 	34.891553
0.667 	39.558060
0.668 	40.835241
0.669 	35.487656
0.670 	38.133296
0.671 	39.097648
0.672 	35.557521
0.673 	37.051301
0.674 	39.434799
0.675 	38.251208
0.676 	35.322981
0.677 	36.858517
0.678 	37.486909
0.679 	36.851193
0.680 	35.283376
0.681 	36.429540
0.682 	37.068528
0.683 	36.363670
0.684 	36.097495
0.685 	37.313054
0.686 	37.891815
0.687 	38.111175
0.688 	36.007013
0.689 	35.364503
0.690 	35.830039
0.691 	36.721772
0.692 	35.651756
0.693 	36.415191
0.694 	36.737471
0.695 	37.462722
0.696 	38.180115
0.697 	37.364021
0.698 	36.101198
0.699 	36.724204
0.700 	37.041917
0.701 	37.238250
0.702 	35.623534
0.703 	36.287238
0.704 	37.071651
0.705 	35.966996
0.706 	33.288096
0.707 	33.715872
0.708 	35.021054
0.709 	34.405924
0.710 	34.330891
0.711 	37.079509
0.712 	36.760016
0.713 	35.381441
0.714 	33.941686
0.715 	34.815147
0.716 	36.274911
0.717 	36.661528
0.718 	36.053167
0.719 	34.563264
0.720 	33.999035
0.721 	35.173341
0.722 	35.526196
0.723 	35.375761
0.724 	34.442430
0.725 	34.162718
0.726 	34.629732
0.727 	34.473672
0.728 	33.949073
0.729 	34.574379
0.730 	34.351762
0.731 	34.779865
0.732 	34.957853
0.733 	34.442193
0.734 	34.833943
0.735 	35.029883
0.736 	33.697244
0.737 	32.907720
0.738 	33.203795
0.739 	33.566994
0.740 	34.532069
0.741 	34.299716
0.742 	33.052317
0.743 	32.439679
0.744 	33.328808
0.745 	33.395145
0.746 	32.603963
0.747 	33.051740
0.748 	35.363079
0.749 	35.845754
0.750 	33.345508
0.751 	32.426816
0.752 	32.998997
0.753 	32.787824
0.754 	32.889814
0.755 	32.880482
0.756 	33.021013
0.757 	34.004259
0.758 	34.112014
0.759 	33.264848
0.760 	33.001248
0.761 	32.851301
0.762 	32.884992
0.763 	32.278384
0.764 	31.588364
0.765 	31.829314
0.766 	32.589285
0.767 	32.929589
0.768 	32.577214
0.769 	32.168761
0.770 	32.629540
0.771 	33.348736
0.772 	33.646095
0.773 	33.614637
0.774 	32.925458
0.775 	32.417475
0.776 	32.316410
0.777 	31.824661
0.778 	32.287703
0.779 	33.507153
0.780 	33.535886
0.781 	32.558706
0.782 	31.848061
0.783 	31.454413
0.784 	31.749338
0.785 	32.801906
0.786 	33.073442
0.787 	32.659294
0.788 	32.244272
0.789 	31.991147
0.790 	31.866058
0.791 	31.950337
0.792 	32.206119
0.793 	32.426289
0.794 	32.645740
0.795 	32.877349
0.796 	32.619066
0.797 	32.013200
0.798 	32.206621
0.799 	32.848847
0.800 	32.304623
0.801 	31.457865
0.802 	31.250030
0.803 	31.669604
0.804 	32.135214
0.805 	32.037998
0.806 	31.554516
0.807 	31.376275
0.808 	31.505891
0.809 	31.744400
0.810 	32.214320
0.811 	32.330139
0.812 	31.946244
0.813 	31.662775
0.814 	31.539196
0.815 	31.409968
0.816 	31.587403
0.817 	31.777741
0.818 	31.509205
0.819 	31.431512
0.820 	31.401067
0.821 	31.011328
0.822 	30.976907
0.823 	30.989217
0.824 	30.767589
0.825 	31.081007
0.826 	31.663411
0.827 	31.551764
0.828 	31.144719
0.829 	31.171092
0.830 	31.290177
0.831 	30.929012
0.832 	30.775495
0.833 	31.314752
0.834 	31.313563
0.835 	30.802337
0.836 	30.796412
0.837 	30.833311
0.838 	30.622275
0.839 	30.622863
0.840 	30.305886
0.841 	30.014161
0.842 	30.311943
0.843 	30.892301
0.844 	31.426808
0.845 	31.121274
0.846 	30.119988
0.847 	29.953983
0.848 	30.531600
0.849 	30.630690
0.850 	30.238908
0.851 	29.994694
0.852 	29.800957
0.853 	29.608030
0.854 	29.752934
0.855 	30.090442
0.856 	30.177574
0.857 	29.947460
0.858 	30.257010
0.859 	30.872073
0.860 	30.754010
0.861 	30.216000
0.862 	29.827375
0.863 	29.726650
0.864 	29.773294
0.865 	29.962061
0.866 	30.050586
0.867 	30.173223
0.868 	30.334517
0.869 	30.250271
0.870 	30.113584
0.871 	30.187746
0.872 	30.220447
0.873 	30.124097
0.874 	29.773520
0.875 	29.187246
0.876 	29.066264
0.877 	29.706139
0.878 	30.571397
0.879 	31.074271
0.880 	30.936112
0.881 	30.480547
0.882 	29.905312
0.883 	29.290798
0.884 	29.044270
0.885 	29.361839
0.886 	30.051755
0.887 	30.291061
0.888 	29.824170
0.889 	29.286991
0.890 	29.099938
0.891 	29.249113
0.892 	29.411132
0.893 	29.354605
0.894 	29.330348
0.895 	29.291742
0.896 	28.866402
0.897 	28.257762
0.898 	28.037745
0.899 	28.588449
0.900 	29.513986
0.901 	30.128920
0.902 	29.705575
0.903 	28.484073
0.904 	27.905419
0.905 	28.314977
0.906 	29.006593
0.907 	29.516258
0.908 	29.583740
0.909 	29.361712
0.910 	29.149334
0.911 	28.698810
0.912 	28.258505
0.913 	28.547815
0.914 	29.430261
0.915 	29.748673
0.916 	29.299407
0.917 	28.728474
0.918 	28.607591
0.919 	28.518536
0.920 	28.108365
0.921 	28.020024
0.922 	28.369012
0.923 	28.583040
0.924 	28.500038
0.925 	28.268021
0.926 	28.243343
0.927 	28.448164
0.928 	28.672675
0.929 	28.874615
0.930 	28.813627
0.931 	28.574058
0.932 	28.110166
0.933 	27.550725
0.934 	27.346117
0.935 	27.467420
0.936 	27.735698
0.937 	27.752356
0.938 	27.468090
0.939 	27.438938
0.940 	27.714216
0.941 	28.154215
0.942 	28.138123
0.943 	27.874488
0.944 	27.684348
0.945 	27.567474
0.946 	27.500800
0.947 	27.004940
0.948 	26.998577
0.949 	27.337275
0.950 	27.487697
0.951 	27.296374
0.952 	26.869576
0.953 	26.079325
0.954 	25.532249
0.955 	25.984388
0.956 	26.373647
0.957 	26.300320
0.958 	26.396919
0.959 	26.095729
0.960 	26.019118
0.961 	26.165406
0.962 	26.007879
0.963 	26.450960
0.964 	26.600320
0.965 	25.745806
0.966 	25.001861
0.967 	24.860870
0.968 	25.103918
0.969 	25.393435
0.970 	25.600352
0.971 	25.284022
0.972 	24.824721
0.973 	25.214580
0.974 	25.400864
0.975 	25.074707
0.976 	25.247871
0.977 	25.559557
0.978 	25.508839
0.979 	24.927321
0.980 	24.237693
0.981 	23.610687
0.982 	23.748035
0.983 	24.593408
0.984 	24.715517
0.985 	24.138038
0.986 	24.057798
0.987 	24.555775
0.988 	24.763614
0.989 	24.524273
0.990 	24.573562
0.991 	24.186998
0.992 	24.073870
0.993 	24.387615
0.994 	25.029077
0.995 	25.753276
0.996 	25.723837
0.997 	24.628445
0.998 	23.852842
0.999 	24.100649
1.000 	24.515767
1.001 	24.297001
1.002 	24.446916
1.003 	25.109418
1.004 	25.007436
1.005 	24.424280
1.006 	24.466973
1.007 	24.172296
1.008 	23.363311
1.009 	23.154198
1.010 	23.492092
1.011 	23.856782
1.012 	23.991337
1.013 	24.353170
1.014 	24.845276
1.015 	24.751800
1.016 	24.405516
1.017 	23.866840
1.018 	23.562254
1.019 	24.045121
1.020 	24.437649
1.021 	24.916490
1.022 	24.673154
1.023 	23.919633
1.024 	24.104675
1.025 	24.309730
1.026 	24.078790
1.027 	23.969130
1.028 	24.056042
1.029 	24.243358
1.030 	24.286875
1.031 	24.453073
1.032 	24.734227
1.033 	25.366170
1.034 	25.628407
1.035 	24.836998
1.036 	23.913340
1.037 	23.642756
1.038 	23.704675
1.039 	23.952346
1.040 	23.960459
1.041 	23.678885
1.042 	23.766177
1.043 	23.961605
1.044 	24.191983
1.045 	24.622971
1.046 	24.741172
1.047 	24.587878
1.048 	24.673704
1.049 	24.838079
1.050 	24.867369
1.051 	25.051805
1.052 	25.031232
1.053 	24.274992
1.054 	23.339320
1.055 	23.225670
1.056 	23.816330
1.057 	24.360021
1.058 	24.711705
1.059 	24.698684
1.060 	24.374679
1.061 	24.286851
1.062 	24.685452
1.063 	24.936499
1.064 	24.460726
1.065 	23.614815
1.066 	23.387441
1.067 	23.718445
1.068 	24.415912
1.069 	25.096236
1.070 	24.704274
1.071 	23.815220
1.072 	23.824132
1.073 	24.509690
1.074 	24.755496
1.075 	24.853041
1.076 	25.093779
1.077 	24.813155
1.078 	24.195108
1.079 	24.016668
1.080 	23.965722
1.081 	23.872245
1.082 	24.221978
1.083 	24.569712
1.084 	24.592012
1.085 	24.701216
1.086 	24.721882
1.087 	24.556597
1.088 	24.635772
1.089 	24.615321
1.090 	24.225604
1.091 	23.944685
1.092 	23.945332
1.093 	23.827479
1.094 	24.000630
1.095 	24.428828
1.096 	24.209086
1.097 	23.838213
1.098 	23.979581
1.099 	23.829337
1.100 	23.313802
1.101 	23.420448
1.102 	23.931659
1.103 	24.187727
1.104 	24.011956
1.105 	23.660597
1.106 	23.685461
1.107 	23.835484
1.108 	23.513687
1.109 	23.016365
1.110 	23.081144
1.111 	23.370524
1.112 	23.269749
1.113 	23.359559
1.114 	23.976896
1.115 	24.519135
1.116 	24.683702
1.117 	24.584378
1.118 	24.220406
1.119 	23.650886
1.120 	23.339823
1.121 	23.108218
1.122 	22.681854
1.123 	22.740344
1.124 	23.204292
1.125 	23.441672
1.126 	23.576170
1.127 	23.519686
1.128 	23.303312
1.129 	23.410605
1.130 	23.827071
1.131 	23.941497
1.132 	23.386276
1.133 	22.948769
1.134 	23.158671
1.135 	23.227752
1.136 	22.760782
1.137 	22.208388
1.138 	21.888951
1.139 	21.746943
1.140 	21.451458
1.141 	20.950807
1.142 	20.724989
1.143 	20.641716
1.144 	20.587663
1.145 	20.837538
1.146 	21.174799
1.147 	21.166794
1.148 	20.871104
1.149 	20.599390
1.150 	20.463301
1.151 	20.254794
1.152 	19.736874
1.153 	19.195109
1.154 	19.159164
1.155 	19.619234
1.156 	20.097888
1.157 	20.247044
1.158 	20.346058
1.159 	20.554191
1.160 	20.582581
1.161 	20.407286
1.162 	20.044981
1.163 	19.516700
1.164 	18.983282
1.165 	18.715626
1.166 	19.185672
1.167 	20.009031
1.168 	20.285540
1.169 	20.049102
1.170 	19.706721
1.171 	19.509317
1.172 	19.412145
1.173 	19.180962
1.174 	19.144889
1.175 	19.430341
1.176 	19.550555
1.177 	19.152285
1.178 	18.711245
1.179 	18.831606
1.180 	19.259249
1.181 	19.341196
1.182 	19.171719
1.183 	19.216207
1.184 	19.295258
1.185 	19.390401
1.186 	19.689394
1.187 	19.817540
1.188 	19.732965
1.189 	19.579090
1.190 	19.325466
1.191 	18.950539
1.192 	18.627359
1.193 	18.819654
1.194 	19.357226
1.195 	19.577992
1.196 	19.660231
1.197 	19.760065
1.198 	19.487978
1.199 	19.316802
1.200 	19.661002
1.201 	19.823646
1.202 	19.451185
1.203 	19.224888
1.204 	19.070225
1.205 	18.560220
1.206 	18.194534
1.207 	18.755171
1.208 	19.626066
1.209 	19.688018
1.210 	19.072544
1.211 	18.828956
1.212 	19.137222
1.213 	19.411306
1.214 	19.326525
1.215 	18.811814
1.216 	18.344683
1.217 	18.621052
1.218 	19.166668
1.219 	19.490363
1.220 	19.805044
1.221 	19.856168
1.222 	19.749419
1.223 	19.832384
1.224 	19.818176
1.225 	19.525013
1.226 	19.297513
1.227 	19.372929
1.228 	19.672007
1.229 	20.180130
1.230 	20.544498
1.231 	20.271223
1.232 	19.515837
1.233 	19.181761
1.234 	19.293956
1.235 	18.996834
1.236 	18.611024
1.237 	18.954391
1.238 	19.881255
1.239 	20.386485
1.240 	20.198908
1.241 	20.121422
1.242 	20.388464
1.243 	20.304612
1.244 	19.892168
1.245 	19.816845
1.246 	19.725203
1.247 	19.175516
1.248 	18.624918
1.249 	18.687252
1.250 	19.467109
1.251 	20.415362
1.252 	21.071308
1.253 	21.156809
1.254 	20.827861
1.255 	20.420239
1.256 	19.995216
1.257 	19.501280
1.258 	19.498193
1.259 	20.058381
1.260 	20.598913
1.261 	20.648952
1.262 	20.416711
1.263 	20.310784
1.264 	20.403899
1.265 	20.420865
1.266 	20.314694
1.267 	20.229680
1.268 	20.061703
1.269 	19.593447
1.270 	19.150649
1.271 	19.045927
1.272 	19.081408
1.273 	18.910115
1.274 	18.903110
1.275 	19.549712
1.276 	19.939373
1.277 	19.662458
1.278 	19.658940
1.279 	19.734062
1.280 	19.366418
1.281 	19.190923
1.282 	19.586486
1.283 	20.177330
1.284 	20.459400
1.285 	20.348901
1.286 	20.076651
1.287 	19.705186
1.288 	19.047915
1.289 	18.401815
1.290 	18.455199
1.291 	19.112523
1.292 	19.518294
1.293 	19.459345
1.294 	19.253875
1.295 	19.374732
1.296 	19.520827
1.297 	19.164419
1.298 	18.880887
1.299 	18.862396
1.300 	18.943006
1.301 	19.330481
1.302 	19.534522
1.303 	19.020762
1.304 	18.632837
1.305 	18.712904
1.306 	18.683114
1.307 	18.522029
1.308 	18.591048
1.309 	18.862379
1.310 	19.096136
1.311 	19.350997
1.312 	19.852047
1.313 	20.200833
1.314 	19.989697
1.315 	19.585223
1.316 	19.151477
1.317 	18.554184
1.318 	17.989016
1.319 	17.896077
1.320 	17.966797
1.321 	17.785679
1.322 	17.420318
1.323 	17.111783
1.324 	17.115576
1.325 	17.440455
1.326 	17.687098
1.327 	17.964254
1.328 	18.348270
1.329 	18.470152
1.330 	18.297776
1.331 	17.877255
1.332 	17.027947
1.333 	16.160265
1.334 	16.066272
1.335 	16.578271
1.336 	16.895994
1.337 	16.610633
1.338 	16.006884
1.339 	15.782027
1.340 	15.918427
1.341 	15.866871
1.342 	15.656883
1.343 	15.674756
1.344 	15.952684
1.345 	16.106939
1.346 	15.798050
1.347 	15.070344
1.348 	14.691916
1.349 	15.176071
1.350 	16.101184
1.351 	16.472968
1.352 	15.849922
1.353 	15.352384
1.354 	15.789401
1.355 	16.480102
1.356 	16.365753
1.357 	15.566541
1.358 	14.955508
1.359 	14.931299
1.360 	15.312928
1.361 	15.228663
1.362 	14.489705
1.363 	13.997808
1.364 	14.124657
1.365 	14.434984
1.366 	14.715811
1.367 	14.840416
1.368 	14.509338
1.369 	13.870100
1.370 	13.339395
1.371 	13.197831
1.372 	13.307418
1.373 	13.380314
1.374 	13.768752
1.375 	14.030223
1.376 	13.295198
1.377 	12.297696
1.378 	11.926431
1.379 	12.219401
1.380 	12.544279
1.381 	12.931981
1.382 	13.591196
1.383 	13.996724
1.384 	13.425959
1.385 	12.414176
1.386 	11.562981
1.387 	10.922087
1.388 	10.709287
1.389 	11.122883
1.390 	11.489111
1.391 	11.154797
1.392 	10.304226
1.393 	9.432692
1.394 	8.544052
1.395 	8.008125
1.396 	8.290191
1.397 	8.606771
1.398 	8.280192
1.399 	8.201417
1.400 	8.425975
1.401 	8.395531
1.402 	8.279546
1.403 	8.334163
1.404 	8.719813
1.405 	8.775142
1.406 	7.741205
1.407 	6.423452
1.408 	6.005399
1.409 	6.082302
1.410 	6.305044
1.411 	6.638591
1.412 	6.983787
1.413 	7.544952
1.414 	8.150405
1.415 	8.145763
1.416 	7.556669
1.417 	7.007431
1.418 	6.658321
1.419 	6.837793
1.420 	7.806018
1.421 	8.744392
1.422 	8.640376
1.423 	7.981658
1.424 	7.601500
1.425 	7.619997
1.426 	7.561213
1.427 	7.294637
1.428 	7.348007
1.429 	7.554060
1.430 	7.153151
1.431 	6.221260
1.432 	5.698581
1.433 	6.321305
1.434 	7.595506
1.435 	7.949606
1.436 	7.024752
1.437 	6.174972
1.438 	6.353411
1.439 	6.940511
1.440 	7.013906
1.441 	6.672725
1.442 	6.500398
1.443 	6.729909
1.444 	6.947937
1.445 	6.999009
1.446 	6.899843
1.447 	6.076930
1.448 	5.365801
1.449 	6.270280
1.450 	7.501787
1.451 	7.390180
1.452 	6.695978
1.453 	6.649414
1.454 	7.327359
1.455 	7.561132
1.456 	7.002380
1.457 	7.131569
1.458 	8.017339
1.459 	7.889972
1.460 	7.191421
1.461 	7.233736
1.462 	7.385753
1.463 	7.401331
1.464 	7.764257
1.465 	8.172763
1.466 	7.883066
1.467 	6.945884
1.468 	6.505130
1.469 	6.872365
1.470 	6.550817
1.471 	6.024288
1.472 	7.283728
1.473 	9.074607
1.474 	9.307824
1.475 	8.365338
1.476 	7.047021
1.477 	5.656222
1.478 	5.647417
1.479 	7.864126
1.480 	9.611870
1.481 	8.426181
1.482 	6.426866
1.483 	6.069255
1.484 	6.704294
1.485 	7.886260
1.486 	9.088227
1.487 	9.208893
1.488 	8.125230
1.489 	6.953271
1.490 	7.050732
1.491 	7.669221
1.492 	7.825655
1.493 	7.692802
1.494 	6.947776
1.495 	6.126548
1.496 	6.420877
1.497 	7.729224
1.498 	8.752902
1.499 	8.865750
1.500 	8.681625
1.501 	8.391452
1.502 	8.102765
1.503 	8.128478
1.504 	7.597914
1.505 	7.100826
1.506 	7.697549
1.507 	8.041763
1.508 	8.427733
1.509 	9.506357
1.510 	9.536544
1.511 	8.418608
1.512 	7.999338
1.513 	8.626064
1.514 	8.442354
1.515 	7.090657
1.516 	6.548691
1.517 	7.351091
1.518 	8.883100
1.519 	9.955549
1.520 	9.163134
1.521 	8.171174
1.522 	8.103141
1.523 	8.564843
1.524 	9.441338
1.525 	9.400052
1.526 	8.715005
1.527 	8.898690
1.528 	10.062561
1.529 	10.584905
1.530 	9.649204
1.531 	8.847193
1.532 	8.441651
1.533 	8.400691
1.534 	9.762323
1.535 	10.625074
1.536 	9.617388
1.537 	9.091325
1.538 	9.474426
1.539 	9.096909
1.540 	9.008364
1.541 	9.797245
1.542 	9.893156
1.543 	9.960455
1.544 	10.679340
1.545 	11.108491
1.546 	10.882667
1.547 	10.347171
1.548 	9.452914
1.549 	8.588686
1.550 	8.730714
1.551 	10.085959
1.552 	10.808021
1.553 	10.572374
1.554 	10.294857
1.555 	10.373160
1.556 	10.215965
1.557 	10.072345
1.558 	10.455690
1.559 	10.965755
1.560 	10.987903
1.561 	9.503772
1.562 	8.432655
1.563 	9.768675
1.564 	11.159148
1.565 	11.192108
1.566 	10.680472
1.567 	10.671925
1.568 	11.555701
1.569 	12.119372
1.570 	11.368390
1.571 	10.189478
1.572 	9.732701
1.573 	9.295118
1.574 	10.374329
1.575 	11.263135
1.576 	10.456223
1.577 	10.458635
1.578 	12.267213
1.579 	13.754010
1.580 	12.492489
1.581 	10.120944
1.582 	9.904602
1.583 	11.475936
1.584 	10.916643
1.585 	9.244743
1.586 	10.181217
1.587 	11.892424
1.588 	12.008731
1.589 	11.025418
1.590 	10.981203
1.591 	11.109575
1.592 	10.510781
1.593 	11.132859
1.594 	13.456505
1.595 	13.833114
1.596 	12.255051
1.597 	11.656303
1.598 	11.426810
1.599 	10.868879
1.600 	10.469368
1.601 	10.405469
1.602 	10.603199
1.603 	10.523956
1.604 	10.631167
1.605 	12.611272
1.606 	14.175764
1.607 	12.555932
1.608 	11.064803
1.609 	10.442980
1.610 	10.659591
1.611 	11.678519
1.612 	12.695579
1.613 	11.886970
1.614 	11.243745
1.615 	10.993701
1.616 	10.652804
1.617 	11.522086
1.618 	12.462576
1.619 	13.251135
1.620 	12.648825
1.621 	12.043033
1.622 	12.010011
1.623 	12.046404
1.624 	12.547603
1.625 	14.254892
1.626 	13.041720
1.627 	10.127307
1.628 	10.888279
1.629 	13.130284
1.630 	13.979724
1.631 	14.104014
1.632 	12.834631
1.633 	10.014080
1.634 	11.184980
1.635 	14.953750
1.636 	14.215365
1.637 	10.341472
1.638 	10.333012
1.639 	13.097548
1.640 	13.996318
1.641 	13.234199
1.642 	13.459417
1.643 	12.589947
1.644 	10.382551
1.645 	10.740336
1.646 	12.607592
1.647 	13.224170
1.648 	11.992546
1.649 	11.187614
1.650 	12.427277
1.651 	14.132842
1.652 	13.112888
1.653 	11.761928
1.654 	13.875156
1.655 	13.366184
1.656 	14.247338
1.657 	14.473034
1.658 	13.708026
1.659 	14.061626
1.660 	12.604777
1.661 	10.993415
1.662 	10.058171
1.663 	12.649779
1.664 	14.847791
1.665 	13.687360
1.666 	12.093669
1.667 	12.468659
1.668 	11.625640
1.669 	12.498569
1.670 	13.600814
1.671 	10.259860
1.672 	13.248442
1.673 	17.744921
1.674 	17.622142
1.675 	13.547228
1.676 	9.452966
1.677 	10.551805
1.678 	15.059790
1.679 	18.196589
1.680 	21.115832
1.681 	19.438293
1.682 	10.502501
1.683 	13.759859
1.684 	16.242026
1.685 	6.122520
1.686 	8.738250
1.687 	18.092456
1.688 	15.482155
1.689 	17.698598
1.690 	15.379096
1.691 	6.180647
1.692 	12.895434
1.693 	21.110896
1.694 	19.423104
1.695 	15.121497
1.696 	6.331346
1.697 	-0.355873
1.698 	22.662447
1.699 	20.136995
1.700 	15.210667
