0.660 	31.293876
0.661 	29.186744
0.662 	27.744641
0.663 	32.816374
0.664 	30.519136
0.665 	29.647248
0.666 	30.472625
0.667 	31.959636
0.668 	27.596500
0.669 	26.254136
0.670 	32.099631
0.671 	33.336845
0.672 	28.774429
0.673 	32.616839
0.674 	29.083936
0.675 	30.239589
0.676 	31.732927
0.677 	30.804960
0.678 	30.359653
0.679 	29.684402
0.680 	31.072988
0.681 	29.837945
0.682 	31.922049
0.683 	34.761312
0.684 	29.624606
0.685 	27.213332
0.686 	28.872999
0.687 	30.924506
0.688 	32.981543
0.689 	29.886134
0.690 	27.273070
0.691 	30.384580
0.692 	30.861506
0.693 	30.645807
0.694 	27.474665
0.695 	28.665161
0.696 	29.809235
0.697 	30.861390
0.698 	32.414475
0.699 	30.789011
0.700 	29.133012
0.701 	29.497900
0.702 	29.468035
0.703 	29.667862
0.704 	29.419523
0.705 	30.653169
0.706 	29.727387
0.707 	31.062875
0.708 	33.017047
0.709 	29.296488
0.710 	27.737874
0.711 	29.435898
0.712 	31.450915
0.713 	30.276416
0.714 	28.160084
0.715 	27.423822
0.716 	28.459486
0.717 	28.728277
0.718 	27.032843
0.719 	28.629838
0.720 	29.826841
0.721 	28.592896
0.722 	29.953101
0.723 	30.546557
0.724 	31.168829
0.725 	31.620958
0.726 	30.370551
0.727 	28.369318
0.728 	27.948834
0.729 	28.815104
0.730 	29.940245
0.731 	29.407947
0.732 	28.299688
0.733 	29.450963
0.734 	29.810663
0.735 	28.376227
0.736 	29.002929
0.737 	30.009617
0.738 	29.155478
0.739 	27.036027
0.740 	27.805532
0.741 	29.218569
0.742 	27.786765
0.743 	27.201036
0.744 	28.896127
0.745 	29.725611
0.746 	28.426093
0.747 	26.695525
0.748 	26.546390
0.749 	28.009626
0.750 	28.649053
0.751 	28.629299
0.752 	31.075277
0.753 	31.418980
0.754 	29.142998
0.755 	28.166231
0.756 	28.212908
0.757 	27.035410
0.758 	27.151040
0.759 	28.331942
0.760 	28.221761
0.761 	27.554718
0.762 	27.560787
0.763 	27.239921
0.764 	27.402968
0.765 	28.054702
0.766 	28.312090
0.767 	28.207545
0.768 	28.314722
0.769 	27.355013
0.770 	26.443601
0.771 	28.003850
0.772 	29.554231
0.773 	29.295081
0.774 	27.716773
0.775 	27.281346
0.776 	27.209855
0.777 	27.361219
0.778 	27.959088
0.779 	27.731990
0.780 	28.242699
0.781 	29.006747
0.782 	28.179729
0.783 	26.713462
0.784 	26.673069
0.785 	27.495420
0.786 	28.059134
0.787 	29.359755
0.788 	30.473079
0.789 	29.768945
0.790 	27.381853
0.791 	26.264576
0.792 	27.166642
0.793 	28.222082
0.794 	28.580828
0.795 	28.369784
0.796 	27.102926
0.797 	26.259893
0.798 	26.682828
0.799 	27.612879
0.800 	27.882857
0.801 	27.394156
0.802 	27.348944
0.803 	27.226018
0.804 	26.814653
0.805 	27.012031
0.806 	27.825862
0.807 	28.491382
0.808 	28.092302
0.809 	26.754678
0.810 	25.943141
0.811 	26.168511
0.812 	26.874318
0.813 	27.460846
0.814 	27.234152
0.815 	26.731962
0.816 	26.695016
0.817 	27.309642
0.818 	27.671771
0.819 	27.165261
0.820 	26.239953
0.821 	26.276359
0.822 	27.151171
0.823 	27.077949
0.824 	26.766535
0.825 	27.151907
0.826 	27.102540
0.827 	26.826280
0.828 	26.963689
0.829 	26.900634
0.830 	26.474397
0.831 	25.996319
0.832 	25.615666
0.833 	25.303202
0.834 	25.683768
0.835 	26.815116
0.836 	27.725168
0.837 	27.872564
0.838 	27.605798
0.839 	26.985539
0.840 	25.941256
0.841 	25.424359
0.842 	25.824516
0.843 	26.418457
0.844 	26.461257
0.845 	26.086002
0.846 	25.973709
0.847 	26.323974
0.848 	26.508596
0.849 	26.112786
0.850 	25.334656
0.851 	24.840144
0.852 	25.012467
0.853 	25.299263
0.854 	25.617886
0.855 	26.366886
0.856 	27.164900
0.857 	27.343476
0.858 	26.845085
0.859 	26.106842
0.860 	25.491036
0.861 	25.230781
0.862 	25.244426
0.863 	25.242993
0.864 	25.378558
0.865 	25.656222
0.866 	26.020545
0.867 	26.223502
0.868 	26.040788
0.869 	25.601700
0.870 	25.255206
0.871 	25.096587
0.872 	24.923837
0.873 	24.838716
0.874 	24.908413
0.875 	25.198204
0.876 	25.434198
0.877 	25.585611
0.878 	26.046348
0.879 	26.434488
0.880 	26.162561
0.881 	25.742410
0.882 	25.580939
0.883 	25.315229
0.884 	24.609162
0.885 	23.874327
0.886 	24.178432
0.887 	25.328574
0.888 	25.858266
0.889 	25.678535
0.890 	24.903890
0.891 	24.088861
0.892 	24.228786
0.893 	24.558779
0.894 	24.264003
0.895 	24.191647
0.896 	24.881882
0.897 	25.507133
0.898 	25.703224
0.899 	25.579501
0.900 	25.290805
0.901 	24.889898
0.902 	24.503984
0.903 	24.380130
0.904 	24.403609
0.905 	24.455048
0.906 	24.706915
0.907 	25.027726
0.908 	24.918883
0.909 	24.816845
0.910 	25.054585
0.911 	24.892529
0.912 	24.257445
0.913 	23.906321
0.914 	24.072469
0.915 	24.716147
0.916 	25.414991
0.917 	25.640047
0.918 	25.167112
0.919 	24.564856
0.920 	24.356110
0.921 	24.270046
0.922 	23.678437
0.923 	23.051733
0.924 	23.307014
0.925 	24.249127
0.926 	24.992865
0.927 	24.962943
0.928 	24.396006
0.929 	23.903319
0.930 	23.866821
0.931 	23.842837
0.932 	23.255950
0.933 	22.843525
0.934 	23.184949
0.935 	23.725778
0.936 	23.403174
0.937 	22.765568
0.938 	23.005747
0.939 	23.648486
0.940 	23.637479
0.941 	23.170819
0.942 	22.605955
0.943 	22.559127
0.944 	23.157682
0.945 	23.686086
0.946 	23.516248
0.947 	23.512252
0.948 	23.578468
0.949 	23.472493
0.950 	22.973310
0.951 	22.255433
0.952 	22.296372
0.953 	22.490178
0.954 	22.337011
0.955 	22.084169
0.956 	22.611686
0.957 	22.870850
0.958 	22.286443
0.959 	21.926956
0.960 	21.889184
0.961 	21.629881
0.962 	21.987608
0.963 	21.973369
0.964 	21.948945
0.965 	22.132926
0.966 	21.472893
0.967 	20.814047
0.968 	20.615656
0.969 	20.462983
0.970 	21.265630
0.971 	22.029771
0.972 	21.365634
0.973 	20.719246
0.974 	20.508158
0.975 	20.765352
0.976 	22.201833
0.977 	22.794638
0.978 	21.851333
0.979 	21.453816
0.980 	21.834493
0.981 	21.840926
0.982 	21.572925
0.983 	21.523514
0.984 	21.371285
0.985 	21.347154
0.986 	21.813831
0.987 	22.515024
0.988 	22.138107
0.989 	21.490554
0.990 	21.374219
0.991 	21.114679
0.992 	21.624590
0.993 	22.182818
0.994 	21.837181
0.995 	21.962357
0.996 	22.627782
0.997 	21.985146
0.998 	21.424583
0.999 	21.933659
1.000 	22.249227
1.001 	21.953158
1.002 	21.333377
1.003 	20.872767
1.004 	21.207022
1.005 	21.487441
1.006 	21.622270
1.007 	21.889940
1.008 	21.950487
1.009 	22.176455
1.010 	21.811071
1.011 	20.656928
1.012 	21.126517
1.013 	23.351579
1.014 	23.895197
1.015 	23.237447
1.016 	22.452670
1.017 	21.674941
1.018 	21.671792
1.019 	21.718901
1.020 	22.077470
1.021 	22.564909
1.022 	21.869131
1.023 	21.465166
1.024 	22.182242
1.025 	22.671386
1.026 	22.793606
1.027 	22.800549
1.028 	22.743485
1.029 	22.587633
1.030 	23.015172
1.031 	22.960785
1.032 	22.478446
1.033 	22.434095
1.034 	22.654409
1.035 	22.888185
1.036 	22.982187
1.037 	22.955376
1.038 	22.365434
1.039 	22.140376
1.040 	22.487079
1.041 	22.107010
1.042 	21.208915
1.043 	20.952821
1.044 	21.544828
1.045 	22.408755
1.046 	22.626962
1.047 	22.407509
1.048 	22.311914
1.049 	22.212248
1.050 	22.132640
1.051 	22.309291
1.052 	22.308083
1.053 	21.941031
1.054 	21.815701
1.055 	21.998052
1.056 	21.733719
1.057 	21.661674
1.058 	22.373817
1.059 	22.842116
1.060 	22.775366
1.061 	22.987635
1.062 	23.309971
1.063 	23.122244
1.064 	22.532255
1.065 	22.214075
1.066 	22.393268
1.067 	22.364966
1.068 	22.022151
1.069 	22.391609
1.070 	22.955825
1.071 	23.006952
1.072 	22.184496
1.073 	20.966850
1.074 	20.879667
1.075 	21.727093
1.076 	22.382656
1.077 	22.869379
1.078 	23.477905
1.079 	23.901398
1.080 	23.969829
1.081 	23.757628
1.082 	22.995426
1.083 	22.126922
1.084 	21.993592
1.085 	22.287298
1.086 	22.049078
1.087 	21.146249
1.088 	20.413530
1.089 	20.336656
1.090 	20.944016
1.091 	22.120555
1.092 	22.990155
1.093 	23.145357
1.094 	22.684747
1.095 	22.123508
1.096 	22.163745
1.097 	22.556293
1.098 	22.412062
1.099 	21.986562
1.100 	21.815056
1.101 	21.895514
1.102 	22.265339
1.103 	22.356802
1.104 	22.128588
1.105 	21.786265
1.106 	21.121276
1.107 	20.474899
1.108 	20.765166
1.109 	22.135465
1.110 	23.439470
1.111 	23.409446
1.112 	22.220224
1.113 	21.375033
1.114 	21.339351
1.115 	21.304614
1.116 	21.013237
1.117 	21.160659
1.118 	21.980334
1.119 	22.569144
1.120 	22.579822
1.121 	22.431560
1.122 	22.291435
1.123 	21.798022
1.124 	21.007171
1.125 	20.815333
1.126 	21.364617
1.127 	21.573363
1.128 	20.786713
1.129 	19.970255
1.130 	20.075827
1.131 	20.524250
1.132 	20.463793
1.133 	19.637650
1.134 	18.466074
1.135 	17.789895
1.136 	18.463376
1.137 	19.859265
1.138 	20.556191
1.139 	20.369810
1.140 	19.881249
1.141 	19.270160
1.142 	18.586785
1.143 	18.476644
1.144 	18.766156
1.145 	18.643739
1.146 	18.338668
1.147 	18.609758
1.148 	18.926286
1.149 	18.742018
1.150 	18.049711
1.151 	17.540779
1.152 	18.096575
1.153 	18.714395
1.154 	18.113825
1.155 	16.841820
1.156 	15.875939
1.157 	15.610913
1.158 	16.081804
1.159 	17.015052
1.160 	17.617154
1.161 	17.849428
1.162 	18.153246
1.163 	18.006115
1.164 	17.429487
1.165 	17.255235
1.166 	17.488367
1.167 	17.596769
1.168 	17.647084
1.169 	17.535071
1.170 	17.089016
1.171 	16.927586
1.172 	17.145815
1.173 	16.905272
1.174 	15.991323
1.175 	14.925176
1.176 	14.768594
1.177 	15.745269
1.178 	16.859461
1.179 	16.941798
1.180 	16.544537
1.181 	16.879668
1.182 	17.549707
1.183 	17.694959
1.184 	17.152717
1.185 	16.464600
1.186 	16.165167
1.187 	16.027607
1.188 	16.436586
1.189 	17.850214
1.190 	19.062126
1.191 	18.469715
1.192 	17.016346
1.193 	15.997852
1.194 	15.756537
1.195 	16.084999
1.196 	16.607422
1.197 	16.614023
1.198 	16.375064
1.199 	16.274704
1.200 	15.851652
1.201 	15.361000
1.202 	15.652466
1.203 	16.295873
1.204 	16.216016
1.205 	15.741298
1.206 	15.416557
1.207 	15.770474
1.208 	16.551758
1.209 	16.731046
1.210 	16.478744
1.211 	16.727042
1.212 	17.409500
1.213 	17.493205
1.214 	17.172061
1.215 	17.355356
1.216 	17.769497
1.217 	17.735726
1.218 	16.930226
1.219 	15.743840
1.220 	15.274372
1.221 	15.580627
1.222 	16.036631
1.223 	16.437634
1.224 	16.990886
1.225 	17.349977
1.226 	17.339754
1.227 	17.342285
1.228 	17.266275
1.229 	17.028970
1.230 	16.806799
1.231 	16.804264
1.232 	17.203898
1.233 	17.781015
1.234 	17.962253
1.235 	17.517574
1.236 	16.439412
1.237 	15.359828
1.238 	14.784732
1.239 	14.850184
1.240 	15.557558
1.241 	16.571548
1.242 	17.167598
1.243 	17.338682
1.244 	17.401172
1.245 	17.722158
1.246 	18.074150
1.247 	17.832957
1.248 	17.082721
1.249 	16.464834
1.250 	16.196754
1.251 	16.284870
1.252 	16.683640
1.253 	16.960845
1.254 	16.949659
1.255 	16.787640
1.256 	16.515800
1.257 	16.379937
1.258 	16.292012
1.259 	16.336199
1.260 	16.955032
1.261 	17.817695
1.262 	17.877276
1.263 	17.330457
1.264 	16.868647
1.265 	16.745129
1.266 	16.881193
1.267 	17.118570
1.268 	17.182252
1.269 	16.992797
1.270 	16.699279
1.271 	16.658412
1.272 	17.106718
1.273 	17.752758
1.274 	17.958442
1.275 	17.597403
1.276 	17.168829
1.277 	17.237914
1.278 	17.700399
1.279 	18.314252
1.280 	18.759058
1.281 	18.194231
1.282 	16.346126
1.283 	14.727562
1.284 	14.697016
1.285 	15.840661
1.286 	17.023752
1.287 	17.481270
1.288 	17.240011
1.289 	16.632016
1.290 	15.828576
1.291 	15.635309
1.292 	16.828731
1.293 	18.708114
1.294 	19.280684
1.295 	18.197381
1.296 	16.685439
1.297 	15.735006
1.298 	15.379792
1.299 	15.721272
1.300 	16.548316
1.301 	17.364233
1.302 	17.594762
1.303 	17.092128
1.304 	15.935514
1.305 	14.919838
1.306 	14.668143
1.307 	14.853630
1.308 	14.915893
1.309 	15.175598
1.310 	15.722177
1.311 	16.119297
1.312 	16.393470
1.313 	16.673179
1.314 	16.802257
1.315 	16.527650
1.316 	15.920717
1.317 	15.278804
1.318 	14.704443
1.319 	14.552259
1.320 	14.474188
1.321 	14.064980
1.322 	13.806743
1.323 	14.090833
1.324 	14.927396
1.325 	15.793424
1.326 	15.847568
1.327 	15.239258
1.328 	14.775342
1.329 	14.424203
1.330 	14.112804
1.331 	13.871150
1.332 	13.660232
1.333 	13.518614
1.334 	13.060604
1.335 	12.582750
1.336 	13.198308
1.337 	14.190319
1.338 	14.645772
1.339 	15.058007
1.340 	15.382137
1.341 	15.109527
1.342 	14.394407
1.343 	13.528442
1.344 	12.877775
1.345 	13.127140
1.346 	13.849718
1.347 	14.226531
1.348 	14.512430
1.349 	14.909839
1.350 	14.319784
1.351 	12.692405
1.352 	11.081847
1.353 	10.718859
1.354 	11.675698
1.355 	13.025179
1.356 	13.119617
1.357 	12.282074
1.358 	11.647022
1.359 	11.925560
1.360 	12.833488
1.361 	13.428104
1.362 	13.562844
1.363 	13.681805
1.364 	13.451557
1.365 	12.617899
1.366 	11.440155
1.367 	11.184909
1.368 	12.276161
1.369 	13.237898
1.370 	12.236630
1.371 	10.356275
1.372 	9.332865
1.373 	9.436328
1.374 	9.672013
1.375 	10.031851
1.376 	10.823511
1.377 	11.445558
1.378 	11.114895
1.379 	10.028649
1.380 	9.482894
1.381 	10.515329
1.382 	11.463188
1.383 	10.546303
1.384 	8.955264
1.385 	8.876614
1.386 	10.725128
1.387 	11.951553
1.388 	11.179030
1.389 	9.527678
1.390 	8.937415
1.391 	9.532605
1.392 	9.927192
1.393 	9.260212
1.394 	8.123588
1.395 	8.015465
1.396 	8.345554
1.397 	7.763643
1.398 	6.921137
1.399 	6.628153
1.400 	6.487540
1.401 	6.568341
1.402 	7.147507
1.403 	7.861060
1.404 	8.189105
1.405 	7.948606
1.406 	7.636998
1.407 	7.734922
1.408 	7.957880
1.409 	7.920750
1.410 	7.727047
1.411 	7.526623
1.412 	6.882348
1.413 	5.961968
1.414 	5.855278
1.415 	6.467951
1.416 	6.592305
1.417 	5.888435
1.418 	5.117735
1.419 	5.437256
1.420 	7.583487
1.421 	10.162865
1.422 	10.471985
1.423 	8.582726
1.424 	6.874524
1.425 	6.031624
1.426 	5.301256
1.427 	5.387629
1.428 	6.243397
1.429 	6.898548
1.430 	6.996041
1.431 	6.598508
1.432 	5.867027
1.433 	5.452224
1.434 	5.715081
1.435 	6.054954
1.436 	5.597543
1.437 	4.686737
1.438 	4.682653
1.439 	5.558210
1.440 	6.376503
1.441 	7.018203
1.442 	7.370854
1.443 	7.205548
1.444 	6.498575
1.445 	5.741665
1.446 	5.503620
1.447 	5.866905
1.448 	5.976334
1.449 	5.529348
1.450 	5.848418
1.451 	7.371669
1.452 	7.987793
1.453 	6.703085
1.454 	5.070195
1.455 	4.965983
1.456 	7.112940
1.457 	9.649825
1.458 	10.315588
1.459 	9.061314
1.460 	7.377424
1.461 	6.374861
1.462 	6.254370
1.463 	7.017944
1.464 	7.610688
1.465 	7.008292
1.466 	5.412638
1.467 	4.174158
1.468 	4.342530
1.469 	5.110065
1.470 	5.345076
1.471 	5.492369
1.472 	6.013447
1.473 	5.995829
1.474 	5.529696
1.475 	5.630743
1.476 	6.832288
1.477 	8.621555
1.478 	9.119479
1.479 	7.679688
1.480 	5.892556
1.481 	5.287051
1.482 	5.152906
1.483 	4.280820
1.484 	4.298326
1.485 	6.255747
1.486 	7.882934
1.487 	7.707327
1.488 	6.856781
1.489 	7.213000
1.490 	8.570664
1.491 	8.982732
1.492 	8.129908
1.493 	6.399766
1.494 	4.662931
1.495 	3.644477
1.496 	4.058685
1.497 	5.713659
1.498 	6.324116
1.499 	6.234274
1.500 	6.556792
1.501 	6.830632
1.502 	7.521844
1.503 	8.681145
1.504 	8.757657
1.505 	7.059901
1.506 	5.708516
1.507 	6.699902
1.508 	8.455872
1.509 	8.541950
1.510 	7.093430
1.511 	6.000035
1.512 	6.059681
1.513 	6.594677
1.514 	6.385044
1.515 	6.077314
1.516 	7.044809
1.517 	7.826026
1.518 	6.711411
1.519 	5.359721
1.520 	5.761657
1.521 	7.080208
1.522 	6.851146
1.523 	4.800486
1.524 	4.977293
1.525 	7.500166
1.526 	8.722631
1.527 	8.227850
1.528 	7.076096
1.529 	5.550481
1.530 	4.366935
1.531 	4.723023
1.532 	5.419777
1.533 	6.518017
1.534 	8.791449
1.535 	9.396799
1.536 	8.519607
1.537 	8.712976
1.538 	8.852135
1.539 	7.607418
1.540 	6.962216
1.541 	7.192447
1.542 	6.697373
1.543 	5.209590
1.544 	4.827046
1.545 	6.243867
1.546 	8.327457
1.547 	9.692455
1.548 	9.317229
1.549 	8.102437
1.550 	7.778868
1.551 	7.294279
1.552 	5.652375
1.553 	5.754765
1.554 	6.950487
1.555 	6.644828
1.556 	6.204918
1.557 	8.287978
1.558 	9.924575
1.559 	8.416112
1.560 	7.375882
1.561 	8.589807
1.562 	9.501332
1.563 	8.935538
1.564 	7.526365
1.565 	7.170095
1.566 	8.289450
1.567 	9.125097
1.568 	8.421203
1.569 	7.694671
1.570 	8.703406
1.571 	8.624375
1.572 	7.489125
1.573 	6.624015
1.574 	6.531204
1.575 	6.057872
1.576 	5.030133
1.577 	5.731310
1.578 	7.035394
1.579 	7.986218
1.580 	8.458549
1.581 	9.215575
1.582 	10.325639
1.583 	9.920482
1.584 	9.088771
1.585 	7.961624
1.586 	6.522263
1.587 	7.011417
1.588 	8.174763
1.589 	7.729571
1.590 	7.119027
1.591 	7.525640
1.592 	8.340480
1.593 	7.527556
1.594 	7.820475
1.595 	10.229453
1.596 	11.086934
1.597 	10.728936
1.598 	10.039736
1.599 	7.661540
1.600 	6.103029
1.601 	7.480125
1.602 	9.141901
1.603 	9.021693
1.604 	7.725216
1.605 	8.254607
1.606 	9.595256
1.607 	8.888653
1.608 	8.405926
1.609 	9.036020
1.610 	8.345939
1.611 	8.097211
1.612 	7.725759
1.613 	7.637860
1.614 	9.212048
1.615 	8.471110
1.616 	6.270427
1.617 	5.709602
1.618 	9.576616
1.619 	13.216636
1.620 	11.873333
1.621 	8.638351
1.622 	8.597560
1.623 	8.906782
1.624 	8.894012
1.625 	10.990371
1.626 	11.406290
1.627 	9.573440
1.628 	8.190823
1.629 	8.375916
1.630 	10.130412
1.631 	11.091396
1.632 	9.672045
1.633 	8.329354
1.634 	8.997602
1.635 	9.225425
1.636 	10.075911
1.637 	9.600101
1.638 	6.771673
1.639 	6.345640
1.640 	7.706563
1.641 	9.667674
1.642 	9.597945
1.643 	7.859937
1.644 	9.638057
1.645 	10.577169
1.646 	7.278680
1.647 	7.958351
1.648 	10.269024
1.649 	6.671045
1.650 	5.984120
1.651 	8.877074
1.652 	9.077839
1.653 	10.154611
1.654 	11.133460
1.655 	10.803354
1.656 	10.552651
1.657 	9.235589
1.658 	6.404768
1.659 	7.667815
1.660 	13.115035
1.661 	13.247083
1.662 	10.877252
1.663 	10.381275
1.664 	7.576554
1.665 	7.359149
1.666 	6.493172
1.667 	6.889953
1.668 	8.498178
1.669 	10.256845
1.670 	12.644510
1.671 	11.828689
1.672 	5.548436
1.673 	2.970765
1.674 	6.369906
1.675 	13.350224
1.676 	14.589249
1.677 	11.788433
1.678 	14.822662
1.679 	13.648623
1.680 	6.543074
1.681 	6.041372
1.682 	9.713339
1.683 	9.576932
1.684 	7.614006
1.685 	4.304167
1.686 	2.494056
1.687 	9.487727
1.688 	12.106441
1.689 	12.513943
1.690 	10.819744
1.691 	9.442071
1.692 	16.246778
1.693 	10.948216
1.694 	-2.787406
1.695 	4.584089
1.696 	8.204508
1.697 	13.771696
1.698 	17.302979
1.699 	9.327275
1.700 	4.362417
