0.660 	25.673708
0.661 	26.784224
0.662 	26.470439
0.663 	29.132891
0.664 	29.825455
0.665 	27.941517
0.666 	29.690389
0.667 	31.535879
0.668 	29.159333
0.669 	28.598696
0.670 	30.667401
0.671 	29.158740
0.672 	28.891749
0.673 	30.539361
0.674 	27.625072
0.675 	29.787330
0.676 	28.629685
0.677 	30.533908
0.678 	27.863440
0.679 	26.117997
0.680 	30.477132
0.681 	28.417493
0.682 	27.529569
0.683 	28.781107
0.684 	29.499651
0.685 	29.921909
0.686 	26.876571
0.687 	27.392944
0.688 	32.754074
0.689 	29.479596
0.690 	28.092971
0.691 	29.472872
0.692 	27.739864
0.693 	29.483393
0.694 	29.611760
0.695 	28.386373
0.696 	29.372279
0.697 	31.132907
0.698 	32.012433
0.699 	29.381580
0.700 	25.529126
0.701 	28.179880
0.702 	28.368222
0.703 	28.541752
0.704 	27.706605
0.705 	30.533611
0.706 	32.733365
0.707 	32.502508
0.708 	31.874739
0.709 	29.851688
0.710 	27.752663
0.711 	28.967562
0.712 	30.223206
0.713 	29.591279
0.714 	27.965940
0.715 	28.294756
0.716 	30.043146
0.717 	30.525135
0.718 	27.788969
0.719 	27.971472
0.720 	29.130537
0.721 	29.311902
0.722 	29.492776
0.723 	29.326842
0.724 	30.056720
0.725 	30.001342
0.726 	29.613011
0.727 	29.798235
0.728 	29.070028
0.729 	28.123391
0.730 	30.419943
0.731 	31.568238
0.732 	29.907508
0.733 	29.070440
0.734 	30.074060
0.735 	31.098865
0.736 	31.927909
0.737 	31.167205
0.738 	29.899038
0.739 	28.832744
0.740 	27.802004
0.741 	28.308138
0.742 	29.538017
0.743 	30.365458
0.744 	31.760013
0.745 	30.535840
0.746 	28.229146
0.747 	28.212219
0.748 	28.200469
0.749 	28.666923
0.750 	30.675842
0.751 	30.388859
0.752 	29.398820
0.753 	29.216618
0.754 	28.358032
0.755 	28.008951
0.756 	29.393765
0.757 	29.783526
0.758 	29.610667
0.759 	30.328116
0.760 	30.220588
0.761 	30.170554
0.762 	30.552295
0.763 	29.522681
0.764 	27.875930
0.765 	27.732290
0.766 	29.272600
0.767 	29.801478
0.768 	29.188001
0.769 	28.731348
0.770 	28.973143
0.771 	29.773644
0.772 	31.013037
0.773 	30.473238
0.774 	28.221092
0.775 	27.520916
0.776 	27.758494
0.777 	28.741761
0.778 	29.331745
0.779 	28.418886
0.780 	28.701525
0.781 	29.214245
0.782 	28.248521
0.783 	28.012908
0.784 	29.237077
0.785 	30.200811
0.786 	29.808643
0.787 	29.721787
0.788 	30.262717
0.789 	30.250572
0.790 	30.075431
0.791 	29.657982
0.792 	29.256584
0.793 	29.875900
0.794 	30.399376
0.795 	29.741650
0.796 	28.941000
0.797 	28.895709
0.798 	29.319548
0.799 	29.383536
0.800 	28.316849
0.801 	27.233826
0.802 	27.675723
0.803 	28.670739
0.804 	28.862361
0.805 	29.132379
0.806 	29.919422
0.807 	30.127602
0.808 	29.023224
0.809 	28.024649
0.810 	28.216565
0.811 	29.002166
0.812 	28.900580
0.813 	28.222274
0.814 	28.373711
0.815 	28.516284
0.816 	28.135783
0.817 	28.236795
0.818 	28.550749
0.819 	28.652900
0.820 	28.358318
0.821 	27.445821
0.822 	27.171313
0.823 	27.959766
0.824 	28.988855
0.825 	29.759703
0.826 	29.643840
0.827 	28.880195
0.828 	28.370500
0.829 	28.245957
0.830 	28.096043
0.831 	27.654376
0.832 	27.440041
0.833 	27.582462
0.834 	28.096030
0.835 	28.630889
0.836 	28.404924
0.837 	27.933288
0.838 	28.285887
0.839 	28.963681
0.840 	28.933060
0.841 	28.505404
0.842 	28.286474
0.843 	28.735995
0.844 	29.015778
0.845 	28.273954
0.846 	27.838598
0.847 	28.464007
0.848 	29.045214
0.849 	28.595772
0.850 	27.578366
0.851 	27.059648
0.852 	27.276601
0.853 	27.625553
0.854 	27.311085
0.855 	26.681874
0.856 	26.961537
0.857 	28.004173
0.858 	28.272266
0.859 	28.104680
0.860 	28.500611
0.861 	28.351784
0.862 	27.523872
0.863 	27.187315
0.864 	27.216757
0.865 	27.073990
0.866 	27.376738
0.867 	28.017314
0.868 	27.852646
0.869 	26.920947
0.870 	26.327627
0.871 	26.457886
0.872 	26.774317
0.873 	27.054850
0.874 	27.406106
0.875 	27.648190
0.876 	27.629244
0.877 	27.502171
0.878 	27.784040
0.879 	28.045656
0.880 	27.700626
0.881 	27.690046
0.882 	27.976717
0.883 	27.743692
0.884 	27.483881
0.885 	27.614620
0.886 	27.671438
0.887 	27.254495
0.888 	27.008670
0.889 	27.411249
0.890 	28.032877
0.891 	28.217091
0.892 	27.451043
0.893 	26.408578
0.894 	26.025012
0.895 	26.303713
0.896 	27.079724
0.897 	27.535028
0.898 	26.990951
0.899 	26.308577
0.900 	26.508776
0.901 	27.218577
0.902 	27.675015
0.903 	27.583506
0.904 	26.924921
0.905 	26.117756
0.906 	25.751357
0.907 	26.411721
0.908 	27.179865
0.909 	27.235767
0.910 	26.689962
0.911 	25.991046
0.912 	25.667755
0.913 	26.055934
0.914 	26.821152
0.915 	27.418557
0.916 	27.511433
0.917 	26.936957
0.918 	25.913320
0.919 	25.374860
0.920 	25.623253
0.921 	25.938234
0.922 	26.022165
0.923 	26.240749
0.924 	26.702070
0.925 	27.079572
0.926 	26.786955
0.927 	26.103026
0.928 	25.562980
0.929 	25.507080
0.930 	25.981521
0.931 	26.829776
0.932 	27.326408
0.933 	27.105069
0.934 	26.650162
0.935 	25.911528
0.936 	24.913340
0.937 	24.082456
0.938 	24.291729
0.939 	25.030977
0.940 	25.662827
0.941 	25.665006
0.942 	25.188179
0.943 	25.377805
0.944 	25.954583
0.945 	25.836463
0.946 	25.684368
0.947 	25.729848
0.948 	25.807540
0.949 	25.696393
0.950 	25.505918
0.951 	25.788543
0.952 	25.770555
0.953 	25.501938
0.954 	25.536606
0.955 	24.687171
0.956 	24.186138
0.957 	24.198707
0.958 	24.000237
0.959 	23.914444
0.960 	24.465748
0.961 	25.118215
0.962 	25.095690
0.963 	24.832615
0.964 	24.647943
0.965 	24.291583
0.966 	23.982406
0.967 	23.644933
0.968 	24.276629
0.969 	24.325760
0.970 	23.470776
0.971 	23.530099
0.972 	24.012485
0.973 	24.507718
0.974 	24.501451
0.975 	24.426957
0.976 	24.384399
0.977 	24.259779
0.978 	23.972905
0.979 	23.544805
0.980 	23.951352
0.981 	24.594260
0.982 	24.563053
0.983 	24.302431
0.984 	24.332319
0.985 	24.146240
0.986 	24.625107
0.987 	25.143169
0.988 	24.726414
0.989 	24.260034
0.990 	24.741163
0.991 	24.889147
0.992 	23.833053
0.993 	23.378131
0.994 	23.810689
0.995 	23.976424
0.996 	24.030709
0.997 	24.616499
0.998 	25.343786
0.999 	25.451764
1.000 	25.138860
1.001 	24.957660
1.002 	24.568172
1.003 	24.465153
1.004 	24.450702
1.005 	23.883565
1.006 	24.449886
1.007 	25.298129
1.008 	25.164730
1.009 	24.747532
1.010 	24.295961
1.011 	23.959692
1.012 	24.015822
1.013 	24.747639
1.014 	25.733038
1.015 	26.007486
1.016 	24.846266
1.017 	23.590122
1.018 	24.112977
1.019 	25.176865
1.020 	25.532321
1.021 	24.925179
1.022 	23.854753
1.023 	24.032858
1.024 	25.210288
1.025 	25.379793
1.026 	24.755432
1.027 	24.922484
1.028 	25.553192
1.029 	25.994988
1.030 	25.738204
1.031 	24.370466
1.032 	23.479781
1.033 	24.244245
1.034 	24.849794
1.035 	24.764121
1.036 	25.270365
1.037 	25.868890
1.038 	25.729225
1.039 	25.459558
1.040 	25.172277
1.041 	24.627062
1.042 	24.084893
1.043 	24.153816
1.044 	25.171800
1.045 	26.252080
1.046 	26.211800
1.047 	25.687913
1.048 	24.997823
1.049 	24.367930
1.050 	23.933857
1.051 	23.712075
1.052 	24.285287
1.053 	24.922373
1.054 	24.492108
1.055 	24.377278
1.056 	25.049687
1.057 	25.598737
1.058 	25.663018
1.059 	25.216926
1.060 	24.650277
1.061 	24.346293
1.062 	24.366414
1.063 	24.845391
1.064 	25.614714
1.065 	26.026771
1.066 	25.996413
1.067 	25.734507
1.068 	25.076412
1.069 	24.886888
1.070 	25.349298
1.071 	25.183944
1.072 	24.096470
1.073 	23.683903
1.074 	24.761649
1.075 	25.872143
1.076 	25.283600
1.077 	23.858822
1.078 	23.905131
1.079 	25.515056
1.080 	26.503130
1.081 	25.794777
1.082 	24.669655
1.083 	24.206556
1.084 	24.174007
1.085 	24.630939
1.086 	25.357703
1.087 	25.420523
1.088 	24.715240
1.089 	24.091282
1.090 	24.106277
1.091 	24.427438
1.092 	24.672798
1.093 	24.928809
1.094 	25.130858
1.095 	25.279282
1.096 	25.197501
1.097 	24.894079
1.098 	24.990561
1.099 	25.343746
1.100 	25.355402
1.101 	24.876849
1.102 	24.481378
1.103 	24.447546
1.104 	24.489798
1.105 	24.018495
1.106 	22.964203
1.107 	22.662529
1.108 	23.724287
1.109 	25.254661
1.110 	26.220346
1.111 	26.107969
1.112 	25.084880
1.113 	24.259431
1.114 	24.619697
1.115 	25.515291
1.116 	25.171805
1.117 	23.824795
1.118 	23.260753
1.119 	23.762790
1.120 	24.361912
1.121 	24.423524
1.122 	24.215010
1.123 	24.169956
1.124 	24.278602
1.125 	24.518434
1.126 	24.686364
1.127 	23.902961
1.128 	22.460224
1.129 	21.913047
1.130 	22.825941
1.131 	24.172721
1.132 	24.607553
1.133 	23.616819
1.134 	22.186280
1.135 	21.768283
1.136 	22.462016
1.137 	22.950863
1.138 	22.946330
1.139 	23.026116
1.140 	22.917328
1.141 	22.271839
1.142 	21.448401
1.143 	20.983329
1.144 	20.584984
1.145 	20.109277
1.146 	20.229728
1.147 	20.898969
1.148 	21.013210
1.149 	20.581993
1.150 	20.218353
1.151 	20.030619
1.152 	20.280411
1.153 	20.791934
1.154 	20.871793
1.155 	20.248342
1.156 	19.480387
1.157 	19.530793
1.158 	20.244064
1.159 	20.785623
1.160 	20.790293
1.161 	20.305659
1.162 	19.881806
1.163 	19.869720
1.164 	19.961500
1.165 	19.718316
1.166 	19.313674
1.167 	19.453559
1.168 	20.261659
1.169 	20.662385
1.170 	20.122150
1.171 	19.731419
1.172 	20.254932
1.173 	20.870425
1.174 	20.424877
1.175 	19.159963
1.176 	18.322533
1.177 	18.262341
1.178 	18.771594
1.179 	19.156195
1.180 	19.325901
1.181 	19.882862
1.182 	20.247286
1.183 	20.026888
1.184 	19.908506
1.185 	19.798304
1.186 	19.078098
1.187 	18.321239
1.188 	18.422882
1.189 	19.353825
1.190 	20.245006
1.191 	20.137213
1.192 	19.477573
1.193 	18.981574
1.194 	18.942366
1.195 	19.300597
1.196 	19.381758
1.197 	18.837654
1.198 	18.630420
1.199 	19.222024
1.200 	19.505004
1.201 	19.124602
1.202 	18.705570
1.203 	18.524794
1.204 	18.390829
1.205 	18.279040
1.206 	18.338211
1.207 	18.820541
1.208 	19.712258
1.209 	20.167018
1.210 	19.727125
1.211 	19.030870
1.212 	18.977993
1.213 	19.463360
1.214 	19.972464
1.215 	20.142450
1.216 	19.940335
1.217 	19.469446
1.218 	18.750429
1.219 	17.917001
1.220 	17.962598
1.221 	18.905305
1.222 	20.022867
1.223 	20.468839
1.224 	20.167104
1.225 	19.834769
1.226 	20.066130
1.227 	20.444027
1.228 	20.591425
1.229 	20.509431
1.230 	20.098442
1.231 	19.647857
1.232 	19.387075
1.233 	19.265592
1.234 	19.276785
1.235 	18.906409
1.236 	18.163383
1.237 	18.156255
1.238 	18.808710
1.239 	18.994855
1.240 	18.958557
1.241 	19.391962
1.242 	19.868656
1.243 	19.917578
1.244 	19.758193
1.245 	19.673944
1.246 	19.783469
1.247 	19.931422
1.248 	20.000025
1.249 	20.098780
1.250 	19.881915
1.251 	19.279099
1.252 	18.863661
1.253 	18.918204
1.254 	19.380034
1.255 	20.258620
1.256 	20.753856
1.257 	20.507119
1.258 	20.053567
1.259 	19.815018
1.260 	19.640343
1.261 	19.416782
1.262 	18.991229
1.263 	18.704269
1.264 	19.397429
1.265 	21.001712
1.266 	22.097604
1.267 	21.466447
1.268 	20.242996
1.269 	20.157209
1.270 	20.780987
1.271 	20.860323
1.272 	20.962283
1.273 	21.703420
1.274 	21.667342
1.275 	20.325048
1.276 	18.793780
1.277 	18.027787
1.278 	18.285870
1.279 	19.428489
1.280 	20.543752
1.281 	20.768220
1.282 	19.997129
1.283 	19.151912
1.284 	18.862312
1.285 	19.142091
1.286 	19.906411
1.287 	20.714610
1.288 	20.946244
1.289 	20.609829
1.290 	19.878073
1.291 	19.261363
1.292 	19.238884
1.293 	19.674143
1.294 	19.951810
1.295 	19.932136
1.296 	19.764900
1.297 	19.611518
1.298 	19.392544
1.299 	19.020777
1.300 	18.737675
1.301 	19.033948
1.302 	20.340480
1.303 	21.225769
1.304 	20.287554
1.305 	18.317186
1.306 	17.038301
1.307 	16.813250
1.308 	17.428997
1.309 	18.731716
1.310 	19.831362
1.311 	19.827159
1.312 	19.351391
1.313 	19.108026
1.314 	19.119615
1.315 	19.124624
1.316 	18.819618
1.317 	18.356819
1.318 	17.894301
1.319 	17.384687
1.320 	16.715929
1.321 	16.097107
1.322 	16.073951
1.323 	16.526306
1.324 	17.402704
1.325 	18.853679
1.326 	20.208171
1.327 	20.440361
1.328 	19.556363
1.329 	18.600813
1.330 	17.859182
1.331 	17.055089
1.332 	16.517329
1.333 	16.651674
1.334 	16.628566
1.335 	16.297487
1.336 	16.679472
1.337 	17.385737
1.338 	17.479952
1.339 	16.873974
1.340 	16.148768
1.341 	15.672626
1.342 	15.937710
1.343 	16.660209
1.344 	17.175082
1.345 	17.017095
1.346 	16.412450
1.347 	15.888181
1.348 	16.300999
1.349 	17.524240
1.350 	17.660041
1.351 	16.097571
1.352 	14.235489
1.353 	13.763742
1.354 	14.565994
1.355 	15.640368
1.356 	15.945837
1.357 	15.941748
1.358 	15.784165
1.359 	15.096965
1.360 	14.352343
1.361 	13.844570
1.362 	13.739065
1.363 	14.315625
1.364 	15.314560
1.365 	15.998716
1.366 	15.902198
1.367 	15.063043
1.368 	14.224839
1.369 	13.848448
1.370 	14.170893
1.371 	14.274534
1.372 	14.048344
1.373 	14.053801
1.374 	13.610307
1.375 	12.690175
1.376 	12.596925
1.377 	13.231214
1.378 	13.572808
1.379 	13.525735
1.380 	13.529120
1.381 	14.089556
1.382 	14.675509
1.383 	13.609397
1.384 	11.395614
1.385 	10.212082
1.386 	11.015726
1.387 	12.202567
1.388 	12.522400
1.389 	11.793320
1.390 	10.864668
1.391 	9.844525
1.392 	9.021833
1.393 	9.492065
1.394 	11.650017
1.395 	13.135685
1.396 	12.107543
1.397 	9.446983
1.398 	7.479460
1.399 	7.446505
1.400 	8.364822
1.401 	8.702439
1.402 	8.049616
1.403 	8.032958
1.404 	9.282656
1.405 	10.337064
1.406 	10.353252
1.407 	9.481435
1.408 	8.513122
1.409 	8.007309
1.410 	7.882027
1.411 	7.760889
1.412 	7.203271
1.413 	6.304854
1.414 	5.840354
1.415 	6.137530
1.416 	6.488415
1.417 	6.667587
1.418 	6.785369
1.419 	6.791842
1.420 	7.341318
1.421 	8.701720
1.422 	9.525547
1.423 	9.148224
1.424 	8.541345
1.425 	8.265941
1.426 	7.760794
1.427 	6.780207
1.428 	6.072436
1.429 	6.262221
1.430 	7.466986
1.431 	8.832997
1.432 	9.269207
1.433 	8.661563
1.434 	7.477829
1.435 	5.599166
1.436 	3.582273
1.437 	3.411753
1.438 	4.548007
1.439 	5.762100
1.440 	6.789887
1.441 	7.287164
1.442 	7.016651
1.443 	6.788728
1.444 	7.102113
1.445 	7.152634
1.446 	6.458337
1.447 	6.254145
1.448 	6.959617
1.449 	7.120889
1.450 	6.612335
1.451 	6.361862
1.452 	6.392508
1.453 	6.145126
1.454 	5.742002
1.455 	6.295266
1.456 	7.804604
1.457 	8.826894
1.458 	9.120494
1.459 	8.383309
1.460 	6.689461
1.461 	5.507908
1.462 	5.944041
1.463 	7.913466
1.464 	9.474959
1.465 	8.685559
1.466 	6.369237
1.467 	4.858033
1.468 	5.576776
1.469 	7.053349
1.470 	7.311909
1.471 	7.211688
1.472 	7.663248
1.473 	7.771969
1.474 	7.417566
1.475 	6.886388
1.476 	6.503539
1.477 	6.803236
1.478 	6.869726
1.479 	6.563242
1.480 	6.421947
1.481 	6.258227
1.482 	6.562519
1.483 	6.770075
1.484 	6.738699
1.485 	7.323892
1.486 	7.708962
1.487 	7.269101
1.488 	6.987947
1.489 	8.041185
1.490 	9.662527
1.491 	10.256030
1.492 	9.881464
1.493 	8.565709
1.494 	6.629655
1.495 	4.910414
1.496 	4.156168
1.497 	5.154649
1.498 	6.994941
1.499 	7.816595
1.500 	6.608102
1.501 	5.403946
1.502 	6.329346
1.503 	8.093472
1.504 	8.316042
1.505 	6.963243
1.506 	6.879414
1.507 	8.702170
1.508 	9.204575
1.509 	7.531115
1.510 	6.722513
1.511 	8.028611
1.512 	9.246591
1.513 	9.307185
1.514 	8.715606
1.515 	7.435528
1.516 	6.530396
1.517 	6.981342
1.518 	7.426781
1.519 	7.451559
1.520 	8.009354
1.521 	9.034943
1.522 	9.166680
1.523 	7.883115
1.524 	7.070005
1.525 	7.846474
1.526 	9.085706
1.527 	9.254207
1.528 	8.412736
1.529 	7.919678
1.530 	7.266688
1.531 	6.312503
1.532 	6.013021
1.533 	7.498254
1.534 	10.618447
1.535 	12.549850
1.536 	11.226703
1.537 	8.993887
1.538 	8.055425
1.539 	7.261158
1.540 	7.126030
1.541 	8.130737
1.542 	9.422884
1.543 	9.762623
1.544 	9.384849
1.545 	9.724989
1.546 	9.945338
1.547 	8.631311
1.548 	8.063873
1.549 	9.115015
1.550 	9.605081
1.551 	8.590227
1.552 	8.320930
1.553 	10.268613
1.554 	11.493166
1.555 	10.668855
1.556 	9.006167
1.557 	8.288367
1.558 	9.326793
1.559 	10.023435
1.560 	9.283716
1.561 	8.644581
1.562 	8.884945
1.563 	8.744659
1.564 	8.735377
1.565 	8.651866
1.566 	8.307757
1.567 	9.631804
1.568 	10.746188
1.569 	10.264843
1.570 	10.112886
1.571 	11.042700
1.572 	11.424189
1.573 	10.011582
1.574 	8.564656
1.575 	8.824747
1.576 	8.569391
1.577 	7.852832
1.578 	8.999331
1.579 	11.836283
1.580 	13.404831
1.581 	13.196411
1.582 	12.148625
1.583 	10.751284
1.584 	10.339212
1.585 	10.697776
1.586 	9.844672
1.587 	8.702991
1.588 	8.798631
1.589 	9.858548
1.590 	10.647794
1.591 	10.865470
1.592 	11.034727
1.593 	10.011333
1.594 	8.823233
1.595 	9.518107
1.596 	10.212130
1.597 	10.031165
1.598 	10.572255
1.599 	10.479874
1.600 	10.153715
1.601 	9.810032
1.602 	10.970387
1.603 	13.524769
1.604 	12.853602
1.605 	10.765203
1.606 	9.628927
1.607 	9.892246
1.608 	11.905843
1.609 	12.072505
1.610 	12.061471
1.611 	12.291129
1.612 	9.462249
1.613 	7.853049
1.614 	9.944563
1.615 	10.821913
1.616 	9.491027
1.617 	8.339218
1.618 	9.960967
1.619 	13.295458
1.620 	14.459985
1.621 	12.315684
1.622 	9.941466
1.623 	10.455017
1.624 	12.754465
1.625 	14.825388
1.626 	13.264046
1.627 	11.081106
1.628 	10.822410
1.629 	11.163745
1.630 	12.066531
1.631 	12.648536
1.632 	12.573298
1.633 	11.716925
1.634 	10.896730
1.635 	12.153141
1.636 	13.904688
1.637 	13.413611
1.638 	11.105866
1.639 	9.840650
1.640 	10.712915
1.641 	10.738397
1.642 	8.949510
1.643 	9.417893
1.644 	13.427501
1.645 	14.541571
1.646 	11.940233
1.647 	11.694052
1.648 	12.251139
1.649 	10.281191
1.650 	8.659397
1.651 	10.336002
1.652 	14.187220
1.653 	14.859431
1.654 	13.742332
1.655 	12.094365
1.656 	12.730476
1.657 	12.328023
1.658 	8.068475
1.659 	8.305612
1.660 	11.351203
1.661 	12.670285
1.662 	13.746802
1.663 	14.848722
1.664 	11.202257
1.665 	8.885811
1.666 	9.920933
1.667 	12.443802
1.668 	11.869258
1.669 	11.194899
1.670 	12.936593
1.671 	11.851749
1.672 	9.758538
1.673 	7.824865
1.674 	9.040092
1.675 	14.652149
1.676 	14.886107
1.677 	13.348644
1.678 	13.594899
1.679 	11.691213
1.680 	9.361708
1.681 	12.200339
1.682 	12.611308
1.683 	9.721804
1.684 	14.561330
1.685 	10.057399
1.686 	4.122257
1.687 	11.141013
1.688 	11.740664
1.689 	8.429965
1.690 	6.126289
1.691 	13.608164
1.692 	19.467382
1.693 	18.583698
1.694 	7.774835
1.695 	6.624573
1.696 	13.473433
1.697 	15.523536
1.698 	18.118987
1.699 	14.801112
1.700 	0.429442
