0.660 	34.863868
0.661 	31.675414
0.662 	29.102348
0.663 	32.237915
0.664 	32.022008
0.665 	34.573556
0.666 	35.932151
0.667 	36.674685
0.668 	31.236257
0.669 	29.279553
0.670 	31.301078
0.671 	33.548526
0.672 	36.093068
0.673 	36.298192
0.674 	33.096260
0.675 	31.314906
0.676 	29.870386
0.677 	31.546365
0.678 	32.246947
0.679 	34.056653
0.680 	34.884345
0.681 	33.117472
0.682 	32.381166
0.683 	37.256497
0.684 	36.219501
0.685 	32.378980
0.686 	28.882269
0.687 	31.337549
0.688 	33.935417
0.689 	33.770571
0.690 	33.655288
0.691 	33.224574
0.692 	33.241146
0.693 	34.916690
0.694 	33.594477
0.695 	30.946934
0.696 	31.374708
0.697 	34.239027
0.698 	35.128790
0.699 	32.339555
0.700 	31.248426
0.701 	33.344687
0.702 	34.403952
0.703 	32.621279
0.704 	31.753153
0.705 	34.742869
0.706 	35.679109
0.707 	36.030256
0.708 	34.805494
0.709 	31.731269
0.710 	30.931304
0.711 	33.979736
0.712 	33.919220
0.713 	31.521858
0.714 	29.135305
0.715 	30.932395
0.716 	33.429442
0.717 	33.835153
0.718 	32.840188
0.719 	32.155443
0.720 	32.720236
0.721 	34.146304
0.722 	33.929676
0.723 	31.169827
0.724 	31.368872
0.725 	33.386013
0.726 	33.596430
0.727 	33.147903
0.728 	32.334267
0.729 	32.254260
0.730 	33.890058
0.731 	33.757371
0.732 	33.734565
0.733 	35.532271
0.734 	35.082042
0.735 	31.905293
0.736 	32.903230
0.737 	33.288003
0.738 	30.650897
0.739 	29.845206
0.740 	32.296938
0.741 	32.671514
0.742 	31.112155
0.743 	31.238772
0.744 	34.003181
0.745 	34.308595
0.746 	31.595317
0.747 	30.403712
0.748 	30.497261
0.749 	31.694036
0.750 	32.506337
0.751 	31.026126
0.752 	31.875146
0.753 	32.783238
0.754 	31.085313
0.755 	30.632468
0.756 	32.443338
0.757 	32.688727
0.758 	31.690376
0.759 	32.032062
0.760 	32.238880
0.761 	31.429083
0.762 	30.694652
0.763 	30.142610
0.764 	30.608585
0.765 	31.542526
0.766 	32.196831
0.767 	32.534821
0.768 	32.320711
0.769 	31.783862
0.770 	31.417276
0.771 	30.443748
0.772 	30.978362
0.773 	32.386991
0.774 	31.634468
0.775 	31.275267
0.776 	31.547193
0.777 	31.729825
0.778 	30.916261
0.779 	29.512554
0.780 	30.120723
0.781 	31.332473
0.782 	31.902749
0.783 	31.827504
0.784 	31.671731
0.785 	31.774963
0.786 	32.057982
0.787 	32.286728
0.788 	32.276932
0.789 	32.413565
0.790 	32.354564
0.791 	31.847860
0.792 	31.531093
0.793 	31.783465
0.794 	32.020114
0.795 	31.608827
0.796 	30.654317
0.797 	30.406211
0.798 	31.205696
0.799 	31.981889
0.800 	31.386549
0.801 	30.463878
0.802 	30.710536
0.803 	30.610354
0.804 	30.320259
0.805 	31.178377
0.806 	32.276276
0.807 	32.687341
0.808 	32.072835
0.809 	30.738541
0.810 	30.293846
0.811 	30.218529
0.812 	29.825583
0.813 	29.813632
0.814 	30.163167
0.815 	30.305998
0.816 	30.502354
0.817 	31.103085
0.818 	31.100701
0.819 	30.500321
0.820 	29.737477
0.821 	28.841495
0.822 	28.763570
0.823 	30.263755
0.824 	31.671572
0.825 	31.396190
0.826 	30.372109
0.827 	29.922521
0.828 	30.417024
0.829 	30.931873
0.830 	30.489793
0.831 	29.766682
0.832 	29.555585
0.833 	29.784617
0.834 	30.168042
0.835 	30.692888
0.836 	30.769905
0.837 	30.076264
0.838 	29.821209
0.839 	30.062067
0.840 	30.257131
0.841 	30.158151
0.842 	29.679942
0.843 	29.442511
0.844 	29.372966
0.845 	29.142519
0.846 	29.196701
0.847 	29.651165
0.848 	29.797556
0.849 	29.146973
0.850 	28.225310
0.851 	28.040803
0.852 	28.644869
0.853 	29.097637
0.854 	28.920920
0.855 	28.767131
0.856 	29.310665
0.857 	30.320122
0.858 	30.658004
0.859 	29.860494
0.860 	29.024199
0.861 	29.040285
0.862 	29.798528
0.863 	30.089416
0.864 	29.298830
0.865 	28.690292
0.866 	29.040731
0.867 	29.537956
0.868 	29.289980
0.869 	28.214153
0.870 	27.524371
0.871 	27.876898
0.872 	28.396904
0.873 	28.598588
0.874 	28.920228
0.875 	29.574088
0.876 	30.010620
0.877 	29.843301
0.878 	29.581751
0.879 	29.515166
0.880 	29.183831
0.881 	28.722143
0.882 	28.563515
0.883 	28.449681
0.884 	28.382475
0.885 	28.396223
0.886 	28.657990
0.887 	29.210023
0.888 	29.344395
0.889 	28.913948
0.890 	28.458389
0.891 	28.211353
0.892 	28.134264
0.893 	28.097015
0.894 	28.038052
0.895 	28.024484
0.896 	28.123275
0.897 	28.191782
0.898 	28.161655
0.899 	28.210008
0.900 	28.491107
0.901 	28.857699
0.902 	28.821849
0.903 	28.246844
0.904 	27.638021
0.905 	27.563446
0.906 	27.817407
0.907 	28.053193
0.908 	28.305691
0.909 	28.731472
0.910 	28.714906
0.911 	28.149919
0.912 	27.951367
0.913 	28.542127
0.914 	29.127267
0.915 	28.708984
0.916 	27.716257
0.917 	26.966406
0.918 	26.657282
0.919 	26.308913
0.920 	26.246331
0.921 	27.018405
0.922 	27.962260
0.923 	28.297955
0.924 	28.187668
0.925 	27.991557
0.926 	27.667446
0.927 	27.259482
0.928 	27.081959
0.929 	27.510649
0.930 	28.176937
0.931 	28.196193
0.932 	27.273690
0.933 	26.138754
0.934 	25.387522
0.935 	25.536222
0.936 	26.182221
0.937 	26.537144
0.938 	26.674877
0.939 	26.406822
0.940 	25.505393
0.941 	25.216486
0.942 	25.852454
0.943 	26.972765
0.944 	27.257203
0.945 	26.611377
0.946 	26.616027
0.947 	27.115028
0.948 	27.221327
0.949 	26.999787
0.950 	26.732336
0.951 	26.279372
0.952 	25.721172
0.953 	25.449477
0.954 	25.650512
0.955 	25.757075
0.956 	25.961440
0.957 	26.201348
0.958 	25.503396
0.959 	25.213063
0.960 	25.455050
0.961 	25.440879
0.962 	25.875542
0.963 	26.218793
0.964 	26.397214
0.965 	26.548765
0.966 	25.777333
0.967 	23.852865
0.968 	24.049627
0.969 	24.741016
0.970 	24.487529
0.971 	24.687057
0.972 	24.833528
0.973 	24.727780
0.974 	24.769198
0.975 	25.299680
0.976 	25.696297
0.977 	25.926200
0.978 	26.270352
0.979 	26.236551
0.980 	26.243722
0.981 	25.843847
0.982 	24.905631
0.983 	24.647247
0.984 	25.056563
0.985 	24.312972
0.986 	23.780801
0.987 	24.476282
0.988 	25.129946
0.989 	25.300272
0.990 	25.920840
0.991 	25.732853
0.992 	25.130343
0.993 	25.071728
0.994 	25.535841
0.995 	25.951192
0.996 	25.827515
0.997 	24.864061
0.998 	25.232524
0.999 	25.572740
1.000 	24.860331
1.001 	24.652935
1.002 	24.502693
1.003 	24.692169
1.004 	25.572229
1.005 	25.778661
1.006 	25.667829
1.007 	25.163977
1.008 	24.286262
1.009 	24.428965
1.010 	24.889794
1.011 	24.897885
1.012 	25.139231
1.013 	26.353379
1.014 	26.854494
1.015 	26.368679
1.016 	25.660359
1.017 	24.810198
1.018 	24.613393
1.019 	25.141546
1.020 	25.592784
1.021 	25.573327
1.022 	25.148832
1.023 	25.395054
1.024 	25.641436
1.025 	24.995695
1.026 	25.201175
1.027 	26.348858
1.028 	26.756395
1.029 	26.173079
1.030 	25.606631
1.031 	24.815675
1.032 	24.236588
1.033 	24.491768
1.034 	25.337827
1.035 	26.000350
1.036 	26.240522
1.037 	26.748555
1.038 	26.792062
1.039 	25.945661
1.040 	25.080719
1.041 	24.717482
1.042 	24.629948
1.043 	24.581594
1.044 	24.927299
1.045 	25.535261
1.046 	26.058551
1.047 	26.440472
1.048 	26.468157
1.049 	26.062335
1.050 	25.314621
1.051 	24.701041
1.052 	24.760334
1.053 	25.364607
1.054 	25.865338
1.055 	26.106857
1.056 	25.761109
1.057 	25.361464
1.058 	25.482055
1.059 	25.714525
1.060 	26.034884
1.061 	26.292577
1.062 	26.035052
1.063 	25.132611
1.064 	24.054671
1.065 	24.076230
1.066 	25.216104
1.067 	26.140839
1.068 	26.161862
1.069 	26.039418
1.070 	26.331762
1.071 	26.120814
1.072 	25.778198
1.073 	26.122591
1.074 	26.424026
1.075 	26.285755
1.076 	25.745726
1.077 	25.340192
1.078 	25.461954
1.079 	25.597011
1.080 	25.453073
1.081 	25.209961
1.082 	24.954903
1.083 	24.917778
1.084 	25.295539
1.085 	25.802029
1.086 	25.755310
1.087 	25.238578
1.088 	24.658088
1.089 	23.913373
1.090 	23.463726
1.091 	23.908583
1.092 	24.926711
1.093 	25.795859
1.094 	26.604415
1.095 	27.200311
1.096 	26.739205
1.097 	26.325797
1.098 	26.383361
1.099 	25.723130
1.100 	24.911865
1.101 	24.808061
1.102 	24.921031
1.103 	24.921875
1.104 	25.209478
1.105 	25.497203
1.106 	24.941856
1.107 	24.157689
1.108 	24.504264
1.109 	25.508638
1.110 	25.830106
1.111 	25.252671
1.112 	24.609281
1.113 	24.550138
1.114 	24.723124
1.115 	24.646612
1.116 	24.278289
1.117 	24.383251
1.118 	24.956439
1.119 	25.013694
1.120 	24.668581
1.121 	24.686692
1.122 	24.857499
1.123 	24.658583
1.124 	24.434389
1.125 	24.704593
1.126 	24.931165
1.127 	24.526983
1.128 	23.704613
1.129 	23.227819
1.130 	23.694562
1.131 	24.292267
1.132 	24.040871
1.133 	23.243608
1.134 	22.895247
1.135 	23.070490
1.136 	23.118841
1.137 	23.100146
1.138 	23.337178
1.139 	23.401744
1.140 	22.868185
1.141 	22.312251
1.142 	22.261102
1.143 	22.479589
1.144 	22.356544
1.145 	21.296439
1.146 	20.141912
1.147 	20.289793
1.148 	21.261318
1.149 	22.298707
1.150 	22.911528
1.151 	22.748326
1.152 	22.047221
1.153 	21.486350
1.154 	21.411712
1.155 	21.252655
1.156 	20.729840
1.157 	20.617856
1.158 	20.800989
1.159 	21.066168
1.160 	21.491314
1.161 	21.350762
1.162 	20.681242
1.163 	20.280747
1.164 	20.434299
1.165 	20.690554
1.166 	20.402439
1.167 	19.697837
1.168 	19.475599
1.169 	19.980659
1.170 	20.342743
1.171 	20.196846
1.172 	20.192897
1.173 	20.731049
1.174 	21.061024
1.175 	20.321249
1.176 	19.170098
1.177 	18.885990
1.178 	19.580482
1.179 	20.142377
1.180 	20.228182
1.181 	20.901176
1.182 	21.909196
1.183 	21.755852
1.184 	20.729389
1.185 	19.989748
1.186 	19.610450
1.187 	19.238936
1.188 	19.267191
1.189 	19.766382
1.190 	20.262619
1.191 	20.326546
1.192 	19.952351
1.193 	19.498112
1.194 	19.468599
1.195 	19.740477
1.196 	19.857893
1.197 	19.384191
1.198 	18.606696
1.199 	18.434167
1.200 	18.527955
1.201 	18.302623
1.202 	18.194708
1.203 	18.745179
1.204 	19.501355
1.205 	19.624571
1.206 	19.089859
1.207 	18.892981
1.208 	19.618528
1.209 	20.333278
1.210 	20.308996
1.211 	20.205016
1.212 	20.297670
1.213 	20.385564
1.214 	20.563037
1.215 	20.524948
1.216 	20.346671
1.217 	20.545876
1.218 	20.341721
1.219 	19.249502
1.220 	18.841029
1.221 	19.591223
1.222 	20.341994
1.223 	20.479366
1.224 	20.453496
1.225 	20.272544
1.226 	19.853809
1.227 	19.690628
1.228 	20.171232
1.229 	20.840131
1.230 	20.928764
1.231 	20.069612
1.232 	19.344519
1.233 	19.365766
1.234 	19.638572
1.235 	19.485157
1.236 	18.811189
1.237 	18.494998
1.238 	19.189411
1.239 	20.048663
1.240 	20.106724
1.241 	19.988249
1.242 	20.595571
1.243 	21.550653
1.244 	22.171655
1.245 	21.701372
1.246 	20.536448
1.247 	19.597875
1.248 	19.357734
1.249 	19.756024
1.250 	20.575001
1.251 	21.032431
1.252 	20.894640
1.253 	20.548457
1.254 	20.618991
1.255 	20.994377
1.256 	20.804814
1.257 	20.350536
1.258 	20.006788
1.259 	19.950292
1.260 	20.647812
1.261 	21.719678
1.262 	21.890625
1.263 	21.130511
1.264 	19.988956
1.265 	19.342468
1.266 	19.618273
1.267 	20.148752
1.268 	20.268631
1.269 	20.394703
1.270 	20.814465
1.271 	21.022481
1.272 	20.904378
1.273 	20.823109
1.274 	20.903422
1.275 	20.985961
1.276 	20.666752
1.277 	20.050571
1.278 	19.754081
1.279 	20.210797
1.280 	20.825219
1.281 	20.897941
1.282 	20.380926
1.283 	19.858715
1.284 	19.588927
1.285 	19.489297
1.286 	19.828319
1.287 	20.752114
1.288 	21.274652
1.289 	20.756003
1.290 	19.711461
1.291 	19.239356
1.292 	19.747038
1.293 	20.823608
1.294 	21.437517
1.295 	21.142555
1.296 	20.640852
1.297 	20.761063
1.298 	20.686242
1.299 	19.725255
1.300 	19.011965
1.301 	19.080017
1.302 	19.474569
1.303 	19.577119
1.304 	19.398597
1.305 	19.383971
1.306 	19.628609
1.307 	19.645977
1.308 	19.145504
1.309 	18.755403
1.310 	18.985835
1.311 	19.416241
1.312 	19.679779
1.313 	19.479632
1.314 	18.913085
1.315 	18.639546
1.316 	18.822315
1.317 	18.647648
1.318 	18.260120
1.319 	18.194920
1.320 	17.641504
1.321 	16.553607
1.322 	16.425937
1.323 	17.490644
1.324 	19.033191
1.325 	20.020795
1.326 	19.901355
1.327 	19.114912
1.328 	18.788880
1.329 	18.986341
1.330 	18.994623
1.331 	18.674203
1.332 	18.570170
1.333 	18.622581
1.334 	18.102255
1.335 	17.013817
1.336 	16.205023
1.337 	15.898646
1.338 	15.837604
1.339 	16.166554
1.340 	16.717256
1.341 	17.265484
1.342 	17.843228
1.343 	18.181662
1.344 	17.968093
1.345 	17.639001
1.346 	17.276988
1.347 	16.522222
1.348 	16.073802
1.349 	16.422910
1.350 	16.553421
1.351 	15.493011
1.352 	13.844234
1.353 	13.553242
1.354 	14.903349
1.355 	16.252086
1.356 	16.015969
1.357 	15.438579
1.358 	15.619999
1.359 	16.319131
1.360 	17.074902
1.361 	17.266981
1.362 	16.547635
1.363 	15.829219
1.364 	16.055741
1.365 	16.361963
1.366 	15.548716
1.367 	14.112254
1.368 	13.706327
1.369 	14.274194
1.370 	14.182500
1.371 	13.200871
1.372 	12.818361
1.373 	13.187721
1.374 	13.268406
1.375 	13.514660
1.376 	14.592469
1.377 	15.258238
1.378 	13.947159
1.379 	12.182428
1.380 	11.755067
1.381 	12.907262
1.382 	14.202508
1.383 	13.834980
1.384 	12.194379
1.385 	11.221625
1.386 	11.674051
1.387 	12.238708
1.388 	12.327897
1.389 	12.122389
1.390 	12.052225
1.391 	11.803640
1.392 	10.873603
1.393 	9.765015
1.394 	9.910977
1.395 	11.285380
1.396 	12.196275
1.397 	11.355184
1.398 	10.300334
1.399 	10.176843
1.400 	9.890841
1.401 	8.801625
1.402 	7.690473
1.403 	7.544310
1.404 	8.330894
1.405 	9.128046
1.406 	9.319080
1.407 	8.980584
1.408 	8.514294
1.409 	8.180721
1.410 	8.398030
1.411 	8.872514
1.412 	8.652701
1.413 	7.644671
1.414 	6.892683
1.415 	7.208085
1.416 	7.764938
1.417 	7.704748
1.418 	6.807195
1.419 	5.601355
1.420 	5.784707
1.421 	7.834968
1.422 	9.819867
1.423 	9.870805
1.424 	8.974845
1.425 	8.458220
1.426 	7.852836
1.427 	7.062256
1.428 	6.643389
1.429 	6.767483
1.430 	7.428694
1.431 	8.124708
1.432 	8.253114
1.433 	7.576348
1.434 	6.751471
1.435 	6.646216
1.436 	6.451742
1.437 	5.878621
1.438 	6.085661
1.439 	6.731736
1.440 	6.519975
1.441 	5.479828
1.442 	4.983024
1.443 	6.170232
1.444 	7.454923
1.445 	7.186429
1.446 	6.399572
1.447 	5.749687
1.448 	5.159742
1.449 	5.313238
1.450 	6.473916
1.451 	7.863592
1.452 	8.077256
1.453 	6.929067
1.454 	5.431153
1.455 	5.118201
1.456 	6.468231
1.457 	7.811613
1.458 	8.851089
1.459 	9.213962
1.460 	7.923796
1.461 	6.293884
1.462 	6.435660
1.463 	7.827417
1.464 	8.344162
1.465 	6.936821
1.466 	4.798218
1.467 	4.006341
1.468 	4.819857
1.469 	6.566506
1.470 	8.296895
1.471 	9.071743
1.472 	8.936043
1.473 	8.370696
1.474 	7.621909
1.475 	7.136807
1.476 	7.310696
1.477 	7.986087
1.478 	8.053637
1.479 	7.400706
1.480 	7.148854
1.481 	7.079893
1.482 	6.230827
1.483 	4.923753
1.484 	5.054276
1.485 	6.483191
1.486 	7.615717
1.487 	7.811023
1.488 	6.744073
1.489 	6.361653
1.490 	7.498851
1.491 	8.371218
1.492 	8.662087
1.493 	8.402643
1.494 	6.925308
1.495 	4.921415
1.496 	4.654913
1.497 	6.591367
1.498 	8.371706
1.499 	8.871396
1.500 	8.298733
1.501 	7.151381
1.502 	6.835781
1.503 	7.997575
1.504 	8.310486
1.505 	6.806162
1.506 	5.944819
1.507 	6.792137
1.508 	8.190843
1.509 	8.924420
1.510 	8.739918
1.511 	8.349671
1.512 	7.619981
1.513 	6.571981
1.514 	6.374631
1.515 	7.171457
1.516 	7.252017
1.517 	6.220800
1.518 	6.244710
1.519 	7.665210
1.520 	8.673364
1.521 	8.972439
1.522 	8.738954
1.523 	7.611894
1.524 	6.997133
1.525 	7.916147
1.526 	9.256624
1.527 	9.840847
1.528 	8.866645
1.529 	7.798551
1.530 	7.717869
1.531 	7.108596
1.532 	6.175800
1.533 	7.156046
1.534 	9.390952
1.535 	10.561057
1.536 	10.309136
1.537 	10.291926
1.538 	9.816118
1.539 	8.296758
1.540 	8.148903
1.541 	8.959273
1.542 	9.185674
1.543 	8.312248
1.544 	6.996150
1.545 	7.318133
1.546 	9.118502
1.547 	9.896800
1.548 	10.273359
1.549 	10.771529
1.550 	10.935792
1.551 	10.498331
1.552 	9.218494
1.553 	8.314574
1.554 	7.708482
1.555 	8.233665
1.556 	9.263172
1.557 	9.541080
1.558 	9.501550
1.559 	8.764675
1.560 	9.437182
1.561 	11.345530
1.562 	11.848212
1.563 	11.379053
1.564 	10.661021
1.565 	10.411241
1.566 	11.100522
1.567 	11.936372
1.568 	11.227774
1.569 	9.020321
1.570 	8.465497
1.571 	9.361824
1.572 	9.569147
1.573 	9.253847
1.574 	10.250401
1.575 	11.568470
1.576 	10.395076
1.577 	8.664635
1.578 	8.713697
1.579 	9.817777
1.580 	12.115884
1.581 	12.702096
1.582 	9.808743
1.583 	7.836981
1.584 	8.489327
1.585 	9.016405
1.586 	10.179327
1.587 	11.937262
1.588 	12.790289
1.589 	12.808488
1.590 	12.131190
1.591 	10.835465
1.592 	10.277033
1.593 	10.187299
1.594 	9.586303
1.595 	10.287524
1.596 	11.194094
1.597 	11.163123
1.598 	11.192621
1.599 	10.806281
1.600 	11.124818
1.601 	11.203503
1.602 	11.136305
1.603 	11.319817
1.604 	11.730172
1.605 	12.231569
1.606 	10.013684
1.607 	8.025956
1.608 	8.988238
1.609 	10.588484
1.610 	11.866101
1.611 	13.005231
1.612 	12.935596
1.613 	11.826391
1.614 	10.824719
1.615 	10.924167
1.616 	10.235299
1.617 	9.200804
1.618 	11.999119
1.619 	15.052007
1.620 	13.674317
1.621 	10.555007
1.622 	10.071474
1.623 	11.534889
1.624 	14.293510
1.625 	15.763004
1.626 	14.299554
1.627 	12.892734
1.628 	11.731290
1.629 	10.784936
1.630 	13.134670
1.631 	13.510601
1.632 	10.973201
1.633 	10.606434
1.634 	11.212928
1.635 	13.428453
1.636 	13.766411
1.637 	11.737184
1.638 	9.793517
1.639 	8.659013
1.640 	9.112245
1.641 	9.467004
1.642 	9.865827
1.643 	12.823678
1.644 	15.214067
1.645 	13.175810
1.646 	8.264696
1.647 	9.676335
1.648 	13.519332
1.649 	12.564643
1.650 	12.125301
1.651 	13.273886
1.652 	14.753548
1.653 	15.117011
1.654 	14.995086
1.655 	14.205852
1.656 	11.926943
1.657 	10.380349
1.658 	7.894928
1.659 	8.900665
1.660 	13.869311
1.661 	15.111439
1.662 	13.515569
1.663 	12.564659
1.664 	9.802129
1.665 	10.018434
1.666 	11.113771
1.667 	10.288277
1.668 	11.782521
1.669 	12.450936
1.670 	12.715920
1.671 	12.439854
1.672 	10.843205
1.673 	12.779843
1.674 	11.197368
1.675 	10.268154
1.676 	16.110819
1.677 	16.033088
1.678 	12.311690
1.679 	11.285895
1.680 	8.757041
1.681 	10.037930
1.682 	14.967433
1.683 	13.889141
1.684 	11.846577
1.685 	9.752379
1.686 	6.762884
1.687 	10.945658
1.688 	10.382973
1.689 	9.602322
1.690 	9.262043
1.691 	11.920884
1.692 	13.367198
1.693 	9.973224
1.694 	2.287182
1.695 	1.545450
1.696 	15.309343
1.697 	22.996043
1.698 	20.520908
1.699 	11.000383
1.700 	15.298166
