0.660 	36.875233
0.661 	39.311557
0.662 	34.797713
0.663 	34.577122
0.664 	40.058120
0.665 	34.197098
0.666 	37.293241
0.667 	40.559255
0.668 	38.381325
0.669 	35.009563
0.670 	35.227652
0.671 	36.264846
0.672 	34.265772
0.673 	35.762399
0.674 	34.630470
0.675 	37.186206
0.676 	38.594099
0.677 	36.207561
0.678 	31.849452
0.679 	32.725656
0.680 	37.833029
0.681 	36.580908
0.682 	36.922516
0.683 	38.244390
0.684 	33.509838
0.685 	32.543282
0.686 	34.495528
0.687 	35.757006
0.688 	38.725494
0.689 	35.249563
0.690 	32.653822
0.691 	34.480334
0.692 	37.355343
0.693 	35.344169
0.694 	32.709883
0.695 	33.692298
0.696 	35.041255
0.697 	37.095363
0.698 	37.366145
0.699 	35.410950
0.700 	32.204818
0.701 	31.703872
0.702 	33.167330
0.703 	35.128085
0.704 	35.695438
0.705 	38.431678
0.706 	38.160660
0.707 	36.626042
0.708 	33.541518
0.709 	31.727527
0.710 	33.119910
0.711 	35.384693
0.712 	35.921499
0.713 	34.670526
0.714 	33.233548
0.715 	33.952487
0.716 	36.405614
0.717 	35.744436
0.718 	32.047834
0.719 	31.428571
0.720 	33.751080
0.721 	34.508077
0.722 	34.599551
0.723 	33.584317
0.724 	33.118589
0.725 	34.291745
0.726 	34.849160
0.727 	33.973887
0.728 	34.184528
0.729 	34.746990
0.730 	35.894151
0.731 	35.753284
0.732 	34.693163
0.733 	34.742335
0.734 	34.708649
0.735 	33.075766
0.736 	33.124544
0.737 	34.671465
0.738 	35.020674
0.739 	33.191845
0.740 	32.045276
0.741 	32.673693
0.742 	33.994141
0.743 	34.399602
0.744 	35.713140
0.745 	36.795026
0.746 	34.855713
0.747 	32.544886
0.748 	32.440703
0.749 	33.752743
0.750 	34.228302
0.751 	33.157736
0.752 	32.830123
0.753 	33.041237
0.754 	33.090293
0.755 	32.638561
0.756 	32.991673
0.757 	33.300987
0.758 	33.871704
0.759 	35.011638
0.760 	33.966678
0.761 	32.043881
0.762 	32.458409
0.763 	32.862246
0.764 	33.396099
0.765 	33.398469
0.766 	32.382039
0.767 	32.902275
0.768 	33.393551
0.769 	31.610737
0.770 	30.243019
0.771 	31.749795
0.772 	34.793059
0.773 	35.800683
0.774 	33.230084
0.775 	31.862941
0.776 	32.273234
0.777 	32.963411
0.778 	33.716890
0.779 	33.475310
0.780 	32.792641
0.781 	32.953263
0.782 	32.835889
0.783 	31.670062
0.784 	31.188365
0.785 	31.812125
0.786 	32.467966
0.787 	33.440679
0.788 	33.772188
0.789 	33.070211
0.790 	32.380481
0.791 	31.987999
0.792 	32.209568
0.793 	33.273034
0.794 	34.070559
0.795 	34.209452
0.796 	33.255476
0.797 	32.070886
0.798 	31.632440
0.799 	31.557150
0.800 	31.680868
0.801 	32.548004
0.802 	33.415210
0.803 	32.972386
0.804 	32.281220
0.805 	32.312201
0.806 	32.760699
0.807 	33.541433
0.808 	33.601574
0.809 	32.084071
0.810 	30.505382
0.811 	30.012296
0.812 	30.313831
0.813 	31.109950
0.814 	31.828492
0.815 	32.029644
0.816 	32.446161
0.817 	33.837218
0.818 	34.162707
0.819 	32.756130
0.820 	30.919979
0.821 	30.235437
0.822 	30.896963
0.823 	31.532194
0.824 	32.041344
0.825 	32.445060
0.826 	32.285028
0.827 	31.427582
0.828 	30.748931
0.829 	30.619180
0.830 	30.524071
0.831 	31.252711
0.832 	32.931506
0.833 	33.445161
0.834 	32.045229
0.835 	30.645555
0.836 	30.805411
0.837 	31.763659
0.838 	31.968175
0.839 	31.148493
0.840 	30.610352
0.841 	30.750274
0.842 	31.202726
0.843 	31.806963
0.844 	32.010317
0.845 	31.791939
0.846 	31.662225
0.847 	31.681575
0.848 	31.565691
0.849 	30.983712
0.850 	30.248048
0.851 	29.923797
0.852 	29.937257
0.853 	30.281281
0.854 	30.842400
0.855 	31.096026
0.856 	31.256749
0.857 	31.627784
0.858 	31.394021
0.859 	30.750169
0.860 	30.644872
0.861 	30.965860
0.862 	31.174348
0.863 	30.758732
0.864 	29.714010
0.865 	29.150184
0.866 	30.052741
0.867 	31.706904
0.868 	32.754055
0.869 	32.782875
0.870 	31.782736
0.871 	30.149061
0.872 	28.861081
0.873 	28.984428
0.874 	30.031919
0.875 	31.095447
0.876 	31.740863
0.877 	31.397257
0.878 	30.364388
0.879 	29.559266
0.880 	29.322401
0.881 	29.475668
0.882 	30.153765
0.883 	30.697075
0.884 	30.521715
0.885 	30.364822
0.886 	30.840625
0.887 	31.161650
0.888 	30.711301
0.889 	30.033076
0.890 	29.756606
0.891 	29.991679
0.892 	30.153987
0.893 	29.983213
0.894 	30.019694
0.895 	30.234804
0.896 	30.125789
0.897 	29.806514
0.898 	29.664620
0.899 	29.524455
0.900 	29.545559
0.901 	29.823595
0.902 	30.196017
0.903 	30.738941
0.904 	31.180783
0.905 	30.918428
0.906 	29.935595
0.907 	29.272065
0.908 	29.530672
0.909 	30.256560
0.910 	30.657617
0.911 	30.358237
0.912 	29.640791
0.913 	29.019405
0.914 	28.597945
0.915 	28.798176
0.916 	29.499412
0.917 	30.073977
0.918 	29.728166
0.919 	28.589511
0.920 	27.470564
0.921 	27.162042
0.922 	27.678960
0.923 	28.703034
0.924 	29.770567
0.925 	30.539440
0.926 	30.384209
0.927 	29.350252
0.928 	28.375134
0.929 	28.230050
0.930 	28.599254
0.931 	29.219148
0.932 	29.577399
0.933 	29.444600
0.934 	28.865687
0.935 	28.476897
0.936 	28.223341
0.937 	27.714979
0.938 	27.756325
0.939 	28.205961
0.940 	28.696362
0.941 	28.689350
0.942 	28.257709
0.943 	28.223783
0.944 	28.510479
0.945 	28.740261
0.946 	29.003642
0.947 	28.877801
0.948 	28.330159
0.949 	27.941215
0.950 	27.420186
0.951 	27.092587
0.952 	27.262134
0.953 	27.635327
0.954 	27.961778
0.955 	27.510907
0.956 	27.453021
0.957 	27.451583
0.958 	27.009022
0.959 	26.657487
0.960 	27.094351
0.961 	27.003292
0.962 	27.314663
0.963 	27.844979
0.964 	27.484465
0.965 	26.557380
0.966 	26.231988
0.967 	26.711885
0.968 	26.803523
0.969 	26.310389
0.970 	25.633651
0.971 	25.839509
0.972 	26.288210
0.973 	26.253555
0.974 	26.353400
0.975 	25.938181
0.976 	25.999847
0.977 	27.078364
0.978 	27.748439
0.979 	27.845371
0.980 	27.429183
0.981 	26.932834
0.982 	26.788166
0.983 	26.505731
0.984 	25.553498
0.985 	25.325203
0.986 	26.397740
0.987 	27.631064
0.988 	27.805578
0.989 	26.982186
0.990 	26.421701
0.991 	26.118187
0.992 	25.757270
0.993 	25.787026
0.994 	26.262306
0.995 	27.205313
0.996 	28.062746
0.997 	27.394087
0.998 	27.127434
0.999 	27.018963
1.000 	26.309775
1.001 	25.735813
1.002 	25.584597
1.003 	26.543352
1.004 	26.959622
1.005 	26.227619
1.006 	26.240908
1.007 	27.085881
1.008 	27.740388
1.009 	27.747378
1.010 	27.301109
1.011 	26.799336
1.012 	27.426862
1.013 	28.341879
1.014 	27.532476
1.015 	27.139143
1.016 	27.250680
1.017 	26.510069
1.018 	26.390454
1.019 	27.166561
1.020 	27.552781
1.021 	27.274507
1.022 	25.904637
1.023 	25.916770
1.024 	27.804548
1.025 	28.414869
1.026 	27.370543
1.027 	27.037573
1.028 	27.374604
1.029 	27.713641
1.030 	28.011679
1.031 	27.635004
1.032 	27.485107
1.033 	28.310229
1.034 	28.547409
1.035 	28.148498
1.036 	27.480913
1.037 	27.469604
1.038 	28.186757
1.039 	28.295172
1.040 	27.989691
1.041 	27.643882
1.042 	26.930080
1.043 	26.579893
1.044 	26.747517
1.045 	26.560425
1.046 	27.179488
1.047 	28.915530
1.048 	29.329793
1.049 	28.054210
1.050 	26.894323
1.051 	26.874643
1.052 	27.443716
1.053 	27.394307
1.054 	27.220028
1.055 	27.702714
1.056 	27.911354
1.057 	27.659312
1.058 	27.691727
1.059 	27.760269
1.060 	27.504033
1.061 	27.111684
1.062 	26.857238
1.063 	26.719402
1.064 	27.198889
1.065 	28.152978
1.066 	28.768808
1.067 	28.612513
1.068 	28.263824
1.069 	28.337914
1.070 	28.589700
1.071 	28.071847
1.072 	26.853462
1.073 	26.835514
1.074 	27.831801
1.075 	28.147283
1.076 	27.478119
1.077 	27.202565
1.078 	28.031306
1.079 	28.822809
1.080 	28.981921
1.081 	28.390566
1.082 	27.224840
1.083 	26.513935
1.084 	26.323564
1.085 	26.491064
1.086 	27.318772
1.087 	28.461955
1.088 	28.700566
1.089 	27.758748
1.090 	26.921742
1.091 	26.844952
1.092 	27.097582
1.093 	27.471997
1.094 	27.853724
1.095 	27.852242
1.096 	27.612006
1.097 	27.736244
1.098 	27.896199
1.099 	27.647371
1.100 	27.230378
1.101 	27.080738
1.102 	27.269246
1.103 	27.287567
1.104 	27.152759
1.105 	26.866957
1.106 	26.313392
1.107 	25.945309
1.108 	26.315017
1.109 	27.193162
1.110 	27.795986
1.111 	27.702500
1.112 	27.432982
1.113 	27.635768
1.114 	28.064227
1.115 	28.313366
1.116 	28.075261
1.117 	27.299265
1.118 	26.605238
1.119 	26.224258
1.120 	26.260764
1.121 	26.931722
1.122 	27.515417
1.123 	27.302323
1.124 	26.866074
1.125 	26.817406
1.126 	26.967359
1.127 	26.522176
1.128 	25.181089
1.129 	24.206629
1.130 	24.630613
1.131 	25.737160
1.132 	26.207795
1.133 	25.589985
1.134 	24.750895
1.135 	24.459795
1.136 	24.662546
1.137 	24.883323
1.138 	24.870108
1.139 	24.800597
1.140 	24.584796
1.141 	24.179877
1.142 	23.716002
1.143 	23.219808
1.144 	22.678370
1.145 	22.432789
1.146 	22.829922
1.147 	23.262447
1.148 	22.701714
1.149 	21.813177
1.150 	22.000694
1.151 	22.893015
1.152 	23.363383
1.153 	23.115594
1.154 	22.260225
1.155 	21.411556
1.156 	21.578941
1.157 	22.595749
1.158 	22.942355
1.159 	22.194955
1.160 	21.525624
1.161 	21.506625
1.162 	21.438189
1.163 	20.959268
1.164 	20.586269
1.165 	20.691095
1.166 	20.866236
1.167 	20.596303
1.168 	20.411501
1.169 	20.704388
1.170 	20.649304
1.171 	19.945977
1.172 	19.910319
1.173 	20.956011
1.174 	21.649069
1.175 	21.493531
1.176 	20.995421
1.177 	20.511565
1.178 	20.310654
1.179 	20.426086
1.180 	20.615745
1.181 	21.088452
1.182 	21.600847
1.183 	21.497894
1.184 	21.114029
1.185 	20.766303
1.186 	20.142591
1.187 	19.349204
1.188 	19.124973
1.189 	19.808729
1.190 	20.887773
1.191 	21.605606
1.192 	21.558500
1.193 	20.996154
1.194 	20.467391
1.195 	20.209442
1.196 	20.018247
1.197 	19.370449
1.198 	18.775929
1.199 	19.068452
1.200 	19.549155
1.201 	19.614856
1.202 	19.752501
1.203 	20.171980
1.204 	20.329070
1.205 	20.136996
1.206 	19.650257
1.207 	19.459653
1.208 	20.182086
1.209 	20.880269
1.210 	20.444817
1.211 	19.654542
1.212 	19.804497
1.213 	20.291241
1.214 	20.160116
1.215 	19.552564
1.216 	19.399153
1.217 	20.026806
1.218 	20.206666
1.219 	19.558135
1.220 	19.650617
1.221 	20.679889
1.222 	21.222111
1.223 	20.580173
1.224 	20.204607
1.225 	21.112075
1.226 	21.945806
1.227 	21.510538
1.228 	20.993059
1.229 	21.551904
1.230 	22.240598
1.231 	22.068087
1.232 	21.595040
1.233 	21.359299
1.234 	21.188050
1.235 	20.525703
1.236 	19.321697
1.237 	18.518932
1.238 	18.932478
1.239 	20.260884
1.240 	21.588618
1.241 	22.529461
1.242 	22.645886
1.243 	22.283598
1.244 	21.897480
1.245 	21.841447
1.246 	22.027062
1.247 	22.078840
1.248 	21.891633
1.249 	21.456406
1.250 	21.028889
1.251 	21.306884
1.252 	22.016882
1.253 	22.265729
1.254 	22.088936
1.255 	21.808810
1.256 	20.888912
1.257 	19.698410
1.258 	19.357123
1.259 	20.348973
1.260 	21.723789
1.261 	22.585898
1.262 	22.148278
1.263 	21.103837
1.264 	20.444481
1.265 	20.714764
1.266 	21.595813
1.267 	22.237205
1.268 	22.278891
1.269 	22.210838
1.270 	22.403752
1.271 	22.751964
1.272 	22.882172
1.273 	22.458490
1.274 	21.969872
1.275 	21.604560
1.276 	21.050315
1.277 	20.773283
1.278 	21.428406
1.279 	22.586206
1.280 	22.936254
1.281 	22.032607
1.282 	21.033810
1.283 	20.798172
1.284 	20.700667
1.285 	20.182562
1.286 	20.123682
1.287 	21.406371
1.288 	22.973655
1.289 	23.244491
1.290 	21.830125
1.291 	20.577362
1.292 	20.903242
1.293 	22.303258
1.294 	22.929909
1.295 	22.433979
1.296 	21.945896
1.297 	22.070893
1.298 	22.110334
1.299 	21.352174
1.300 	20.332160
1.301 	19.943609
1.302 	20.665557
1.303 	21.458934
1.304 	21.683397
1.305 	21.374686
1.306 	20.601720
1.307 	19.707191
1.308 	19.661055
1.309 	20.537158
1.310 	21.287993
1.311 	21.370625
1.312 	21.457535
1.313 	21.741263
1.314 	21.457337
1.315 	20.348826
1.316 	19.456027
1.317 	19.559707
1.318 	20.131186
1.319 	20.425755
1.320 	19.948078
1.321 	18.703994
1.322 	17.900345
1.323 	17.914872
1.324 	18.396122
1.325 	18.988755
1.326 	19.366956
1.327 	19.574756
1.328 	19.775606
1.329 	19.941418
1.330 	19.927369
1.331 	19.752416
1.332 	19.792158
1.333 	19.825618
1.334 	18.865973
1.335 	17.055591
1.336 	15.730525
1.337 	15.502651
1.338 	16.012414
1.339 	16.901553
1.340 	17.658572
1.341 	17.800279
1.342 	17.486466
1.343 	17.532249
1.344 	17.894311
1.345 	18.175404
1.346 	18.339457
1.347 	18.321482
1.348 	18.428593
1.349 	18.812614
1.350 	18.497705
1.351 	16.990556
1.352 	14.974485
1.353 	14.135517
1.354 	14.934489
1.355 	16.012070
1.356 	16.044144
1.357 	15.927959
1.358 	16.259592
1.359 	16.650131
1.360 	16.781250
1.361 	16.300015
1.362 	15.630963
1.363 	15.657669
1.364 	16.324680
1.365 	16.737537
1.366 	16.361949
1.367 	15.456620
1.368 	14.933720
1.369 	14.869688
1.370 	14.775529
1.371 	14.292358
1.372 	13.750591
1.373 	13.730960
1.374 	13.860144
1.375 	13.912637
1.376 	14.158426
1.377 	14.372543
1.378 	14.051829
1.379 	13.240858
1.380 	12.750303
1.381 	13.597939
1.382 	14.820893
1.383 	14.061543
1.384 	11.928815
1.385 	11.051870
1.386 	12.146127
1.387 	13.041688
1.388 	12.763099
1.389 	12.048322
1.390 	11.804468
1.391 	11.682098
1.392 	11.566706
1.393 	11.914567
1.394 	12.658118
1.395 	13.191041
1.396 	12.337689
1.397 	10.102871
1.398 	8.891887
1.399 	9.780403
1.400 	10.675001
1.401 	10.013185
1.402 	8.799834
1.403 	9.116378
1.404 	10.213964
1.405 	10.133627
1.406 	9.230516
1.407 	8.999101
1.408 	9.431982
1.409 	9.799358
1.410 	9.909846
1.411 	9.641591
1.412 	8.129510
1.413 	6.827953
1.414 	7.909508
1.415 	9.754373
1.416 	9.755641
1.417 	8.217960
1.418 	7.336390
1.419 	8.088574
1.420 	9.884831
1.421 	11.657503
1.422 	12.016140
1.423 	10.485133
1.424 	8.846461
1.425 	8.757095
1.426 	8.868889
1.427 	8.246471
1.428 	8.013562
1.429 	8.423408
1.430 	8.481112
1.431 	8.014804
1.432 	7.925464
1.433 	8.334424
1.434 	8.595150
1.435 	7.775104
1.436 	6.147759
1.437 	6.391886
1.438 	8.632054
1.439 	9.603074
1.440 	8.634290
1.441 	8.094033
1.442 	8.613466
1.443 	9.323309
1.444 	9.714639
1.445 	9.578531
1.446 	9.155778
1.447 	8.463783
1.448 	7.582957
1.449 	7.109981
1.450 	7.874853
1.451 	9.652488
1.452 	10.650603
1.453 	10.059679
1.454 	8.713995
1.455 	8.032065
1.456 	8.564202
1.457 	9.560880
1.458 	10.169776
1.459 	9.628786
1.460 	8.641402
1.461 	8.659425
1.462 	9.159809
1.463 	8.772264
1.464 	8.099014
1.465 	8.118010
1.466 	8.597438
1.467 	9.042312
1.468 	9.302372
1.469 	9.247971
1.470 	8.701799
1.471 	8.650724
1.472 	9.235155
1.473 	8.638127
1.474 	6.983411
1.475 	6.068598
1.476 	6.661724
1.477 	8.190651
1.478 	8.940140
1.479 	8.372607
1.480 	7.802148
1.481 	8.200563
1.482 	8.874327
1.483 	9.019360
1.484 	9.484145
1.485 	10.095766
1.486 	10.186120
1.487 	9.868692
1.488 	9.239592
1.489 	9.360384
1.490 	10.395766
1.491 	11.340482
1.492 	11.679696
1.493 	10.174468
1.494 	6.963811
1.495 	4.267198
1.496 	3.944428
1.497 	6.195560
1.498 	8.634308
1.499 	9.061069
1.500 	7.805820
1.501 	6.983593
1.502 	8.267736
1.503 	11.061786
1.504 	12.026775
1.505 	10.585716
1.506 	9.312173
1.507 	9.411888
1.508 	10.061531
1.509 	9.613088
1.510 	8.384602
1.511 	7.961021
1.512 	8.396396
1.513 	9.131635
1.514 	9.563983
1.515 	8.844902
1.516 	8.105615
1.517 	8.246325
1.518 	7.988525
1.519 	7.731649
1.520 	8.792796
1.521 	10.559420
1.522 	10.800802
1.523 	9.135314
1.524 	8.271580
1.525 	9.361370
1.526 	11.314341
1.527 	12.851974
1.528 	12.550212
1.529 	10.736707
1.530 	8.866004
1.531 	7.644107
1.532 	7.126277
1.533 	8.706775
1.534 	11.844587
1.535 	12.508738
1.536 	10.497030
1.537 	9.092217
1.538 	9.073319
1.539 	9.072684
1.540 	8.664576
1.541 	8.669509
1.542 	9.205676
1.543 	9.747293
1.544 	10.356819
1.545 	11.157692
1.546 	11.685937
1.547 	11.075234
1.548 	9.922399
1.549 	9.330013
1.550 	9.653196
1.551 	9.096958
1.552 	7.998907
1.553 	8.532520
1.554 	9.747111
1.555 	10.996783
1.556 	11.640755
1.557 	12.539230
1.558 	13.417849
1.559 	11.667025
1.560 	9.458315
1.561 	9.126719
1.562 	10.000539
1.563 	11.416043
1.564 	12.144769
1.565 	11.063657
1.566 	10.020149
1.567 	9.775814
1.568 	9.154076
1.569 	8.580215
1.570 	8.838618
1.571 	9.525695
1.572 	11.640373
1.573 	14.010919
1.574 	13.654417
1.575 	12.152634
1.576 	9.772749
1.577 	8.842393
1.578 	10.390279
1.579 	11.099091
1.580 	10.386927
1.581 	10.175848
1.582 	11.017541
1.583 	11.841542
1.584 	12.529966
1.585 	11.582391
1.586 	10.021975
1.587 	10.284076
1.588 	10.663634
1.589 	10.227020
1.590 	10.215074
1.591 	11.858750
1.592 	12.825730
1.593 	10.907626
1.594 	9.626512
1.595 	11.485449
1.596 	13.237095
1.597 	12.960180
1.598 	11.286137
1.599 	9.799896
1.600 	10.961039
1.601 	12.644791
1.602 	12.643221
1.603 	12.406767
1.604 	12.248162
1.605 	13.208432
1.606 	13.631209
1.607 	11.951759
1.608 	11.390230
1.609 	12.232054
1.610 	13.272451
1.611 	13.392745
1.612 	10.978585
1.613 	8.437163
1.614 	9.068724
1.615 	10.547056
1.616 	10.610955
1.617 	11.392933
1.618 	13.151621
1.619 	13.806893
1.620 	12.528716
1.621 	12.534352
1.622 	13.774060
1.623 	13.068442
1.624 	11.567482
1.625 	12.146489
1.626 	12.382040
1.627 	13.496931
1.628 	13.763052
1.629 	12.908627
1.630 	12.472634
1.631 	11.245142
1.632 	9.901409
1.633 	10.362021
1.634 	11.376384
1.635 	14.468920
1.636 	15.356236
1.637 	13.006380
1.638 	12.261680
1.639 	12.555754
1.640 	11.766532
1.641 	10.559223
1.642 	9.806354
1.643 	10.623087
1.644 	14.328885
1.645 	14.905037
1.646 	11.711091
1.647 	11.983945
1.648 	13.307954
1.649 	12.274819
1.650 	12.124906
1.651 	14.055025
1.652 	13.191584
1.653 	12.500025
1.654 	13.084917
1.655 	12.477347
1.656 	12.233089
1.657 	12.638136
1.658 	9.129037
1.659 	8.456706
1.660 	13.719134
1.661 	15.147214
1.662 	15.080050
1.663 	17.255669
1.664 	14.531874
1.665 	11.597449
1.666 	9.410176
1.667 	9.301646
1.668 	10.969524
1.669 	12.509101
1.670 	12.942351
1.671 	10.618529
1.672 	10.848064
1.673 	13.071530
1.674 	13.556559
1.675 	13.071830
1.676 	14.859495
1.677 	19.278876
1.678 	19.871934
1.679 	13.653246
1.680 	10.628720
1.681 	9.917530
1.682 	8.617411
1.683 	7.992762
1.684 	11.718012
1.685 	13.678621
1.686 	7.576357
1.687 	9.599357
1.688 	14.103567
1.689 	16.243696
1.690 	12.520333
1.691 	6.961262
1.692 	13.285568
1.693 	20.903778
1.694 	15.063410
1.695 	11.396236
1.696 	11.787247
1.697 	16.868813
1.698 	18.684305
1.699 	17.145605
1.700 	15.004693
