0.660 	32.128019
0.661 	33.572227
0.662 	30.399466
0.663 	33.222424
0.664 	29.014751
0.665 	24.133874
0.666 	29.579910
0.667 	31.819825
0.668 	30.931655
0.669 	25.526688
0.670 	26.355981
0.671 	28.592612
0.672 	25.768051
0.673 	28.291704
0.674 	28.926272
0.675 	27.359686
0.676 	29.644157
0.677 	27.661333
0.678 	26.879027
0.679 	26.525067
0.680 	26.269642
0.681 	27.876398
0.682 	28.230201
0.683 	28.463533
0.684 	28.177619
0.685 	27.663989
0.686 	28.366918
0.687 	27.106549
0.688 	29.779300
0.689 	28.009323
0.690 	25.787431
0.691 	25.112165
0.692 	26.835952
0.693 	28.107257
0.694 	26.031404
0.695 	25.451474
0.696 	26.315978
0.697 	25.512488
0.698 	26.138419
0.699 	25.411240
0.700 	24.702056
0.701 	24.350250
0.702 	23.993050
0.703 	25.851212
0.704 	26.979545
0.705 	26.825771
0.706 	26.549742
0.707 	25.617449
0.708 	24.342009
0.709 	24.997846
0.710 	24.958360
0.711 	25.672778
0.712 	26.789228
0.713 	25.129891
0.714 	22.968147
0.715 	24.493843
0.716 	24.515055
0.717 	24.891955
0.718 	25.388898
0.719 	25.517560
0.720 	25.108143
0.721 	24.486882
0.722 	25.404951
0.723 	24.634277
0.724 	22.136008
0.725 	22.501443
0.726 	23.487812
0.727 	23.590773
0.728 	24.144234
0.729 	24.490432
0.730 	25.521452
0.731 	24.118607
0.732 	22.533960
0.733 	23.165934
0.734 	23.746411
0.735 	23.246119
0.736 	23.427317
0.737 	24.368422
0.738 	24.405064
0.739 	22.353002
0.740 	19.552176
0.741 	19.527776
0.742 	22.237295
0.743 	25.207740
0.744 	25.684062
0.745 	23.941127
0.746 	22.848049
0.747 	22.744889
0.748 	23.733276
0.749 	24.360757
0.750 	22.492661
0.751 	20.041411
0.752 	20.935098
0.753 	22.411233
0.754 	22.940351
0.755 	21.464164
0.756 	20.882676
0.757 	22.393563
0.758 	22.266405
0.759 	22.706427
0.760 	23.106047
0.761 	23.216600
0.762 	23.269459
0.763 	22.930587
0.764 	22.390797
0.765 	22.944133
0.766 	22.213968
0.767 	21.271977
0.768 	21.804510
0.769 	21.437062
0.770 	20.883522
0.771 	20.941299
0.772 	21.964772
0.773 	22.561118
0.774 	21.411351
0.775 	20.415961
0.776 	20.854023
0.777 	21.745524
0.778 	21.440599
0.779 	20.544762
0.780 	20.863851
0.781 	22.133143
0.782 	23.084192
0.783 	23.407000
0.784 	23.634548
0.785 	22.511782
0.786 	20.797216
0.787 	21.729805
0.788 	23.106960
0.789 	23.195325
0.790 	22.350538
0.791 	21.682604
0.792 	21.217383
0.793 	20.654387
0.794 	20.982855
0.795 	21.158257
0.796 	20.853572
0.797 	21.178940
0.798 	21.687508
0.799 	21.204122
0.800 	21.092752
0.801 	22.125080
0.802 	22.330933
0.803 	21.623207
0.804 	21.151854
0.805 	20.922768
0.806 	21.039991
0.807 	21.148172
0.808 	21.043898
0.809 	21.314703
0.810 	21.160835
0.811 	20.439789
0.812 	19.900377
0.813 	19.551912
0.814 	20.107791
0.815 	21.124290
0.816 	21.417448
0.817 	21.400187
0.818 	21.192703
0.819 	20.758364
0.820 	21.012028
0.821 	21.546321
0.822 	21.360705
0.823 	20.756748
0.824 	20.756171
0.825 	21.632149
0.826 	21.836687
0.827 	21.241383
0.828 	20.739997
0.829 	20.540534
0.830 	20.779955
0.831 	21.215666
0.832 	20.998274
0.833 	19.962646
0.834 	19.112970
0.835 	19.441475
0.836 	19.985807
0.837 	20.353169
0.838 	20.988791
0.839 	20.828700
0.840 	19.718734
0.841 	19.136054
0.842 	20.140865
0.843 	20.956018
0.844 	20.514684
0.845 	20.238846
0.846 	20.260227
0.847 	20.475849
0.848 	20.999317
0.849 	20.873743
0.850 	19.671009
0.851 	18.472489
0.852 	18.161427
0.853 	19.299945
0.854 	20.559084
0.855 	20.493047
0.856 	20.087785
0.857 	19.862445
0.858 	19.652748
0.859 	19.864945
0.860 	20.432576
0.861 	20.758685
0.862 	20.590631
0.863 	19.821864
0.864 	19.270273
0.865 	19.696885
0.866 	20.256559
0.867 	20.634138
0.868 	20.952458
0.869 	20.954339
0.870 	20.712371
0.871 	20.269075
0.872 	19.450674
0.873 	19.003538
0.874 	19.698453
0.875 	20.363191
0.876 	20.296913
0.877 	19.976970
0.878 	19.312332
0.879 	18.691566
0.880 	18.943608
0.881 	19.687127
0.882 	19.932596
0.883 	19.754494
0.884 	20.028140
0.885 	20.540777
0.886 	20.557421
0.887 	20.191349
0.888 	19.627948
0.889 	18.807045
0.890 	18.182301
0.891 	18.258624
0.892 	18.554141
0.893 	18.578662
0.894 	18.992771
0.895 	19.928128
0.896 	20.127586
0.897 	19.703258
0.898 	19.216084
0.899 	18.742626
0.900 	18.469146
0.901 	18.437589
0.902 	18.568682
0.903 	18.976745
0.904 	19.355180
0.905 	19.483758
0.906 	19.556438
0.907 	19.729660
0.908 	19.766794
0.909 	19.620250
0.910 	19.477844
0.911 	19.281128
0.912 	19.046005
0.913 	18.779175
0.914 	18.868053
0.915 	19.637744
0.916 	20.226956
0.917 	19.967060
0.918 	19.041380
0.919 	17.818643
0.920 	17.461201
0.921 	18.283143
0.922 	18.977457
0.923 	18.895503
0.924 	18.591152
0.925 	18.157926
0.926 	17.960698
0.927 	18.303409
0.928 	18.605067
0.929 	18.707989
0.930 	18.899532
0.931 	19.190202
0.932 	19.235388
0.933 	18.797512
0.934 	18.543808
0.935 	19.215390
0.936 	19.603367
0.937 	18.774816
0.938 	18.045688
0.939 	18.400936
0.940 	18.827181
0.941 	18.492952
0.942 	17.944972
0.943 	17.671588
0.944 	18.253197
0.945 	19.103459
0.946 	19.230514
0.947 	18.841394
0.948 	18.332097
0.949 	18.452415
0.950 	18.440489
0.951 	17.227363
0.952 	16.304778
0.953 	16.393424
0.954 	17.254476
0.955 	17.605496
0.956 	17.138988
0.957 	17.133583
0.958 	17.115427
0.959 	17.169175
0.960 	17.186658
0.961 	16.451434
0.962 	15.648240
0.963 	15.988588
0.964 	16.621476
0.965 	16.654510
0.966 	16.907004
0.967 	17.198991
0.968 	16.665113
0.969 	15.531353
0.970 	15.463916
0.971 	15.816847
0.972 	16.470495
0.973 	17.434639
0.974 	17.325300
0.975 	16.320808
0.976 	15.476615
0.977 	15.547000
0.978 	16.052032
0.979 	16.271387
0.980 	15.483136
0.981 	15.142172
0.982 	15.380695
0.983 	15.582189
0.984 	15.435520
0.985 	14.406258
0.986 	14.704603
0.987 	16.101501
0.988 	16.127710
0.989 	15.844108
0.990 	16.170604
0.991 	16.195757
0.992 	15.861442
0.993 	15.792965
0.994 	15.495224
0.995 	15.086094
0.996 	14.853254
0.997 	14.784462
0.998 	14.878593
0.999 	14.800898
1.000 	14.784975
1.001 	15.223527
1.002 	15.262421
1.003 	14.653090
1.004 	14.670881
1.005 	15.586566
1.006 	16.119273
1.007 	15.920120
1.008 	14.861533
1.009 	14.276287
1.010 	14.683217
1.011 	15.215778
1.012 	15.280998
1.013 	14.680703
1.014 	14.001803
1.015 	14.456847
1.016 	15.148634
1.017 	14.805531
1.018 	14.676201
1.019 	14.758475
1.020 	14.634787
1.021 	14.851667
1.022 	15.452303
1.023 	15.833341
1.024 	15.647589
1.025 	15.129656
1.026 	14.583958
1.027 	13.855011
1.028 	12.628077
1.029 	12.760833
1.030 	15.013541
1.031 	16.809409
1.032 	16.518554
1.033 	15.804344
1.034 	15.198549
1.035 	14.599646
1.036 	14.572245
1.037 	15.091621
1.038 	15.711748
1.039 	15.756920
1.040 	15.422495
1.041 	14.967030
1.042 	14.244460
1.043 	14.024039
1.044 	14.646987
1.045 	14.866226
1.046 	14.067775
1.047 	13.557609
1.048 	14.301104
1.049 	15.328016
1.050 	15.864193
1.051 	15.422538
1.052 	15.019195
1.053 	15.052726
1.054 	14.501346
1.055 	14.170825
1.056 	15.020531
1.057 	16.042097
1.058 	16.431816
1.059 	16.122024
1.060 	15.405743
1.061 	15.438644
1.062 	16.499632
1.063 	17.025675
1.064 	15.985000
1.065 	14.228652
1.066 	13.418541
1.067 	13.917349
1.068 	14.884084
1.069 	15.572329
1.070 	15.290427
1.071 	14.532063
1.072 	14.668475
1.073 	15.557981
1.074 	15.977874
1.075 	15.516511
1.076 	14.991082
1.077 	14.844247
1.078 	14.625532
1.079 	14.228519
1.080 	14.137060
1.081 	14.570102
1.082 	14.981529
1.083 	15.216756
1.084 	15.460061
1.085 	15.426234
1.086 	15.180799
1.087 	14.861878
1.088 	14.184640
1.089 	13.577017
1.090 	13.641607
1.091 	14.167433
1.092 	14.713084
1.093 	14.983163
1.094 	14.674747
1.095 	14.420662
1.096 	14.683503
1.097 	15.141659
1.098 	15.483884
1.099 	15.722254
1.100 	15.846938
1.101 	15.483377
1.102 	14.997672
1.103 	14.909079
1.104 	14.917954
1.105 	14.760299
1.106 	14.375686
1.107 	14.125628
1.108 	14.366281
1.109 	14.880476
1.110 	15.093317
1.111 	14.670772
1.112 	14.048526
1.113 	14.026713
1.114 	14.925090
1.115 	15.719889
1.116 	15.456780
1.117 	14.618969
1.118 	14.131850
1.119 	13.886403
1.120 	13.508910
1.121 	13.636047
1.122 	14.180672
1.123 	14.395445
1.124 	14.327311
1.125 	14.594076
1.126 	14.860247
1.127 	14.609053
1.128 	14.293596
1.129 	14.489444
1.130 	14.344482
1.131 	13.838468
1.132 	14.334338
1.133 	15.043881
1.134 	14.521371
1.135 	13.494565
1.136 	12.895649
1.137 	12.389808
1.138 	11.793806
1.139 	11.364699
1.140 	11.782213
1.141 	13.279949
1.142 	14.489853
1.143 	14.181154
1.144 	13.016295
1.145 	12.125096
1.146 	11.454650
1.147 	10.749004
1.148 	10.619832
1.149 	11.633921
1.150 	12.779832
1.151 	12.716180
1.152 	11.753829
1.153 	10.914354
1.154 	10.436605
1.155 	10.050312
1.156 	10.368357
1.157 	11.559302
1.158 	12.252245
1.159 	11.827166
1.160 	11.093063
1.161 	11.027151
1.162 	11.581952
1.163 	11.916653
1.164 	11.832205
1.165 	11.535409
1.166 	11.439721
1.167 	11.793482
1.168 	12.227239
1.169 	11.941962
1.170 	11.449112
1.171 	11.415535
1.172 	11.095204
1.173 	10.387892
1.174 	10.134888
1.175 	10.173956
1.176 	9.459715
1.177 	8.487059
1.178 	8.915425
1.179 	10.088198
1.180 	10.261113
1.181 	9.641220
1.182 	9.108651
1.183 	9.452803
1.184 	10.853754
1.185 	11.638553
1.186 	11.144460
1.187 	10.605611
1.188 	10.948509
1.189 	11.526638
1.190 	11.524447
1.191 	10.469931
1.192 	9.225881
1.193 	8.969600
1.194 	9.456502
1.195 	9.495024
1.196 	9.305703
1.197 	9.759969
1.198 	10.587444
1.199 	11.326094
1.200 	11.682245
1.201 	11.602132
1.202 	11.336117
1.203 	10.960943
1.204 	10.243364
1.205 	9.563591
1.206 	9.704192
1.207 	10.280363
1.208 	10.662966
1.209 	10.921319
1.210 	11.444850
1.211 	11.435796
1.212 	10.428873
1.213 	9.258101
1.214 	8.434699
1.215 	8.137322
1.216 	8.880301
1.217 	9.888227
1.218 	9.996313
1.219 	9.747184
1.220 	9.957165
1.221 	10.203669
1.222 	10.148091
1.223 	9.982866
1.224 	9.882930
1.225 	10.235573
1.226 	10.661346
1.227 	10.614405
1.228 	10.461365
1.229 	10.586537
1.230 	10.914754
1.231 	11.306308
1.232 	11.201304
1.233 	10.482615
1.234 	10.594356
1.235 	11.870891
1.236 	12.515196
1.237 	11.574667
1.238 	9.912320
1.239 	9.301910
1.240 	9.958378
1.241 	10.289282
1.242 	9.880342
1.243 	9.702670
1.244 	10.401344
1.245 	10.815258
1.246 	10.710762
1.247 	11.369194
1.248 	12.568833
1.249 	13.266238
1.250 	13.070041
1.251 	12.290733
1.252 	11.726815
1.253 	11.334188
1.254 	10.923928
1.255 	10.708032
1.256 	10.826535
1.257 	11.114174
1.258 	11.331141
1.259 	11.644423
1.260 	12.055860
1.261 	12.335348
1.262 	12.638199
1.263 	12.838295
1.264 	12.400802
1.265 	11.418110
1.266 	10.926867
1.267 	11.436426
1.268 	12.485354
1.269 	12.832151
1.270 	12.014718
1.271 	11.039297
1.272 	10.888622
1.273 	11.645797
1.274 	11.925563
1.275 	11.598160
1.276 	12.194737
1.277 	13.181442
1.278 	12.740662
1.279 	11.321387
1.280 	10.668363
1.281 	10.604846
1.282 	10.672073
1.283 	11.339549
1.284 	12.146805
1.285 	12.211296
1.286 	11.968120
1.287 	12.238322
1.288 	12.533046
1.289 	11.995667
1.290 	10.781568
1.291 	10.011193
1.292 	9.950151
1.293 	10.194616
1.294 	10.611402
1.295 	11.096976
1.296 	11.025055
1.297 	10.239102
1.298 	9.887705
1.299 	10.509589
1.300 	11.159613
1.301 	10.991327
1.302 	10.702385
1.303 	10.874212
1.304 	11.393408
1.305 	11.753589
1.306 	11.253234
1.307 	9.949893
1.308 	9.121201
1.309 	10.390483
1.310 	12.158261
1.311 	12.184272
1.312 	10.826209
1.313 	10.240409
1.314 	10.405181
1.315 	10.420680
1.316 	10.702905
1.317 	11.134308
1.318 	11.088708
1.319 	10.489763
1.320 	10.048834
1.321 	10.306715
1.322 	10.761036
1.323 	10.379862
1.324 	9.013594
1.325 	7.775045
1.326 	8.220247
1.327 	9.300725
1.328 	9.318408
1.329 	8.053434
1.330 	6.912407
1.331 	7.279189
1.332 	8.422756
1.333 	9.524575
1.334 	10.419737
1.335 	10.561594
1.336 	10.170187
1.337 	9.994036
1.338 	9.747591
1.339 	9.254915
1.340 	9.339586
1.341 	9.974223
1.342 	10.205924
1.343 	10.202003
1.344 	10.390480
1.345 	10.200975
1.346 	9.359462
1.347 	8.395423
1.348 	7.634597
1.349 	7.139539
1.350 	7.730774
1.351 	8.747024
1.352 	8.839322
1.353 	8.155621
1.354 	7.874822
1.355 	7.757569
1.356 	7.320917
1.357 	7.165514
1.358 	7.575357
1.359 	7.865095
1.360 	7.812684
1.361 	7.579861
1.362 	7.733625
1.363 	8.220617
1.364 	8.350184
1.365 	8.025237
1.366 	7.442033
1.367 	7.192652
1.368 	7.670611
1.369 	8.391364
1.370 	8.642771
1.371 	8.252283
1.372 	7.602066
1.373 	7.122956
1.374 	6.612005
1.375 	5.531940
1.376 	4.794763
1.377 	5.640867
1.378 	7.019601
1.379 	7.915033
1.380 	8.309900
1.381 	8.060210
1.382 	7.209863
1.383 	6.288063
1.384 	5.158456
1.385 	4.405353
1.386 	4.981161
1.387 	6.110472
1.388 	6.276311
1.389 	5.353167
1.390 	4.120835
1.391 	3.198576
1.392 	3.440087
1.393 	4.311120
1.394 	4.943368
1.395 	5.077250
1.396 	5.091639
1.397 	4.931731
1.398 	4.378712
1.399 	3.770938
1.400 	3.653544
1.401 	3.644676
1.402 	3.550132
1.403 	3.439763
1.404 	2.989789
1.405 	2.640546
1.406 	2.832238
1.407 	3.465524
1.408 	4.238309
1.409 	5.153480
1.410 	5.816593
1.411 	5.394988
1.412 	3.938509
1.413 	3.090607
1.414 	3.688183
1.415 	5.009160
1.416 	5.432484
1.417 	4.050706
1.418 	2.627858
1.419 	2.969306
1.420 	4.223878
1.421 	4.601520
1.422 	3.483506
1.423 	2.748896
1.424 	3.662555
1.425 	4.591598
1.426 	4.502583
1.427 	3.868684
1.428 	3.398219
1.429 	3.709180
1.430 	4.175653
1.431 	3.861228
1.432 	3.154060
1.433 	2.854500
1.434 	3.252672
1.435 	4.131279
1.436 	4.856371
1.437 	4.829112
1.438 	4.130432
1.439 	3.808238
1.440 	4.231486
1.441 	4.389598
1.442 	3.998870
1.443 	3.793505
1.444 	3.850525
1.445 	3.868504
1.446 	4.376568
1.447 	5.062362
1.448 	5.637384
1.449 	5.926369
1.450 	5.192926
1.451 	3.273905
1.452 	1.428848
1.453 	1.364508
1.454 	2.559567
1.455 	3.451841
1.456 	3.834458
1.457 	4.012756
1.458 	4.026012
1.459 	3.366317
1.460 	2.137993
1.461 	1.146772
1.462 	0.647351
1.463 	1.264796
1.464 	3.123726
1.465 	5.091515
1.466 	6.052278
1.467 	4.920832
1.468 	3.297831
1.469 	3.916242
1.470 	5.200384
1.471 	5.250313
1.472 	4.616679
1.473 	3.578995
1.474 	2.493484
1.475 	1.998360
1.476 	2.314931
1.477 	2.829601
1.478 	3.436287
1.479 	4.434261
1.480 	5.742145
1.481 	6.600817
1.482 	6.728628
1.483 	6.410947
1.484 	5.163453
1.485 	3.751729
1.486 	3.283937
1.487 	3.098807
1.488 	2.987966
1.489 	3.163196
1.490 	2.871449
1.491 	2.129026
1.492 	2.497030
1.493 	3.808413
1.494 	4.461208
1.495 	4.099396
1.496 	3.330250
1.497 	3.616125
1.498 	5.217911
1.499 	5.719062
1.500 	5.036854
1.501 	4.313317
1.502 	3.507260
1.503 	2.289784
1.504 	1.560416
1.505 	2.818687
1.506 	5.644162
1.507 	7.869900
1.508 	7.525621
1.509 	5.964986
1.510 	4.251875
1.511 	2.559691
1.512 	1.872224
1.513 	1.781535
1.514 	3.149368
1.515 	5.501049
1.516 	5.723337
1.517 	4.972064
1.518 	5.509611
1.519 	5.145779
1.520 	3.903392
1.521 	4.170212
1.522 	5.781100
1.523 	6.714974
1.524 	6.250911
1.525 	5.534064
1.526 	5.627846
1.527 	6.671274
1.528 	6.897264
1.529 	5.441252
1.530 	4.417701
1.531 	4.342062
1.532 	3.556323
1.533 	2.156318
1.534 	0.835515
1.535 	0.034131
1.536 	2.518019
1.537 	5.211605
1.538 	4.197018
1.539 	3.720612
1.540 	5.494884
1.541 	5.926225
1.542 	5.457929
1.543 	5.357392
1.544 	5.304514
1.545 	5.219503
1.546 	3.906469
1.547 	3.641589
1.548 	6.197132
1.549 	8.170736
1.550 	7.783884
1.551 	6.884613
1.552 	6.409056
1.553 	5.076290
1.554 	3.539357
1.555 	2.853602
1.556 	2.690177
1.557 	2.931589
1.558 	3.470743
1.559 	3.994093
1.560 	4.843272
1.561 	6.676318
1.562 	7.061536
1.563 	5.697536
1.564 	4.398437
1.565 	3.290636
1.566 	4.433165
1.567 	5.105087
1.568 	5.240403
1.569 	6.085191
1.570 	5.984522
1.571 	6.400670
1.572 	8.545138
1.573 	8.759616
1.574 	6.237224
1.575 	4.210681
1.576 	3.862866
1.577 	4.273161
1.578 	6.504869
1.579 	8.449690
1.580 	7.725220
1.581 	5.938037
1.582 	5.616964
1.583 	4.404859
1.584 	3.637045
1.585 	6.823268
1.586 	8.999391
1.587 	7.337254
1.588 	5.813342
1.589 	5.413224
1.590 	5.648629
1.591 	5.764972
1.592 	5.175769
1.593 	4.969000
1.594 	6.063555
1.595 	6.869272
1.596 	6.961568
1.597 	7.738805
1.598 	7.907635
1.599 	8.623089
1.600 	9.253579
1.601 	8.339294
1.602 	5.483598
1.603 	4.413677
1.604 	4.311896
1.605 	3.009456
1.606 	3.044946
1.607 	6.219578
1.608 	10.402628
1.609 	11.669360
1.610 	10.363167
1.611 	8.003119
1.612 	4.940719
1.613 	3.624970
1.614 	5.278852
1.615 	7.026050
1.616 	7.486179
1.617 	7.571334
1.618 	6.337216
1.619 	4.111331
1.620 	5.628281
1.621 	8.419691
1.622 	6.387829
1.623 	5.151584
1.624 	5.947493
1.625 	7.118141
1.626 	7.977699
1.627 	6.987419
1.628 	6.407298
1.629 	5.516110
1.630 	5.275014
1.631 	7.632025
1.632 	8.403187
1.633 	9.905337
1.634 	9.858630
1.635 	8.767584
1.636 	8.224953
1.637 	6.036637
1.638 	4.335364
1.639 	6.764661
1.640 	9.468029
1.641 	9.916272
1.642 	10.119245
1.643 	8.284356
1.644 	7.603882
1.645 	7.870626
1.646 	9.368716
1.647 	8.670158
1.648 	7.024837
1.649 	7.865052
1.650 	7.021370
1.651 	5.956312
1.652 	7.942730
1.653 	10.131009
1.654 	8.639935
1.655 	6.283267
1.656 	7.465254
1.657 	7.401594
1.658 	4.133196
1.659 	6.185168
1.660 	7.869609
1.661 	7.026272
1.662 	10.614690
1.663 	8.816386
1.664 	2.965463
1.665 	7.289697
1.666 	10.129687
1.667 	9.330944
1.668 	9.650055
1.669 	10.345362
1.670 	9.065990
1.671 	9.579535
1.672 	8.926290
1.673 	0.542660
1.674 	0.182451
1.675 	5.269942
1.676 	10.983723
1.677 	11.057010
1.678 	6.895752
1.679 	5.976229
1.680 	8.886789
1.681 	8.141749
1.682 	15.330140
1.683 	15.420323
1.684 	11.619100
1.685 	10.349098
1.686 	11.671585
1.687 	12.555972
1.688 	7.274633
1.689 	14.812517
1.690 	16.929204
1.691 	17.612653
1.692 	17.975868
1.693 	9.664127
1.694 	10.952425
1.695 	10.849566
1.696 	11.440197
1.697 	16.126792
1.698 	19.127657
1.699 	17.294923
1.700 	8.260913
