0.660 	29.096615
0.661 	22.446740
0.662 	19.279040
0.663 	16.092747
0.664 	13.611082
0.665 	16.568426
0.666 	25.389326
0.667 	13.159380
0.668 	16.087390
0.669 	14.858391
0.670 	16.025294
0.671 	18.967442
0.672 	11.842712
0.673 	21.669758
0.674 	17.626414
0.675 	8.004911
0.676 	13.899197
0.677 	19.524215
0.678 	9.587480
0.679 	12.978176
0.680 	14.721457
0.681 	13.577964
0.682 	13.177112
0.683 	21.074036
0.684 	22.070613
0.685 	8.273116
0.686 	21.626783
0.687 	23.429744
0.688 	8.523206
0.689 	4.835605
0.690 	20.126893
0.691 	22.331188
0.692 	16.179230
0.693 	15.987013
0.694 	15.564994
0.695 	15.432424
0.696 	15.765310
0.697 	18.130227
0.698 	18.499864
0.699 	12.369055
0.700 	14.959295
0.701 	15.755863
0.702 	16.878852
0.703 	15.545819
0.704 	17.306950
0.705 	15.028979
0.706 	14.012433
0.707 	18.647996
0.708 	19.758563
0.709 	20.196488
0.710 	17.772585
0.711 	12.548700
0.712 	9.589696
0.713 	15.834129
0.714 	21.230781
0.715 	18.964640
0.716 	14.428236
0.717 	13.039972
0.718 	12.487763
0.719 	19.137039
0.720 	23.084347
0.721 	19.793712
0.722 	14.574223
0.723 	13.112988
0.724 	19.579207
0.725 	20.612431
0.726 	18.335788
0.727 	20.831022
0.728 	19.943204
0.729 	18.560097
0.730 	18.872452
0.731 	16.041273
0.732 	13.702535
0.733 	12.688101
0.734 	12.905652
0.735 	17.511011
0.736 	21.027205
0.737 	18.125166
0.738 	16.669667
0.739 	16.679591
0.740 	15.962684
0.741 	16.624392
0.742 	18.953140
0.743 	16.689128
0.744 	13.897106
0.745 	18.751699
0.746 	22.476699
0.747 	22.624602
0.748 	20.732550
0.749 	19.820949
0.750 	18.678984
0.751 	16.414048
0.752 	16.604451
0.753 	15.182377
0.754 	12.130834
0.755 	13.186072
0.756 	14.680044
0.757 	16.231270
0.758 	17.944280
0.759 	16.922834
0.760 	15.041927
0.761 	14.475487
0.762 	18.404282
0.763 	21.008278
0.764 	20.030791
0.765 	17.739307
0.766 	18.138017
0.767 	17.710252
0.768 	16.117007
0.769 	15.307693
0.770 	15.506229
0.771 	16.969400
0.772 	17.995077
0.773 	18.046555
0.774 	16.691644
0.775 	15.146920
0.776 	15.485421
0.777 	16.842666
0.778 	17.683153
0.779 	18.506874
0.780 	18.330236
0.781 	16.678919
0.782 	15.720315
0.783 	16.979527
0.784 	17.603319
0.785 	15.588436
0.786 	15.652289
0.787 	17.911161
0.788 	17.981379
0.789 	17.620908
0.790 	18.095494
0.791 	18.163790
0.792 	16.726385
0.793 	15.640788
0.794 	15.577467
0.795 	16.283877
0.796 	16.396123
0.797 	16.371565
0.798 	16.847156
0.799 	17.840922
0.800 	19.106601
0.801 	19.238554
0.802 	18.807109
0.803 	17.506129
0.804 	15.992030
0.805 	17.488132
0.806 	19.201165
0.807 	18.046015
0.808 	16.013481
0.809 	16.998090
0.810 	19.459139
0.811 	19.671710
0.812 	18.499283
0.813 	17.499708
0.814 	16.900917
0.815 	16.250187
0.816 	15.534697
0.817 	16.271908
0.818 	16.221704
0.819 	15.368573
0.820 	17.370028
0.821 	20.060265
0.822 	18.754365
0.823 	17.002734
0.824 	17.666486
0.825 	17.316344
0.826 	16.344142
0.827 	16.395431
0.828 	16.297173
0.829 	16.757321
0.830 	17.239015
0.831 	15.644415
0.832 	14.171549
0.833 	16.490034
0.834 	20.212451
0.835 	20.585466
0.836 	18.437726
0.837 	15.807615
0.838 	13.295507
0.839 	11.492459
0.840 	12.900594
0.841 	16.610036
0.842 	18.062854
0.843 	17.078971
0.844 	16.146861
0.845 	16.448819
0.846 	17.856537
0.847 	18.736636
0.848 	17.444750
0.849 	15.597734
0.850 	15.598548
0.851 	16.472857
0.852 	17.147295
0.853 	17.232836
0.854 	17.244132
0.855 	16.668157
0.856 	15.489476
0.857 	15.725982
0.858 	16.176152
0.859 	15.440347
0.860 	15.698859
0.861 	17.504053
0.862 	18.868866
0.863 	18.973795
0.864 	18.492643
0.865 	17.172971
0.866 	14.647028
0.867 	13.148354
0.868 	14.166136
0.869 	15.482443
0.870 	15.990806
0.871 	16.493873
0.872 	16.595433
0.873 	16.326408
0.874 	16.643965
0.875 	17.312848
0.876 	17.837321
0.877 	18.160583
0.878 	17.608996
0.879 	16.312636
0.880 	15.213021
0.881 	15.374090
0.882 	16.067573
0.883 	16.160498
0.884 	16.053469
0.885 	16.252401
0.886 	16.143337
0.887 	15.606633
0.888 	15.285645
0.889 	15.085243
0.890 	14.789603
0.891 	14.282734
0.892 	13.763230
0.893 	14.432037
0.894 	16.030028
0.895 	17.177415
0.896 	17.161594
0.897 	16.501322
0.898 	16.198451
0.899 	16.479492
0.900 	17.104781
0.901 	16.880497
0.902 	15.720226
0.903 	15.380266
0.904 	15.743896
0.905 	16.120622
0.906 	16.198345
0.907 	15.308616
0.908 	13.938725
0.909 	14.099068
0.910 	15.637832
0.911 	16.669387
0.912 	16.940624
0.913 	16.633353
0.914 	15.340231
0.915 	13.638412
0.916 	13.198210
0.917 	14.263242
0.918 	15.625124
0.919 	16.149810
0.920 	15.976516
0.921 	15.360793
0.922 	14.909627
0.923 	15.011851
0.924 	15.342638
0.925 	15.365481
0.926 	14.627930
0.927 	14.123657
0.928 	15.210431
0.929 	16.803118
0.930 	17.298730
0.931 	16.262627
0.932 	14.677729
0.933 	14.186497
0.934 	14.119981
0.935 	14.477518
0.936 	15.460280
0.937 	15.979789
0.938 	15.764345
0.939 	15.409060
0.940 	15.772613
0.941 	17.092888
0.942 	17.899644
0.943 	16.306339
0.944 	14.401610
0.945 	14.085909
0.946 	13.766881
0.947 	12.799427
0.948 	12.400149
0.949 	11.956313
0.950 	12.065733
0.951 	14.367070
0.952 	17.292306
0.953 	16.976773
0.954 	15.312941
0.955 	15.184548
0.956 	15.426395
0.957 	15.399320
0.958 	14.811852
0.959 	14.681087
0.960 	14.422866
0.961 	13.549937
0.962 	13.557437
0.963 	13.975757
0.964 	13.912950
0.965 	14.230261
0.966 	14.355438
0.967 	14.880564
0.968 	14.955009
0.969 	15.015389
0.970 	15.074689
0.971 	13.551265
0.972 	13.132516
0.973 	15.347002
0.974 	15.914435
0.975 	13.270064
0.976 	11.529384
0.977 	12.270415
0.978 	13.959145
0.979 	14.647674
0.980 	13.796826
0.981 	12.584466
0.982 	12.889161
0.983 	14.515513
0.984 	15.649093
0.985 	16.498681
0.986 	15.224577
0.987 	13.286531
0.988 	13.640628
0.989 	13.927195
0.990 	12.858586
0.991 	12.636293
0.992 	12.825066
0.993 	12.604154
0.994 	13.439521
0.995 	13.640564
0.996 	13.404794
0.997 	13.263754
0.998 	12.104258
0.999 	11.216301
1.000 	13.368941
1.001 	15.355445
1.002 	15.616991
1.003 	15.823413
1.004 	15.186088
1.005 	13.407345
1.006 	11.770252
1.007 	12.052259
1.008 	14.619474
1.009 	15.341716
1.010 	14.036463
1.011 	13.805792
1.012 	14.266785
1.013 	13.550582
1.014 	12.354317
1.015 	13.049567
1.016 	14.758661
1.017 	16.953835
1.018 	16.430333
1.019 	14.071222
1.020 	12.950694
1.021 	13.118234
1.022 	14.126564
1.023 	14.217651
1.024 	13.419810
1.025 	13.169945
1.026 	14.420124
1.027 	15.603527
1.028 	14.176791
1.029 	12.818670
1.030 	13.410049
1.031 	14.611545
1.032 	16.081437
1.033 	15.769645
1.034 	14.166078
1.035 	13.978607
1.036 	14.031429
1.037 	13.579874
1.038 	13.549863
1.039 	13.442080
1.040 	13.551612
1.041 	13.624831
1.042 	13.625232
1.043 	13.741874
1.044 	14.561222
1.045 	14.884959
1.046 	14.634571
1.047 	15.463117
1.048 	15.257204
1.049 	13.995784
1.050 	13.447530
1.051 	13.298231
1.052 	13.183509
1.053 	13.115324
1.054 	12.904632
1.055 	12.500984
1.056 	12.474790
1.057 	13.521763
1.058 	14.659657
1.059 	14.824206
1.060 	14.436204
1.061 	14.282775
1.062 	14.646266
1.063 	14.349843
1.064 	12.473842
1.065 	11.821449
1.066 	13.397692
1.067 	15.181855
1.068 	15.253417
1.069 	14.431521
1.070 	14.155427
1.071 	14.128318
1.072 	14.041009
1.073 	14.798656
1.074 	15.313262
1.075 	14.214550
1.076 	13.245544
1.077 	14.305116
1.078 	15.683766
1.079 	15.921370
1.080 	15.702189
1.081 	15.123132
1.082 	14.248664
1.083 	13.534042
1.084 	13.224760
1.085 	13.802857
1.086 	14.012062
1.087 	13.497522
1.088 	13.878260
1.089 	14.986431
1.090 	15.692692
1.091 	16.126331
1.092 	16.090100
1.093 	15.216052
1.094 	14.432350
1.095 	14.443477
1.096 	14.938046
1.097 	15.306270
1.098 	14.847456
1.099 	13.402153
1.100 	11.846471
1.101 	11.316191
1.102 	12.039483
1.103 	13.181981
1.104 	13.768264
1.105 	13.530355
1.106 	12.967952
1.107 	13.476224
1.108 	14.687209
1.109 	14.512906
1.110 	13.374870
1.111 	13.056277
1.112 	13.894784
1.113 	14.484002
1.114 	13.205154
1.115 	11.355437
1.116 	10.935869
1.117 	11.747371
1.118 	13.453966
1.119 	14.739415
1.120 	14.223486
1.121 	13.267763
1.122 	13.953486
1.123 	14.771722
1.124 	14.394595
1.125 	13.877728
1.126 	13.606188
1.127 	12.980429
1.128 	12.406337
1.129 	13.233735
1.130 	14.650871
1.131 	14.653326
1.132 	13.488468
1.133 	12.801624
1.134 	13.962087
1.135 	15.623386
1.136 	15.214464
1.137 	13.548706
1.138 	12.767746
1.139 	13.195505
1.140 	13.222294
1.141 	12.227820
1.142 	12.038723
1.143 	12.697482
1.144 	12.339685
1.145 	11.677243
1.146 	11.833163
1.147 	11.850663
1.148 	11.692884
1.149 	12.135758
1.150 	12.967411
1.151 	12.814976
1.152 	11.231936
1.153 	10.338508
1.154 	11.377408
1.155 	13.038423
1.156 	13.541205
1.157 	11.963165
1.158 	10.016707
1.159 	10.075542
1.160 	11.886417
1.161 	12.925310
1.162 	11.104703
1.163 	7.854641
1.164 	6.702042
1.165 	8.760415
1.166 	11.484867
1.167 	12.880138
1.168 	13.355090
1.169 	13.641504
1.170 	12.949644
1.171 	11.475975
1.172 	11.283670
1.173 	11.672850
1.174 	11.163063
1.175 	11.142049
1.176 	11.805757
1.177 	11.207533
1.178 	9.626212
1.179 	8.845151
1.180 	8.660355
1.181 	9.400642
1.182 	11.097551
1.183 	12.172429
1.184 	11.557070
1.185 	10.592191
1.186 	10.768621
1.187 	11.188056
1.188 	10.186114
1.189 	8.890807
1.190 	9.215379
1.191 	10.157849
1.192 	9.652012
1.193 	8.812039
1.194 	10.059708
1.195 	12.004823
1.196 	12.299668
1.197 	11.498939
1.198 	10.966502
1.199 	10.994672
1.200 	10.868634
1.201 	10.801760
1.202 	11.483073
1.203 	11.988557
1.204 	10.915058
1.205 	8.970336
1.206 	7.953123
1.207 	8.841170
1.208 	10.188490
1.209 	11.028501
1.210 	11.850083
1.211 	12.278427
1.212 	11.901550
1.213 	11.378450
1.214 	10.936709
1.215 	10.114167
1.216 	9.250446
1.217 	9.150267
1.218 	9.670333
1.219 	10.463523
1.220 	11.228324
1.221 	11.742594
1.222 	11.854059
1.223 	11.932842
1.224 	11.866491
1.225 	10.910402
1.226 	9.840468
1.227 	9.934445
1.228 	10.291866
1.229 	10.024912
1.230 	9.862636
1.231 	10.360121
1.232 	11.191722
1.233 	11.837424
1.234 	12.487081
1.235 	12.675679
1.236 	11.426139
1.237 	9.228254
1.238 	8.539659
1.239 	10.152142
1.240 	11.952570
1.241 	11.996566
1.242 	12.277518
1.243 	13.668185
1.244 	13.343830
1.245 	11.079658
1.246 	10.041547
1.247 	10.508152
1.248 	10.705285
1.249 	9.879187
1.250 	9.287308
1.251 	10.235162
1.252 	12.070979
1.253 	13.255806
1.254 	13.127073
1.255 	12.012360
1.256 	11.250396
1.257 	11.137222
1.258 	10.520680
1.259 	9.498046
1.260 	9.408459
1.261 	10.587448
1.262 	12.399312
1.263 	13.344319
1.264 	12.651908
1.265 	10.833784
1.266 	9.996033
1.267 	10.700695
1.268 	11.503762
1.269 	12.030745
1.270 	12.887154
1.271 	13.367839
1.272 	13.323707
1.273 	13.352589
1.274 	13.643274
1.275 	13.489498
1.276 	12.031525
1.277 	10.024992
1.278 	8.665381
1.279 	9.485762
1.280 	11.758880
1.281 	13.766436
1.282 	13.992433
1.283 	11.977454
1.284 	8.743101
1.285 	7.316996
1.286 	8.055251
1.287 	8.777512
1.288 	8.980071
1.289 	9.876285
1.290 	10.787695
1.291 	10.622592
1.292 	10.055159
1.293 	10.498192
1.294 	11.795509
1.295 	13.056424
1.296 	13.341734
1.297 	12.670241
1.298 	11.697499
1.299 	10.907181
1.300 	10.051496
1.301 	9.373795
1.302 	9.767190
1.303 	11.057158
1.304 	11.828561
1.305 	10.980038
1.306 	8.637982
1.307 	7.119237
1.308 	7.718274
1.309 	9.258689
1.310 	10.399136
1.311 	11.175498
1.312 	11.589849
1.313 	11.135407
1.314 	10.157438
1.315 	10.414235
1.316 	11.339137
1.317 	10.755809
1.318 	9.453509
1.319 	9.564745
1.320 	10.177139
1.321 	10.001214
1.322 	10.072058
1.323 	10.669161
1.324 	9.996471
1.325 	8.364174
1.326 	7.989779
1.327 	8.879788
1.328 	9.427719
1.329 	9.934953
1.330 	11.438435
1.331 	13.336156
1.332 	13.295085
1.333 	11.042898
1.334 	8.932231
1.335 	8.885497
1.336 	9.230947
1.337 	9.330004
1.338 	9.737528
1.339 	9.757506
1.340 	9.359255
1.341 	9.649881
1.342 	10.181811
1.343 	9.974415
1.344 	9.084851
1.345 	7.549443
1.346 	6.509299
1.347 	7.399513
1.348 	9.993700
1.349 	11.788155
1.350 	11.201354
1.351 	9.192455
1.352 	8.320967
1.353 	8.790696
1.354 	9.498392
1.355 	9.386714
1.356 	8.217257
1.357 	7.799131
1.358 	8.183392
1.359 	7.013967
1.360 	4.794920
1.361 	4.157798
1.362 	5.914546
1.363 	7.962811
1.364 	9.225184
1.365 	9.475720
1.366 	9.125713
1.367 	9.294763
1.368 	9.973639
1.369 	9.622480
1.370 	8.477151
1.371 	7.631952
1.372 	6.888951
1.373 	7.554909
1.374 	10.138758
1.375 	12.135078
1.376 	11.318901
1.377 	8.016656
1.378 	4.670159
1.379 	3.102326
1.380 	4.349018
1.381 	6.427582
1.382 	6.762970
1.383 	4.905156
1.384 	3.356448
1.385 	4.108661
1.386 	5.903257
1.387 	7.059107
1.388 	7.238648
1.389 	5.883754
1.390 	3.348371
1.391 	2.041927
1.392 	3.292477
1.393 	6.994851
1.394 	10.553357
1.395 	11.605466
1.396 	9.218757
1.397 	5.421795
1.398 	2.934674
1.399 	2.980203
1.400 	4.396771
1.401 	5.609274
1.402 	5.918706
1.403 	5.173606
1.404 	3.725932
1.405 	2.969296
1.406 	3.496433
1.407 	3.485581
1.408 	3.246355
1.409 	3.902865
1.410 	4.677269
1.411 	3.886823
1.412 	2.335913
1.413 	2.442817
1.414 	3.916035
1.415 	5.468578
1.416 	6.914509
1.417 	7.567712
1.418 	5.692775
1.419 	3.184673
1.420 	3.064924
1.421 	4.250068
1.422 	2.950523
1.423 	0.157002
1.424 	0.471711
1.425 	3.184782
1.426 	4.581578
1.427 	4.517764
1.428 	3.450538
1.429 	2.421437
1.430 	3.355962
1.431 	4.706110
1.432 	4.894804
1.433 	4.617562
1.434 	4.463053
1.435 	3.471225
1.436 	2.064423
1.437 	1.908914
1.438 	2.477006
1.439 	2.427646
1.440 	1.890865
1.441 	1.803674
1.442 	2.151445
1.443 	3.307392
1.444 	5.344514
1.445 	7.174496
1.446 	7.356848
1.447 	5.858640
1.448 	4.774792
1.449 	4.482133
1.450 	3.840160
1.451 	2.925886
1.452 	3.202237
1.453 	4.917020
1.454 	6.129061
1.455 	6.665471
1.456 	6.209567
1.457 	3.624584
1.458 	1.550731
1.459 	2.368802
1.460 	3.726729
1.461 	3.559576
1.462 	3.102750
1.463 	2.735273
1.464 	2.170463
1.465 	2.039072
1.466 	2.803029
1.467 	4.681215
1.468 	6.604103
1.469 	6.279459
1.470 	4.174014
1.471 	2.640761
1.472 	2.293485
1.473 	3.461430
1.474 	4.885067
1.475 	5.177396
1.476 	5.852437
1.477 	6.623562
1.478 	5.901485
1.479 	3.701432
1.480 	2.525627
1.481 	4.313748
1.482 	5.803847
1.483 	5.438314
1.484 	3.902520
1.485 	2.061955
1.486 	1.849949
1.487 	2.918633
1.488 	2.438334
1.489 	0.925284
1.490 	0.790625
1.491 	1.821882
1.492 	2.319547
1.493 	2.327367
1.494 	3.391690
1.495 	4.775998
1.496 	6.877388
1.497 	10.483786
1.498 	10.656297
1.499 	6.759579
1.500 	4.120912
1.501 	2.853442
1.502 	3.154688
1.503 	5.259957
1.504 	5.058459
1.505 	2.512493
1.506 	2.400475
1.507 	4.353127
1.508 	4.042886
1.509 	2.381062
1.510 	2.723144
1.511 	4.254138
1.512 	4.951122
1.513 	4.186734
1.514 	3.616697
1.515 	5.002939
1.516 	7.694800
1.517 	9.128886
1.518 	6.844795
1.519 	2.233631
1.520 	-0.903920
1.521 	0.677659
1.522 	4.393852
1.523 	7.659875
1.524 	10.380265
1.525 	10.196902
1.526 	6.542802
1.527 	2.850827
1.528 	2.184427
1.529 	2.406542
1.530 	2.594183
1.531 	3.083889
1.532 	3.321211
1.533 	5.198260
1.534 	9.111003
1.535 	11.380302
1.536 	9.198656
1.537 	3.393944
1.538 	-2.018675
1.539 	-1.708669
1.540 	5.126355
1.541 	10.762190
1.542 	8.856069
1.543 	6.298110
1.544 	7.337735
1.545 	6.708630
1.546 	4.391587
1.547 	5.124608
1.548 	6.347736
1.549 	3.726084
1.550 	1.051970
1.551 	2.462829
1.552 	3.828498
1.553 	4.068354
1.554 	6.004262
1.555 	7.882114
1.556 	8.872020
1.557 	8.560472
1.558 	5.925800
1.559 	5.195181
1.560 	6.337227
1.561 	4.483351
1.562 	2.559516
1.563 	2.240454
1.564 	4.129440
1.565 	8.933445
1.566 	9.722408
1.567 	4.826661
1.568 	1.894042
1.569 	2.528316
1.570 	5.550115
1.571 	8.118842
1.572 	6.889575
1.573 	5.030066
1.574 	2.841024
1.575 	2.637782
1.576 	4.827368
1.577 	5.272640
1.578 	7.785364
1.579 	10.528161
1.580 	8.005908
1.581 	5.759287
1.582 	7.100335
1.583 	9.816422
1.584 	6.437130
1.585 	-0.808325
1.586 	-2.316393
1.587 	2.519586
1.588 	6.879092
1.589 	9.746589
1.590 	11.943928
1.591 	14.131220
1.592 	11.830528
1.593 	4.386204
1.594 	-1.254581
1.595 	1.264369
1.596 	4.616230
1.597 	5.526416
1.598 	7.997356
1.599 	10.905610
1.600 	9.566701
1.601 	5.807476
1.602 	2.819270
1.603 	1.543830
1.604 	2.500738
1.605 	5.653541
1.606 	7.111730
1.607 	7.654637
1.608 	10.344530
1.609 	10.492456
1.610 	8.790195
1.611 	7.169852
1.612 	4.669401
1.613 	1.614821
1.614 	0.994302
1.615 	4.508056
1.616 	8.927487
1.617 	11.686606
1.618 	9.739514
1.619 	5.217765
1.620 	4.495384
1.621 	5.262878
1.622 	6.266470
1.623 	6.271572
1.624 	4.678909
1.625 	5.137511
1.626 	5.196574
1.627 	6.164082
1.628 	8.930203
1.629 	7.638542
1.630 	5.042521
1.631 	3.947943
1.632 	6.213016
1.633 	12.604448
1.634 	12.467589
1.635 	1.079316
1.636 	-3.817721
1.637 	-1.833731
1.638 	4.891375
1.639 	7.565239
1.640 	9.088241
1.641 	13.889032
1.642 	14.103027
1.643 	11.242059
1.644 	5.328262
1.645 	-1.034595
1.646 	0.955373
1.647 	5.683967
1.648 	9.695044
1.649 	10.650398
1.650 	10.108850
1.651 	5.408851
1.652 	4.208881
1.653 	3.989691
1.654 	6.964664
1.655 	7.568733
1.656 	9.645907
1.657 	14.122480
1.658 	16.497085
1.659 	15.927592
1.660 	10.397047
1.661 	6.047947
1.662 	3.617195
1.663 	-0.301361
1.664 	-0.897269
1.665 	4.310489
1.666 	7.985433
1.667 	9.660781
1.668 	13.058194
1.669 	14.880137
1.670 	16.567486
1.671 	16.585068
1.672 	9.110361
1.673 	-3.307649
1.674 	-3.302913
1.675 	5.194882
1.676 	10.527845
1.677 	10.882761
1.678 	6.906169
1.679 	1.455239
1.680 	1.467063
1.681 	14.557173
1.682 	21.410878
1.683 	17.930415
1.684 	4.541547
1.685 	-1.743925
1.686 	1.554850
1.687 	-3.319179
1.688 	-1.110740
1.689 	9.214701
1.690 	17.539902
1.691 	7.671455
1.692 	17.431301
1.693 	19.820427
1.694 	6.196369
1.695 	-10.449532
1.696 	-9.926655
1.697 	6.222981
1.698 	17.698059
1.699 	21.848116
1.700 	23.804293
