0.660 	33.990429
0.661 	35.312002
0.662 	36.308163
0.663 	37.611052
0.664 	37.451912
0.665 	35.222065
0.666 	34.976227
0.667 	34.359868
0.668 	34.615452
0.669 	37.578423
0.670 	33.103737
0.671 	32.745411
0.672 	37.813006
0.673 	36.778204
0.674 	35.384670
0.675 	35.595444
0.676 	36.575869
0.677 	38.701300
0.678 	38.531281
0.679 	35.755285
0.680 	33.775726
0.681 	35.725723
0.682 	34.787784
0.683 	34.814883
0.684 	36.620628
0.685 	37.041527
0.686 	36.340573
0.687 	34.251822
0.688 	36.105227
0.689 	36.693687
0.690 	37.144003
0.691 	36.676841
0.692 	35.974218
0.693 	36.930404
0.694 	35.298153
0.695 	34.613445
0.696 	35.691756
0.697 	37.613154
0.698 	35.830453
0.699 	35.173963
0.700 	38.380085
0.701 	39.879064
0.702 	37.511543
0.703 	34.595075
0.704 	35.477774
0.705 	36.680739
0.706 	35.133870
0.707 	36.075042
0.708 	36.284781
0.709 	35.331321
0.710 	35.688174
0.711 	36.457385
0.712 	36.278772
0.713 	35.693454
0.714 	34.267589
0.715 	33.835047
0.716 	34.925759
0.717 	35.268156
0.718 	35.477238
0.719 	37.003740
0.720 	36.761163
0.721 	36.100928
0.722 	35.329583
0.723 	35.568180
0.724 	36.475944
0.725 	37.050725
0.726 	36.695136
0.727 	34.882772
0.728 	34.968730
0.729 	35.281596
0.730 	34.786912
0.731 	34.724644
0.732 	34.520053
0.733 	35.075763
0.734 	35.516987
0.735 	36.195961
0.736 	37.496588
0.737 	36.893757
0.738 	35.407170
0.739 	34.732143
0.740 	35.867213
0.741 	36.983947
0.742 	37.059573
0.743 	36.613839
0.744 	35.517961
0.745 	34.700490
0.746 	34.580371
0.747 	34.555551
0.748 	35.108987
0.749 	35.750657
0.750 	35.907053
0.751 	35.600722
0.752 	34.551184
0.753 	34.284071
0.754 	35.279295
0.755 	36.524459
0.756 	35.520644
0.757 	34.604115
0.758 	34.771019
0.759 	35.527389
0.760 	35.380187
0.761 	35.158041
0.762 	34.728195
0.763 	34.533783
0.764 	35.460464
0.765 	35.645270
0.766 	34.308621
0.767 	33.933626
0.768 	35.559090
0.769 	36.245869
0.770 	34.794107
0.771 	33.985633
0.772 	34.035362
0.773 	33.636106
0.774 	34.114872
0.775 	35.072356
0.776 	35.621148
0.777 	35.500166
0.778 	35.841477
0.779 	35.974180
0.780 	34.514878
0.781 	33.102801
0.782 	33.482088
0.783 	34.869024
0.784 	34.979888
0.785 	34.333833
0.786 	33.983683
0.787 	34.089591
0.788 	35.258694
0.789 	36.189372
0.790 	36.025161
0.791 	35.455096
0.792 	34.851407
0.793 	34.448719
0.794 	34.148093
0.795 	33.971185
0.796 	34.212469
0.797 	34.311374
0.798 	33.883657
0.799 	33.368566
0.800 	33.413960
0.801 	34.540892
0.802 	36.009337
0.803 	35.778152
0.804 	34.012315
0.805 	32.784980
0.806 	32.883570
0.807 	33.779163
0.808 	34.229328
0.809 	33.928668
0.810 	33.615127
0.811 	33.670411
0.812 	33.940138
0.813 	34.320983
0.814 	34.921102
0.815 	35.063202
0.816 	34.252273
0.817 	33.487782
0.818 	33.405512
0.819 	33.971162
0.820 	35.114491
0.821 	35.590054
0.822 	34.949384
0.823 	34.022554
0.824 	33.636192
0.825 	33.684382
0.826 	33.609544
0.827 	33.616671
0.828 	34.281913
0.829 	34.997893
0.830 	34.564500
0.831 	33.824154
0.832 	33.631812
0.833 	33.719912
0.834 	33.987518
0.835 	34.547234
0.836 	34.875980
0.837 	34.680981
0.838 	34.253293
0.839 	33.715287
0.840 	33.260023
0.841 	33.273598
0.842 	33.606759
0.843 	34.187610
0.844 	34.717502
0.845 	34.706254
0.846 	34.334947
0.847 	34.075458
0.848 	33.962096
0.849 	33.995390
0.850 	33.968466
0.851 	33.590588
0.852 	33.354953
0.853 	33.310869
0.854 	33.406833
0.855 	33.884423
0.856 	34.094649
0.857 	34.035323
0.858 	33.869025
0.859 	33.722149
0.860 	33.879389
0.861 	33.748246
0.862 	33.436358
0.863 	33.275247
0.864 	32.865933
0.865 	32.892642
0.866 	33.528335
0.867 	33.699448
0.868 	33.630799
0.869 	34.003813
0.870 	33.789428
0.871 	33.141203
0.872 	33.190781
0.873 	33.687119
0.874 	33.813869
0.875 	33.420076
0.876 	32.796392
0.877 	32.379091
0.878 	32.396533
0.879 	32.799809
0.880 	33.310387
0.881 	33.546857
0.882 	33.543034
0.883 	33.293475
0.884 	33.011877
0.885 	33.026840
0.886 	33.027182
0.887 	32.921766
0.888 	33.096728
0.889 	33.416422
0.890 	33.040783
0.891 	32.410405
0.892 	32.592786
0.893 	33.275763
0.894 	33.516506
0.895 	33.142342
0.896 	32.718855
0.897 	32.395581
0.898 	31.969799
0.899 	32.001965
0.900 	32.765711
0.901 	33.292638
0.902 	33.163897
0.903 	32.848257
0.904 	32.175963
0.905 	31.263019
0.906 	31.288462
0.907 	31.966585
0.908 	32.103784
0.909 	31.684759
0.910 	31.921933
0.911 	32.810909
0.912 	33.488119
0.913 	33.316309
0.914 	32.156269
0.915 	31.117351
0.916 	31.099046
0.917 	31.585498
0.918 	31.590544
0.919 	31.320325
0.920 	31.604732
0.921 	32.595485
0.922 	33.493135
0.923 	33.261656
0.924 	32.405586
0.925 	31.378082
0.926 	30.663623
0.927 	30.658847
0.928 	30.891280
0.929 	30.793669
0.930 	30.611201
0.931 	30.776218
0.932 	31.049626
0.933 	30.878770
0.934 	30.582640
0.935 	30.565840
0.936 	30.488222
0.937 	30.164538
0.938 	30.024771
0.939 	30.347319
0.940 	30.860985
0.941 	30.693935
0.942 	30.257589
0.943 	30.120431
0.944 	30.388568
0.945 	30.464207
0.946 	29.983715
0.947 	29.673551
0.948 	29.655636
0.949 	29.730207
0.950 	29.763783
0.951 	29.981776
0.952 	30.256417
0.953 	30.373776
0.954 	30.557717
0.955 	30.336470
0.956 	30.421797
0.957 	30.532401
0.958 	30.586979
0.959 	30.651711
0.960 	29.860864
0.961 	29.357523
0.962 	29.566168
0.963 	30.106306
0.964 	30.767990
0.965 	31.179910
0.966 	31.180089
0.967 	29.916048
0.968 	29.264210
0.969 	30.071553
0.970 	30.816623
0.971 	31.041587
0.972 	31.000763
0.973 	30.650550
0.974 	30.439594
0.975 	31.014955
0.976 	31.373372
0.977 	31.193071
0.978 	31.446015
0.979 	30.939081
0.980 	30.079666
0.981 	30.613167
0.982 	30.996299
0.983 	30.788579
0.984 	30.822201
0.985 	30.725839
0.986 	30.693252
0.987 	30.520078
0.988 	29.965135
0.989 	30.609555
0.990 	31.642916
0.991 	31.893311
0.992 	31.300108
0.993 	30.439198
0.994 	30.470856
0.995 	31.296846
0.996 	31.875856
0.997 	31.695814
0.998 	31.118680
0.999 	30.638349
1.000 	30.581060
1.001 	30.636310
1.002 	31.000030
1.003 	31.369685
1.004 	31.309282
1.005 	31.225017
1.006 	30.799090
1.007 	30.838344
1.008 	31.278845
1.009 	31.986838
1.010 	32.441536
1.011 	33.005405
1.012 	33.582153
1.013 	33.354395
1.014 	32.005743
1.015 	30.931807
1.016 	30.756467
1.017 	30.531714
1.018 	30.484084
1.019 	31.116278
1.020 	31.693242
1.021 	31.758468
1.022 	31.356805
1.023 	31.206979
1.024 	31.408253
1.025 	31.274610
1.026 	31.240843
1.027 	31.305031
1.028 	31.183817
1.029 	31.444016
1.030 	32.228097
1.031 	32.763779
1.032 	32.771301
1.033 	32.374963
1.034 	31.956148
1.035 	31.813877
1.036 	32.316183
1.037 	32.465424
1.038 	31.397385
1.039 	31.007233
1.040 	31.859388
1.041 	32.405925
1.042 	32.307987
1.043 	32.347179
1.044 	32.320305
1.045 	32.218853
1.046 	32.268448
1.047 	32.365772
1.048 	32.228788
1.049 	32.021451
1.050 	32.387013
1.051 	32.615892
1.052 	32.172294
1.053 	31.850456
1.054 	31.920322
1.055 	32.400756
1.056 	32.780470
1.057 	32.501772
1.058 	31.583030
1.059 	30.759207
1.060 	30.916103
1.061 	31.746536
1.062 	32.024123
1.063 	31.403403
1.064 	31.227585
1.065 	32.060751
1.066 	32.708255
1.067 	32.427441
1.068 	31.768456
1.069 	31.506163
1.070 	32.001420
1.071 	32.473555
1.072 	32.232754
1.073 	32.070841
1.074 	32.328896
1.075 	32.193062
1.076 	31.866100
1.077 	32.361849
1.078 	32.935130
1.079 	32.432341
1.080 	31.185702
1.081 	30.601998
1.082 	31.110958
1.083 	31.300387
1.084 	30.716963
1.085 	30.550123
1.086 	31.119362
1.087 	31.996451
1.088 	32.329434
1.089 	31.989715
1.090 	32.022785
1.091 	32.133936
1.092 	31.581883
1.093 	30.851437
1.094 	30.602975
1.095 	30.829535
1.096 	30.874331
1.097 	30.838216
1.098 	30.953636
1.099 	30.254701
1.100 	29.608010
1.101 	30.466136
1.102 	31.882515
1.103 	32.594668
1.104 	32.452306
1.105 	32.273861
1.106 	32.078789
1.107 	31.229745
1.108 	30.047590
1.109 	29.352704
1.110 	29.768886
1.111 	30.529755
1.112 	30.513844
1.113 	30.028757
1.114 	29.893721
1.115 	29.963658
1.116 	29.863257
1.117 	30.078524
1.118 	30.579543
1.119 	30.509180
1.120 	29.700331
1.121 	29.133105
1.122 	29.379094
1.123 	29.600508
1.124 	28.833923
1.125 	27.821315
1.126 	27.801191
1.127 	28.400434
1.128 	28.289479
1.129 	27.172740
1.130 	26.079740
1.131 	26.191045
1.132 	27.630959
1.133 	28.861196
1.134 	28.943701
1.135 	28.621729
1.136 	28.375710
1.137 	28.061915
1.138 	27.161316
1.139 	26.192264
1.140 	26.199558
1.141 	26.660096
1.142 	26.357054
1.143 	25.828851
1.144 	26.011957
1.145 	26.895693
1.146 	27.686759
1.147 	27.430405
1.148 	26.749111
1.149 	26.763486
1.150 	26.694574
1.151 	25.890127
1.152 	25.336044
1.153 	25.745434
1.154 	26.716515
1.155 	27.561792
1.156 	27.571376
1.157 	26.840902
1.158 	26.188838
1.159 	26.055105
1.160 	26.644642
1.161 	27.073137
1.162 	26.562765
1.163 	25.706974
1.164 	25.073660
1.165 	25.212395
1.166 	26.286742
1.167 	27.382611
1.168 	27.602847
1.169 	27.346895
1.170 	26.915072
1.171 	26.179294
1.172 	25.608130
1.173 	25.796492
1.174 	26.246785
1.175 	26.067972
1.176 	25.741887
1.177 	25.935379
1.178 	26.124799
1.179 	26.030481
1.180 	25.968808
1.181 	25.961786
1.182 	26.054521
1.183 	26.240751
1.184 	26.467690
1.185 	26.434955
1.186 	25.764326
1.187 	24.991234
1.188 	24.976915
1.189 	25.402548
1.190 	25.824780
1.191 	25.922277
1.192 	25.559679
1.193 	25.255014
1.194 	25.608777
1.195 	26.393650
1.196 	26.527436
1.197 	25.880794
1.198 	25.563107
1.199 	25.871670
1.200 	26.222610
1.201 	26.625939
1.202 	27.102199
1.203 	27.143543
1.204 	26.527296
1.205 	26.226997
1.206 	26.541306
1.207 	26.761776
1.208 	26.964686
1.209 	27.368302
1.210 	27.524338
1.211 	27.355073
1.212 	27.155068
1.213 	27.140320
1.214 	26.960777
1.215 	26.160941
1.216 	25.491639
1.217 	26.096389
1.218 	27.574096
1.219 	28.711173
1.220 	28.490678
1.221 	27.487929
1.222 	26.429218
1.223 	26.212868
1.224 	26.946396
1.225 	27.651526
1.226 	27.545592
1.227 	27.083376
1.228 	27.012575
1.229 	27.523026
1.230 	28.299331
1.231 	28.581678
1.232 	28.229360
1.233 	27.591820
1.234 	27.225426
1.235 	27.479136
1.236 	27.794737
1.237 	27.360801
1.238 	26.796727
1.239 	26.875398
1.240 	27.187132
1.241 	27.304860
1.242 	27.204568
1.243 	26.949863
1.244 	26.898625
1.245 	27.183035
1.246 	27.537699
1.247 	28.001475
1.248 	27.948386
1.249 	27.349218
1.250 	27.084699
1.251 	27.262096
1.252 	27.646303
1.253 	27.937480
1.254 	27.503911
1.255 	26.742237
1.256 	26.637353
1.257 	27.135411
1.258 	27.957873
1.259 	28.720823
1.260 	28.730325
1.261 	27.766331
1.262 	26.411701
1.263 	25.427817
1.264 	25.306527
1.265 	25.600927
1.266 	25.710992
1.267 	26.031587
1.268 	26.901153
1.269 	27.851662
1.270 	28.581526
1.271 	29.043662
1.272 	29.015004
1.273 	28.309513
1.274 	27.596554
1.275 	27.402076
1.276 	27.434086
1.277 	27.196940
1.278 	27.025072
1.279 	27.216897
1.280 	27.340215
1.281 	26.986328
1.282 	26.416124
1.283 	26.368713
1.284 	26.888143
1.285 	26.674047
1.286 	25.560579
1.287 	25.427007
1.288 	26.614927
1.289 	27.608421
1.290 	27.245576
1.291 	26.292621
1.292 	25.876318
1.293 	26.218616
1.294 	26.293628
1.295 	26.063586
1.296 	25.727347
1.297 	25.235420
1.298 	25.402976
1.299 	26.373578
1.300 	26.892515
1.301 	26.051651
1.302 	24.983514
1.303 	24.931926
1.304 	25.455235
1.305 	25.500151
1.306 	25.461495
1.307 	25.835334
1.308 	25.979261
1.309 	26.082199
1.310 	26.554448
1.311 	26.578333
1.312 	25.856958
1.313 	24.914383
1.314 	24.090028
1.315 	23.487363
1.316 	22.995285
1.317 	22.648782
1.318 	22.835583
1.319 	23.421988
1.320 	23.961735
1.321 	24.784736
1.322 	25.825708
1.323 	26.026767
1.324 	25.239910
1.325 	24.514203
1.326 	24.548492
1.327 	25.087518
1.328 	25.136050
1.329 	24.279547
1.330 	22.964712
1.331 	21.558355
1.332 	20.772068
1.333 	20.924774
1.334 	21.808565
1.335 	23.224733
1.336 	24.534513
1.337 	24.560557
1.338 	23.408381
1.339 	22.698006
1.340 	23.136044
1.341 	23.584908
1.342 	23.256403
1.343 	22.321167
1.344 	21.828069
1.345 	22.651854
1.346 	23.944040
1.347 	23.502388
1.348 	21.704705
1.349 	20.805368
1.350 	20.925857
1.351 	21.518174
1.352 	21.919168
1.353 	21.664611
1.354 	21.120124
1.355 	20.788458
1.356 	20.952691
1.357 	21.702855
1.358 	22.611434
1.359 	22.524353
1.360 	21.180926
1.361 	20.249150
1.362 	20.789177
1.363 	20.766401
1.364 	19.504923
1.365 	18.302528
1.366 	17.923810
1.367 	18.671573
1.368 	19.706843
1.369 	19.859063
1.370 	18.947677
1.371 	18.084709
1.372 	17.887660
1.373 	18.213355
1.374 	18.637054
1.375 	18.738080
1.376 	18.371260
1.377 	17.581468
1.378 	17.313640
1.379 	17.892682
1.380 	17.811701
1.381 	16.764871
1.382 	16.203932
1.383 	16.947633
1.384 	17.790049
1.385 	17.855576
1.386 	17.325562
1.387 	16.510583
1.388 	15.554816
1.389 	14.754612
1.390 	14.562463
1.391 	14.952357
1.392 	15.230707
1.393 	14.936150
1.394 	14.813541
1.395 	15.512531
1.396 	16.239549
1.397 	16.146491
1.398 	15.374314
1.399 	14.982559
1.400 	15.579197
1.401 	16.495195
1.402 	16.394154
1.403 	15.101169
1.404 	14.125833
1.405 	14.055591
1.406 	14.816845
1.407 	15.752335
1.408 	15.659106
1.409 	15.100624
1.410 	14.931789
1.411 	14.680795
1.412 	14.641442
1.413 	15.736810
1.414 	16.559794
1.415 	15.683441
1.416 	14.562710
1.417 	14.536625
1.418 	14.565033
1.419 	14.063896
1.420 	13.825818
1.421 	13.627202
1.422 	13.517342
1.423 	14.319797
1.424 	15.774232
1.425 	16.517556
1.426 	16.263517
1.427 	16.165244
1.428 	16.727705
1.429 	17.378597
1.430 	16.970788
1.431 	15.609072
1.432 	15.083650
1.433 	15.436994
1.434 	15.383492
1.435 	15.303438
1.436 	15.057725
1.437 	14.171195
1.438 	13.638521
1.439 	14.382644
1.440 	15.854197
1.441 	16.152967
1.442 	15.198830
1.443 	14.332985
1.444 	13.592779
1.445 	13.195503
1.446 	13.427128
1.447 	13.798405
1.448 	14.013962
1.449 	13.851500
1.450 	13.826805
1.451 	14.431276
1.452 	14.931251
1.453 	14.520613
1.454 	14.001764
1.455 	14.971830
1.456 	16.912861
1.457 	17.894041
1.458 	17.233587
1.459 	15.686945
1.460 	15.057399
1.461 	15.900956
1.462 	17.038096
1.463 	17.953085
1.464 	17.769082
1.465 	15.930739
1.466 	14.672459
1.467 	15.290837
1.468 	15.987852
1.469 	16.095514
1.470 	16.248548
1.471 	16.372483
1.472 	16.389536
1.473 	16.150347
1.474 	16.029357
1.475 	16.564994
1.476 	16.373468
1.477 	14.710550
1.478 	14.018575
1.479 	15.214709
1.480 	15.939328
1.481 	15.761388
1.482 	16.392428
1.483 	17.101549
1.484 	16.335500
1.485 	14.985149
1.486 	15.101648
1.487 	16.263344
1.488 	17.175762
1.489 	18.067784
1.490 	18.134904
1.491 	16.385334
1.492 	14.236820
1.493 	14.381503
1.494 	16.235040
1.495 	16.788493
1.496 	16.154156
1.497 	16.078642
1.498 	15.923366
1.499 	14.935800
1.500 	15.326436
1.501 	17.758177
1.502 	18.996313
1.503 	17.825727
1.504 	16.352800
1.505 	15.602062
1.506 	14.922791
1.507 	13.938898
1.508 	13.490295
1.509 	15.102109
1.510 	17.497772
1.511 	17.913759
1.512 	17.187729
1.513 	17.143677
1.514 	17.457145
1.515 	17.571241
1.516 	17.549692
1.517 	17.190433
1.518 	17.555893
1.519 	18.654375
1.520 	18.535955
1.521 	18.212743
1.522 	18.811443
1.523 	19.124477
1.524 	18.398954
1.525 	16.632643
1.526 	15.897051
1.527 	17.150529
1.528 	17.597077
1.529 	17.205706
1.530 	18.210944
1.531 	19.121817
1.532 	17.907756
1.533 	16.372689
1.534 	16.962034
1.535 	19.642145
1.536 	21.078539
1.537 	20.860631
1.538 	19.728005
1.539 	18.720381
1.540 	17.183423
1.541 	15.094051
1.542 	14.666080
1.543 	17.497709
1.544 	19.868081
1.545 	18.648387
1.546 	16.739837
1.547 	16.171702
1.548 	16.733101
1.549 	17.445776
1.550 	18.445856
1.551 	20.591142
1.552 	21.037825
1.553 	20.198244
1.554 	18.664968
1.555 	15.871089
1.556 	14.514597
1.557 	15.752287
1.558 	17.618373
1.559 	18.263100
1.560 	17.731162
1.561 	17.272034
1.562 	18.462800
1.563 	20.289951
1.564 	20.360337
1.565 	20.072699
1.566 	20.166398
1.567 	21.591099
1.568 	21.558161
1.569 	19.641924
1.570 	18.981625
1.571 	19.050903
1.572 	18.642963
1.573 	18.289122
1.574 	18.823848
1.575 	18.521135
1.576 	18.203334
1.577 	18.683314
1.578 	18.075432
1.579 	18.503570
1.580 	21.414055
1.581 	23.197386
1.582 	20.666787
1.583 	17.617830
1.584 	17.150011
1.585 	18.551974
1.586 	18.625985
1.587 	17.015087
1.588 	18.427862
1.589 	22.126789
1.590 	23.333195
1.591 	20.381750
1.592 	20.377252
1.593 	22.457621
1.594 	21.857579
1.595 	19.896032
1.596 	19.942870
1.597 	19.987821
1.598 	18.807555
1.599 	18.042583
1.600 	17.993461
1.601 	20.092707
1.602 	22.410513
1.603 	21.409975
1.604 	19.903283
1.605 	21.186133
1.606 	20.906246
1.607 	19.566671
1.608 	20.571044
1.609 	19.828951
1.610 	18.957989
1.611 	20.399651
1.612 	20.317158
1.613 	19.996023
1.614 	20.465256
1.615 	22.535826
1.616 	22.746873
1.617 	21.036629
1.618 	18.428914
1.619 	17.089064
1.620 	16.028963
1.621 	15.447214
1.622 	20.401839
1.623 	23.645289
1.624 	20.414820
1.625 	20.118897
1.626 	22.537592
1.627 	22.993424
1.628 	21.401850
1.629 	19.969693
1.630 	21.993464
1.631 	23.320591
1.632 	19.993896
1.633 	18.110884
1.634 	19.318743
1.635 	20.564851
1.636 	20.672903
1.637 	18.580675
1.638 	20.632377
1.639 	22.425483
1.640 	22.667801
1.641 	21.717365
1.642 	20.790490
1.643 	19.358922
1.644 	18.764287
1.645 	19.466937
1.646 	21.363659
1.647 	21.023585
1.648 	19.785966
1.649 	20.880834
1.650 	20.996674
1.651 	20.769010
1.652 	23.591000
1.653 	24.569656
1.654 	20.976232
1.655 	17.165882
1.656 	21.736735
1.657 	22.874274
1.658 	20.794894
1.659 	21.523317
1.660 	19.268070
1.661 	21.386150
1.662 	21.033434
1.663 	17.118313
1.664 	17.746569
1.665 	18.605353
1.666 	23.676973
1.667 	26.946338
1.668 	21.810115
1.669 	18.019465
1.670 	21.051627
1.671 	26.746323
1.672 	19.925432
1.673 	16.644267
1.674 	11.535471
1.675 	14.437466
1.676 	21.393194
1.677 	24.744537
1.678 	22.071217
1.679 	21.659011
1.680 	33.820047
1.681 	26.480529
1.682 	15.358403
1.683 	19.582618
1.684 	28.163194
1.685 	19.505504
1.686 	13.365115
1.687 	25.022949
1.688 	25.795544
1.689 	21.647540
1.690 	19.248945
1.691 	32.364365
1.692 	40.955472
1.693 	39.645335
1.694 	1.168705
1.695 	9.961747
1.696 	36.981549
1.697 	7.696465
1.698 	4.937318
1.699 	29.676363
1.700 	22.774847
