0.660 	31.492294
0.661 	31.901180
0.662 	36.309951
0.663 	33.501420
0.664 	32.898953
0.665 	34.203027
0.666 	31.018757
0.667 	29.318012
0.668 	31.817771
0.669 	36.197485
0.670 	33.546286
0.671 	33.074789
0.672 	35.095264
0.673 	33.376607
0.674 	33.316575
0.675 	36.405750
0.676 	34.552405
0.677 	34.657638
0.678 	35.699661
0.679 	32.398782
0.680 	33.404922
0.681 	35.804281
0.682 	32.955450
0.683 	31.668434
0.684 	34.191899
0.685 	35.727818
0.686 	33.647735
0.687 	32.155952
0.688 	33.074412
0.689 	34.156783
0.690 	35.431321
0.691 	33.693217
0.692 	31.947486
0.693 	32.849756
0.694 	32.690074
0.695 	34.279000
0.696 	34.970789
0.697 	34.455807
0.698 	31.074062
0.699 	28.921520
0.700 	33.536384
0.701 	37.131062
0.702 	34.712671
0.703 	32.948344
0.704 	33.265664
0.705 	33.837734
0.706 	33.508941
0.707 	34.366490
0.708 	33.097366
0.709 	32.479057
0.710 	32.387750
0.711 	32.286107
0.712 	33.547801
0.713 	33.346099
0.714 	31.371675
0.715 	30.750993
0.716 	32.307196
0.717 	34.197820
0.718 	33.742429
0.719 	33.177401
0.720 	33.194543
0.721 	33.038704
0.722 	31.272510
0.723 	31.057027
0.724 	33.823715
0.725 	34.391270
0.726 	32.809359
0.727 	32.842428
0.728 	33.771712
0.729 	32.405547
0.730 	31.161434
0.731 	31.888327
0.732 	32.740209
0.733 	33.528742
0.734 	34.292264
0.735 	33.913479
0.736 	32.970671
0.737 	33.155769
0.738 	33.615903
0.739 	32.780328
0.740 	32.191228
0.741 	32.641703
0.742 	32.713583
0.743 	31.247226
0.744 	30.672244
0.745 	32.510378
0.746 	33.328145
0.747 	32.971237
0.748 	33.269658
0.749 	32.355429
0.750 	31.679181
0.751 	32.239147
0.752 	32.421475
0.753 	32.602485
0.754 	32.723433
0.755 	32.359049
0.756 	31.331837
0.757 	31.270265
0.758 	31.864244
0.759 	31.477456
0.760 	31.037922
0.761 	31.463816
0.762 	31.220413
0.763 	31.682843
0.764 	32.874414
0.765 	32.405807
0.766 	31.493675
0.767 	31.559849
0.768 	31.898942
0.769 	31.774884
0.770 	31.513446
0.771 	32.509206
0.772 	32.922485
0.773 	32.248103
0.774 	32.050455
0.775 	32.025718
0.776 	31.502816
0.777 	30.624906
0.778 	31.470563
0.779 	32.774150
0.780 	31.748502
0.781 	30.311444
0.782 	30.570316
0.783 	31.753537
0.784 	33.011203
0.785 	32.474060
0.786 	30.243515
0.787 	29.771983
0.788 	31.201519
0.789 	32.076372
0.790 	32.609614
0.791 	33.036674
0.792 	32.435047
0.793 	31.645068
0.794 	31.538123
0.795 	31.069093
0.796 	31.155305
0.797 	31.856063
0.798 	31.972747
0.799 	31.454922
0.800 	31.260955
0.801 	32.037959
0.802 	32.564518
0.803 	31.759082
0.804 	29.707834
0.805 	28.490055
0.806 	29.544717
0.807 	30.979122
0.808 	31.458260
0.809 	31.121412
0.810 	30.509361
0.811 	30.908827
0.812 	31.874815
0.813 	32.273318
0.814 	31.606324
0.815 	30.395511
0.816 	29.690162
0.817 	29.862276
0.818 	30.274943
0.819 	29.981288
0.820 	29.721774
0.821 	30.220022
0.822 	30.778261
0.823 	31.000144
0.824 	31.307024
0.825 	31.417264
0.826 	31.164823
0.827 	31.267633
0.828 	31.025176
0.829 	30.437395
0.830 	30.161595
0.831 	30.076391
0.832 	30.660193
0.833 	30.798090
0.834 	30.052662
0.835 	30.071567
0.836 	30.818454
0.837 	31.411264
0.838 	31.305693
0.839 	30.926791
0.840 	30.885663
0.841 	30.590053
0.842 	29.949695
0.843 	30.084182
0.844 	30.667128
0.845 	30.548826
0.846 	30.434907
0.847 	30.744751
0.848 	30.704837
0.849 	30.149606
0.850 	29.485485
0.851 	29.065742
0.852 	29.116259
0.853 	29.617524
0.854 	30.076225
0.855 	30.251038
0.856 	30.390362
0.857 	30.739197
0.858 	30.726189
0.859 	30.242109
0.860 	30.078565
0.861 	30.170704
0.862 	30.052551
0.863 	29.941006
0.864 	29.860673
0.865 	29.990124
0.866 	30.302971
0.867 	30.053901
0.868 	29.166726
0.869 	28.417333
0.870 	28.221890
0.871 	28.718599
0.872 	29.696425
0.873 	30.400220
0.874 	30.253735
0.875 	29.059189
0.876 	28.280289
0.877 	28.753373
0.878 	29.666119
0.879 	30.193117
0.880 	30.047573
0.881 	29.778831
0.882 	29.415339
0.883 	28.771274
0.884 	28.422278
0.885 	28.837586
0.886 	29.231049
0.887 	29.452761
0.888 	29.976597
0.889 	30.513470
0.890 	30.119452
0.891 	29.230425
0.892 	28.992778
0.893 	29.309707
0.894 	29.231113
0.895 	28.547130
0.896 	27.737910
0.897 	27.471596
0.898 	28.050339
0.899 	28.816499
0.900 	29.169756
0.901 	29.372697
0.902 	29.696924
0.903 	29.337476
0.904 	28.192355
0.905 	27.187242
0.906 	26.818559
0.907 	27.146621
0.908 	27.914263
0.909 	28.478963
0.910 	28.581857
0.911 	28.372828
0.912 	28.266154
0.913 	28.285433
0.914 	28.264785
0.915 	27.982075
0.916 	27.784179
0.917 	28.220422
0.918 	28.385379
0.919 	27.570718
0.920 	26.680054
0.921 	27.070569
0.922 	28.048930
0.923 	28.091948
0.924 	27.648107
0.925 	27.418150
0.926 	27.686687
0.927 	27.874451
0.928 	27.324543
0.929 	26.548696
0.930 	26.607772
0.931 	27.294179
0.932 	27.607646
0.933 	27.376103
0.934 	26.963637
0.935 	26.555615
0.936 	26.345027
0.937 	26.292531
0.938 	26.313591
0.939 	26.253376
0.940 	26.239751
0.941 	26.540981
0.942 	26.623482
0.943 	26.207527
0.944 	25.821128
0.945 	26.238780
0.946 	26.887280
0.947 	26.976917
0.948 	26.530847
0.949 	25.622432
0.950 	25.060812
0.951 	25.409949
0.952 	25.542825
0.953 	25.431484
0.954 	26.232621
0.955 	26.597202
0.956 	26.156040
0.957 	26.201821
0.958 	26.181143
0.959 	25.776736
0.960 	25.471416
0.961 	25.495744
0.962 	25.567961
0.963 	25.730036
0.964 	26.384492
0.965 	26.964527
0.966 	26.907504
0.967 	26.065756
0.968 	25.301223
0.969 	25.322447
0.970 	25.174291
0.971 	25.014446
0.972 	25.797389
0.973 	26.676433
0.974 	26.414853
0.975 	26.000079
0.976 	26.029587
0.977 	26.006714
0.978 	25.873529
0.979 	26.114894
0.980 	26.049223
0.981 	26.021273
0.982 	26.331669
0.983 	26.317526
0.984 	25.536125
0.985 	24.867884
0.986 	25.198009
0.987 	26.185841
0.988 	26.485688
0.989 	26.364758
0.990 	26.008449
0.991 	26.461236
0.992 	26.373820
0.993 	24.771436
0.994 	24.253570
0.995 	24.824674
0.996 	25.335841
0.997 	26.295641
0.998 	26.541730
0.999 	26.495104
1.000 	26.574806
1.001 	26.391869
1.002 	26.446540
1.003 	26.660909
1.004 	26.710932
1.005 	27.115986
1.006 	26.947145
1.007 	25.877850
1.008 	24.839366
1.009 	25.325389
1.010 	26.529595
1.011 	27.656706
1.012 	28.147258
1.013 	27.434082
1.014 	25.773847
1.015 	25.053514
1.016 	25.346177
1.017 	25.555884
1.018 	25.837857
1.019 	26.272683
1.020 	26.334916
1.021 	26.415097
1.022 	26.210719
1.023 	25.839962
1.024 	25.680268
1.025 	25.571884
1.026 	26.092646
1.027 	26.834196
1.028 	27.050860
1.029 	26.995199
1.030 	26.943859
1.031 	27.043596
1.032 	27.029412
1.033 	27.334334
1.034 	27.725152
1.035 	27.277118
1.036 	26.384559
1.037 	25.586248
1.038 	25.184849
1.039 	25.944104
1.040 	26.726184
1.041 	27.097858
1.042 	27.546435
1.043 	27.756639
1.044 	27.537824
1.045 	26.997919
1.046 	26.695996
1.047 	27.351766
1.048 	27.862182
1.049 	26.895497
1.050 	25.919443
1.051 	25.935042
1.052 	26.117829
1.053 	25.985374
1.054 	26.479957
1.055 	27.636906
1.056 	27.517732
1.057 	26.694353
1.058 	26.697853
1.059 	27.014078
1.060 	26.784120
1.061 	26.855796
1.062 	27.235605
1.063 	26.824674
1.064 	26.303685
1.065 	26.513522
1.066 	27.080173
1.067 	27.151099
1.068 	26.577961
1.069 	26.082978
1.070 	26.293742
1.071 	26.740405
1.072 	26.644589
1.073 	26.276517
1.074 	26.333071
1.075 	26.289888
1.076 	25.898685
1.077 	25.916737
1.078 	26.001993
1.079 	25.723394
1.080 	25.795024
1.081 	26.718077
1.082 	27.439715
1.083 	26.733449
1.084 	25.429145
1.085 	24.973929
1.086 	25.257583
1.087 	25.887220
1.088 	26.335716
1.089 	26.647744
1.090 	27.078915
1.091 	27.253756
1.092 	26.692697
1.093 	25.703218
1.094 	25.176692
1.095 	25.269518
1.096 	25.586545
1.097 	25.993762
1.098 	26.114479
1.099 	25.955394
1.100 	25.689144
1.101 	25.357162
1.102 	25.560177
1.103 	26.167693
1.104 	26.357715
1.105 	26.204080
1.106 	25.991984
1.107 	25.470302
1.108 	24.850460
1.109 	24.542314
1.110 	24.570665
1.111 	24.571914
1.112 	24.679744
1.113 	25.149683
1.114 	25.427835
1.115 	24.890387
1.116 	23.959938
1.117 	23.834379
1.118 	24.075157
1.119 	23.858587
1.120 	23.723963
1.121 	23.817899
1.122 	23.846794
1.123 	23.991592
1.124 	24.069236
1.125 	23.684867
1.126 	23.125198
1.127 	22.522502
1.128 	22.041942
1.129 	21.911423
1.130 	21.683051
1.131 	21.440032
1.132 	21.880343
1.133 	22.482937
1.134 	22.399235
1.135 	21.927248
1.136 	21.799399
1.137 	22.091795
1.138 	22.230038
1.139 	22.239482
1.140 	22.445361
1.141 	22.178210
1.142 	20.957231
1.143 	20.091296
1.144 	20.927190
1.145 	22.404614
1.146 	23.004097
1.147 	22.653797
1.148 	21.793225
1.149 	21.122770
1.150 	20.824672
1.151 	21.019173
1.152 	21.548567
1.153 	21.900674
1.154 	22.226790
1.155 	22.408069
1.156 	21.804752
1.157 	20.475692
1.158 	19.559263
1.159 	19.623114
1.160 	20.307661
1.161 	20.935361
1.162 	21.642079
1.163 	22.249369
1.164 	22.104621
1.165 	21.379221
1.166 	20.933477
1.167 	20.985742
1.168 	21.237794
1.169 	21.269865
1.170 	21.109183
1.171 	20.891106
1.172 	20.570423
1.173 	20.091809
1.174 	19.816796
1.175 	20.225027
1.176 	20.954310
1.177 	21.326060
1.178 	21.004783
1.179 	20.620049
1.180 	20.869229
1.181 	21.453414
1.182 	21.670862
1.183 	21.336897
1.184 	21.248616
1.185 	21.597217
1.186 	21.623261
1.187 	21.265656
1.188 	20.840659
1.189 	20.373217
1.190 	20.208600
1.191 	20.501146
1.192 	20.694902
1.193 	20.836950
1.194 	21.169358
1.195 	21.373233
1.196 	21.182570
1.197 	20.778093
1.198 	20.336003
1.199 	20.083788
1.200 	20.161279
1.201 	20.600132
1.202 	21.264202
1.203 	21.907458
1.204 	22.047519
1.205 	21.926111
1.206 	21.889404
1.207 	21.661540
1.208 	21.532394
1.209 	22.185503
1.210 	22.864848
1.211 	22.530079
1.212 	21.190846
1.213 	20.101511
1.214 	19.852316
1.215 	19.970665
1.216 	20.303267
1.217 	21.254814
1.218 	22.208404
1.219 	22.513487
1.220 	22.192405
1.221 	21.756411
1.222 	21.558473
1.223 	21.475618
1.224 	21.177011
1.225 	20.902161
1.226 	21.072394
1.227 	21.585861
1.228 	21.747037
1.229 	21.648019
1.230 	22.040285
1.231 	22.448719
1.232 	22.240314
1.233 	21.971233
1.234 	22.155637
1.235 	22.420099
1.236 	22.237303
1.237 	21.546151
1.238 	21.175625
1.239 	21.872901
1.240 	22.715263
1.241 	22.589647
1.242 	21.594548
1.243 	20.809627
1.244 	20.729436
1.245 	21.247309
1.246 	21.691356
1.247 	21.761049
1.248 	21.738075
1.249 	21.735863
1.250 	21.569859
1.251 	21.371957
1.252 	21.186654
1.253 	20.713040
1.254 	20.214105
1.255 	20.443130
1.256 	21.267377
1.257 	21.459962
1.258 	21.289747
1.259 	21.972264
1.260 	22.936197
1.261 	22.999764
1.262 	21.806061
1.263 	20.617719
1.264 	20.612603
1.265 	21.174724
1.266 	21.075429
1.267 	20.564000
1.268 	20.711368
1.269 	21.362102
1.270 	21.671999
1.271 	21.440569
1.272 	21.428336
1.273 	22.217874
1.274 	22.455015
1.275 	21.468269
1.276 	20.304279
1.277 	19.793367
1.278 	19.927112
1.279 	20.456996
1.280 	21.061397
1.281 	21.420645
1.282 	21.244710
1.283 	20.862948
1.284 	20.525150
1.285 	20.231821
1.286 	20.342623
1.287 	21.279252
1.288 	21.982245
1.289 	21.955595
1.290 	21.588266
1.291 	20.920742
1.292 	20.309163
1.293 	20.134520
1.294 	19.783150
1.295 	19.348296
1.296 	19.510263
1.297 	19.790107
1.298 	19.696888
1.299 	19.565349
1.300 	19.420314
1.301 	19.194361
1.302 	19.619805
1.303 	20.784307
1.304 	21.427740
1.305 	21.042674
1.306 	20.251031
1.307 	19.341412
1.308 	18.565520
1.309 	18.575286
1.310 	19.238018
1.311 	19.817541
1.312 	20.301783
1.313 	20.243292
1.314 	19.804737
1.315 	19.931461
1.316 	20.032351
1.317 	19.317442
1.318 	18.272440
1.319 	17.526268
1.320 	17.087090
1.321 	17.564312
1.322 	18.794146
1.323 	19.269431
1.324 	18.137684
1.325 	16.927941
1.326 	16.807791
1.327 	17.192243
1.328 	17.542334
1.329 	18.126400
1.330 	18.335846
1.331 	17.510279
1.332 	16.359538
1.333 	15.942033
1.334 	16.300075
1.335 	17.115867
1.336 	17.659973
1.337 	17.531735
1.338 	17.110190
1.339 	16.893968
1.340 	17.335806
1.341 	17.768862
1.342 	17.225614
1.343 	16.598521
1.344 	16.836980
1.345 	17.451801
1.346 	17.696796
1.347 	16.954405
1.348 	15.826289
1.349 	15.772088
1.350 	16.326315
1.351 	16.676146
1.352 	16.608159
1.353 	15.948300
1.354 	15.033632
1.355 	14.265805
1.356 	14.175746
1.357 	15.082040
1.358 	16.194866
1.359 	16.133057
1.360 	14.666097
1.361 	13.586217
1.362 	14.707127
1.363 	16.046472
1.364 	15.842365
1.365 	14.847350
1.366 	13.835480
1.367 	12.806491
1.368 	12.244665
1.369 	12.317244
1.370 	13.139709
1.371 	14.120848
1.372 	14.036301
1.373 	13.186997
1.374 	12.864607
1.375 	13.092331
1.376 	13.011933
1.377 	12.605692
1.378 	12.423262
1.379 	12.379434
1.380 	11.808542
1.381 	11.108445
1.382 	10.757817
1.383 	10.802117
1.384 	11.259532
1.385 	11.788285
1.386 	12.346536
1.387 	12.850781
1.388 	12.255231
1.389 	11.075889
1.390 	10.744897
1.391 	11.253166
1.392 	11.404151
1.393 	10.255023
1.394 	8.783683
1.395 	8.602716
1.396 	9.581362
1.397 	10.375669
1.398 	10.671602
1.399 	10.824963
1.400 	11.140947
1.401 	12.023640
1.402 	12.708533
1.403 	11.977629
1.404 	10.527331
1.405 	9.460211
1.406 	9.125944
1.407 	9.252314
1.408 	9.858450
1.409 	10.625846
1.410 	11.402021
1.411 	11.723293
1.412 	11.284796
1.413 	10.603686
1.414 	9.972454
1.415 	9.227605
1.416 	9.079967
1.417 	10.091240
1.418 	10.713891
1.419 	10.092231
1.420 	9.715172
1.421 	10.109324
1.422 	10.634328
1.423 	10.942604
1.424 	11.440028
1.425 	12.257940
1.426 	12.262449
1.427 	10.933213
1.428 	10.118462
1.429 	10.510867
1.430 	10.769213
1.431 	10.098995
1.432 	9.254550
1.433 	8.935496
1.434 	9.198550
1.435 	9.576845
1.436 	9.632169
1.437 	9.214382
1.438 	8.645523
1.439 	8.517628
1.440 	9.064484
1.441 	9.996568
1.442 	10.468819
1.443 	10.110468
1.444 	9.794015
1.445 	10.100982
1.446 	10.408539
1.447 	10.023327
1.448 	9.424268
1.449 	9.459951
1.450 	10.394490
1.451 	11.456142
1.452 	11.791606
1.453 	11.065543
1.454 	9.085102
1.455 	7.864895
1.456 	8.997129
1.457 	11.018499
1.458 	11.908039
1.459 	10.847565
1.460 	9.591514
1.461 	9.893662
1.462 	10.944773
1.463 	11.543064
1.464 	11.021274
1.465 	10.225319
1.466 	10.703810
1.467 	11.739927
1.468 	11.628923
1.469 	11.064512
1.470 	11.477357
1.471 	11.536900
1.472 	10.780995
1.473 	10.561774
1.474 	10.601433
1.475 	10.326059
1.476 	9.972196
1.477 	9.147197
1.478 	8.885616
1.479 	9.767799
1.480 	9.770716
1.481 	9.603753
1.482 	11.243004
1.483 	12.557043
1.484 	11.616782
1.485 	10.550039
1.486 	11.148633
1.487 	11.951158
1.488 	12.068492
1.489 	12.146018
1.490 	11.504810
1.491 	9.912797
1.492 	9.604800
1.493 	11.338987
1.494 	12.622840
1.495 	12.346634
1.496 	11.392049
1.497 	10.970879
1.498 	11.461647
1.499 	12.141722
1.500 	11.854809
1.501 	11.263034
1.502 	11.481651
1.503 	11.351852
1.504 	9.582106
1.505 	8.059174
1.506 	8.388522
1.507 	9.104557
1.508 	9.413638
1.509 	10.337786
1.510 	11.769749
1.511 	11.776264
1.512 	10.454231
1.513 	9.931431
1.514 	10.816547
1.515 	11.540748
1.516 	11.174383
1.517 	10.022735
1.518 	10.632129
1.519 	12.397851
1.520 	12.938913
1.521 	13.017634
1.522 	11.858735
1.523 	10.952901
1.524 	12.007198
1.525 	12.329278
1.526 	11.040239
1.527 	10.066031
1.528 	10.237626
1.529 	11.276986
1.530 	13.515685
1.531 	15.237417
1.532 	14.463396
1.533 	12.622298
1.534 	11.808221
1.535 	12.787888
1.536 	14.115923
1.537 	14.835647
1.538 	14.516340
1.539 	13.811632
1.540 	12.744119
1.541 	11.097954
1.542 	10.704652
1.543 	11.846905
1.544 	11.661343
1.545 	9.816086
1.546 	10.267590
1.547 	12.459965
1.548 	13.400863
1.549 	12.954790
1.550 	12.096228
1.551 	12.151856
1.552 	13.421685
1.553 	14.865007
1.554 	13.623319
1.555 	11.463378
1.556 	10.099197
1.557 	10.075900
1.558 	12.176770
1.559 	13.809877
1.560 	13.292331
1.561 	11.563190
1.562 	10.576772
1.563 	11.308787
1.564 	12.312329
1.565 	12.666740
1.566 	13.307893
1.567 	15.224541
1.568 	14.804673
1.569 	12.759626
1.570 	12.591382
1.571 	14.022352
1.572 	14.543330
1.573 	13.645582
1.574 	12.932630
1.575 	13.109305
1.576 	13.439273
1.577 	13.448556
1.578 	12.749328
1.579 	11.901618
1.580 	13.212140
1.581 	15.065296
1.582 	15.227327
1.583 	12.899669
1.584 	11.305559
1.585 	13.845586
1.586 	17.433457
1.587 	15.135186
1.588 	10.762018
1.589 	10.282199
1.590 	12.662167
1.591 	14.119512
1.592 	15.023759
1.593 	15.612232
1.594 	15.347340
1.595 	13.549750
1.596 	12.588844
1.597 	12.919553
1.598 	13.495455
1.599 	13.768802
1.600 	12.577138
1.601 	11.142581
1.602 	12.832363
1.603 	14.583286
1.604 	15.341966
1.605 	16.811713
1.606 	16.958688
1.607 	15.371096
1.608 	13.039632
1.609 	12.300101
1.610 	11.932400
1.611 	11.882983
1.612 	13.689212
1.613 	15.580862
1.614 	14.657174
1.615 	15.033459
1.616 	16.059148
1.617 	14.371789
1.618 	13.695784
1.619 	12.815768
1.620 	8.955653
1.621 	8.276487
1.622 	12.992441
1.623 	16.387435
1.624 	15.385962
1.625 	16.274127
1.626 	17.469227
1.627 	16.130686
1.628 	15.097598
1.629 	14.563849
1.630 	14.077882
1.631 	11.988896
1.632 	10.291479
1.633 	11.644438
1.634 	14.264666
1.635 	17.116141
1.636 	17.260393
1.637 	14.736152
1.638 	12.894424
1.639 	12.459936
1.640 	14.705140
1.641 	14.361164
1.642 	14.374050
1.643 	13.544467
1.644 	13.049952
1.645 	13.529395
1.646 	15.476600
1.647 	15.066849
1.648 	14.047794
1.649 	15.071375
1.650 	15.788946
1.651 	14.489692
1.652 	11.951004
1.653 	12.757025
1.654 	16.093212
1.655 	15.996402
1.656 	16.388761
1.657 	14.970269
1.658 	14.250643
1.659 	18.402724
1.660 	10.566410
1.661 	12.366110
1.662 	13.977109
1.663 	12.121826
1.664 	15.280332
1.665 	13.215680
1.666 	13.274317
1.667 	17.359449
1.668 	13.838796
1.669 	11.223920
1.670 	15.846807
1.671 	15.328374
1.672 	12.612338
1.673 	12.452284
1.674 	8.207982
1.675 	7.974786
1.676 	12.050511
1.677 	17.893849
1.678 	19.893206
1.679 	15.595240
1.680 	16.720433
1.681 	13.560003
1.682 	11.795216
1.683 	14.183052
1.684 	6.257380
1.685 	21.429606
1.686 	27.779390
1.687 	24.039453
1.688 	16.150850
1.689 	20.217493
1.690 	24.257244
1.691 	24.496837
1.692 	16.655850
1.693 	13.404616
1.694 	14.846452
1.695 	2.268407
1.696 	5.666822
1.697 	-2.034303
1.698 	2.020860
1.699 	27.989150
1.700 	28.581949
