0.660 	29.205500
0.661 	29.038972
0.662 	34.717251
0.663 	33.304984
0.664 	34.591394
0.665 	34.074613
0.666 	30.232979
0.667 	30.671990
0.668 	30.269523
0.669 	32.413204
0.670 	28.386195
0.671 	29.741687
0.672 	34.941533
0.673 	34.268038
0.674 	31.788074
0.675 	33.458260
0.676 	32.958715
0.677 	30.562640
0.678 	33.205947
0.679 	32.677021
0.680 	32.488991
0.681 	31.156677
0.682 	32.091249
0.683 	32.912332
0.684 	33.916715
0.685 	32.220826
0.686 	29.073931
0.687 	29.977261
0.688 	30.615948
0.689 	31.440549
0.690 	31.701464
0.691 	31.933771
0.692 	33.211698
0.693 	31.209456
0.694 	29.540286
0.695 	31.302323
0.696 	32.834206
0.697 	32.075974
0.698 	30.464381
0.699 	29.842261
0.700 	31.794781
0.701 	33.525328
0.702 	32.618861
0.703 	31.098231
0.704 	32.199722
0.705 	32.952612
0.706 	30.262774
0.707 	30.229514
0.708 	30.864303
0.709 	29.792226
0.710 	30.729528
0.711 	32.006619
0.712 	31.226807
0.713 	30.688322
0.714 	30.429591
0.715 	31.088241
0.716 	31.947910
0.717 	31.424565
0.718 	29.842981
0.719 	30.852530
0.720 	32.057467
0.721 	31.245462
0.722 	29.960477
0.723 	29.815400
0.724 	31.987935
0.725 	32.589521
0.726 	31.501156
0.727 	30.831981
0.728 	31.221281
0.729 	30.632650
0.730 	29.922990
0.731 	30.910353
0.732 	30.572287
0.733 	30.492595
0.734 	33.100077
0.735 	33.227049
0.736 	31.010295
0.737 	30.315845
0.738 	29.856616
0.739 	30.011014
0.740 	30.401984
0.741 	30.856674
0.742 	32.201651
0.743 	31.848709
0.744 	29.716035
0.745 	28.770351
0.746 	29.506634
0.747 	30.276922
0.748 	31.790562
0.749 	32.820689
0.750 	32.171863
0.751 	30.442361
0.752 	29.510569
0.753 	29.823084
0.754 	30.737435
0.755 	30.582116
0.756 	29.256018
0.757 	28.856266
0.758 	29.174670
0.759 	29.384679
0.760 	29.844805
0.761 	30.220026
0.762 	29.840790
0.763 	30.244588
0.764 	31.068863
0.765 	29.989287
0.766 	29.038596
0.767 	29.590555
0.768 	30.128410
0.769 	29.866548
0.770 	29.282100
0.771 	30.093533
0.772 	30.295963
0.773 	29.037927
0.774 	29.661689
0.775 	30.238927
0.776 	29.318319
0.777 	28.911109
0.778 	29.342576
0.779 	29.523752
0.780 	29.439146
0.781 	29.119105
0.782 	29.330534
0.783 	30.753423
0.784 	31.361471
0.785 	30.579863
0.786 	29.267582
0.787 	28.262175
0.788 	28.212571
0.789 	28.880769
0.790 	29.927181
0.791 	30.434061
0.792 	29.906534
0.793 	29.932463
0.794 	29.649539
0.795 	28.861941
0.796 	29.069304
0.797 	29.169538
0.798 	28.906868
0.799 	29.468506
0.800 	30.337158
0.801 	30.640204
0.802 	30.300007
0.803 	29.504465
0.804 	28.360555
0.805 	27.343126
0.806 	27.663332
0.807 	29.052843
0.808 	29.791500
0.809 	29.409920
0.810 	28.736755
0.811 	29.145540
0.812 	29.840535
0.813 	29.234471
0.814 	28.173216
0.815 	28.234903
0.816 	29.076280
0.817 	29.544619
0.818 	29.873737
0.819 	30.063993
0.820 	29.363773
0.821 	28.560091
0.822 	28.652914
0.823 	29.476975
0.824 	30.120546
0.825 	29.557222
0.826 	29.208227
0.827 	29.652836
0.828 	29.250514
0.829 	28.476362
0.830 	28.360885
0.831 	28.318285
0.832 	28.294743
0.833 	28.527660
0.834 	28.680174
0.835 	29.009444
0.836 	29.245353
0.837 	28.917365
0.838 	28.208163
0.839 	27.445655
0.840 	27.387144
0.841 	28.126600
0.842 	28.251499
0.843 	28.069404
0.844 	28.391134
0.845 	28.754903
0.846 	28.951920
0.847 	29.074580
0.848 	29.034985
0.849 	28.795029
0.850 	28.490909
0.851 	27.966330
0.852 	27.753410
0.853 	28.240920
0.854 	29.027367
0.855 	29.150860
0.856 	28.304911
0.857 	27.613927
0.858 	27.660416
0.859 	28.201607
0.860 	28.582789
0.861 	27.981454
0.862 	27.400947
0.863 	28.066369
0.864 	28.619946
0.865 	28.506344
0.866 	28.353259
0.867 	28.388430
0.868 	28.460756
0.869 	28.021188
0.870 	26.911184
0.871 	26.431639
0.872 	27.100910
0.873 	27.714665
0.874 	27.513220
0.875 	27.117488
0.876 	27.305434
0.877 	27.726487
0.878 	27.756664
0.879 	27.989754
0.880 	28.601078
0.881 	28.517826
0.882 	27.705301
0.883 	27.161143
0.884 	26.853753
0.885 	26.521361
0.886 	26.957735
0.887 	28.178449
0.888 	29.215597
0.889 	29.608230
0.890 	29.061892
0.891 	28.134028
0.892 	27.601804
0.893 	27.244031
0.894 	26.827448
0.895 	26.903106
0.896 	27.567580
0.897 	27.957406
0.898 	27.656399
0.899 	27.169119
0.900 	27.092977
0.901 	27.734836
0.902 	28.316947
0.903 	27.989770
0.904 	26.825988
0.905 	25.472643
0.906 	24.668791
0.907 	25.021503
0.908 	26.072456
0.909 	26.820451
0.910 	27.343562
0.911 	27.885861
0.912 	27.978889
0.913 	27.376661
0.914 	26.618495
0.915 	26.390479
0.916 	26.914650
0.917 	27.951827
0.918 	28.255649
0.919 	27.444126
0.920 	26.288183
0.921 	26.139731
0.922 	27.006875
0.923 	27.481119
0.924 	27.138177
0.925 	26.351209
0.926 	25.574119
0.927 	25.006694
0.928 	24.759337
0.929 	25.194267
0.930 	25.813022
0.931 	25.932523
0.932 	25.413016
0.933 	24.909311
0.934 	25.057218
0.935 	25.337488
0.936 	25.201797
0.937 	24.846580
0.938 	24.898606
0.939 	25.428832
0.940 	26.206238
0.941 	26.072871
0.942 	25.340944
0.943 	24.851290
0.944 	24.827211
0.945 	24.902264
0.946 	25.000077
0.947 	24.971430
0.948 	24.351608
0.949 	23.770981
0.950 	23.377060
0.951 	23.790166
0.952 	24.481843
0.953 	24.623983
0.954 	24.812203
0.955 	24.511251
0.956 	24.308156
0.957 	25.023037
0.958 	25.207401
0.959 	24.640546
0.960 	23.960876
0.961 	23.924155
0.962 	24.440487
0.963 	24.789811
0.964 	25.010112
0.965 	24.655161
0.966 	24.013639
0.967 	23.315325
0.968 	22.790604
0.969 	23.538508
0.970 	24.986856
0.971 	25.124439
0.972 	24.462537
0.973 	23.887503
0.974 	23.681226
0.975 	23.988843
0.976 	23.959594
0.977 	23.352612
0.978 	23.431496
0.979 	23.739174
0.980 	24.338697
0.981 	25.553797
0.982 	25.199762
0.983 	23.675893
0.984 	23.024205
0.985 	23.703002
0.986 	24.588198
0.987 	24.707992
0.988 	24.503352
0.989 	24.650103
0.990 	24.709382
0.991 	24.457622
0.992 	23.917841
0.993 	22.460320
0.994 	21.825437
0.995 	23.199214
0.996 	24.146356
0.997 	24.185131
0.998 	23.659673
0.999 	23.670533
1.000 	24.052157
1.001 	24.345780
1.002 	24.526489
1.003 	24.105054
1.004 	23.298078
1.005 	23.594050
1.006 	23.733643
1.007 	23.194367
1.008 	22.989503
1.009 	23.287071
1.010 	23.563595
1.011 	24.552105
1.012 	25.462630
1.013 	25.161396
1.014 	24.264455
1.015 	23.729875
1.016 	23.265563
1.017 	22.658873
1.018 	22.721466
1.019 	23.729612
1.020 	24.501639
1.021 	24.004397
1.022 	22.922310
1.023 	22.775664
1.024 	23.750670
1.025 	24.273044
1.026 	24.458089
1.027 	24.524279
1.028 	24.128891
1.029 	23.758535
1.030 	23.773394
1.031 	24.683586
1.032 	25.545861
1.033 	25.427430
1.034 	24.957305
1.035 	24.534571
1.036 	24.204227
1.037 	23.688196
1.038 	23.259372
1.039 	23.698880
1.040 	24.328579
1.041 	24.611495
1.042 	24.645188
1.043 	24.275329
1.044 	23.700150
1.045 	23.463044
1.046 	23.709441
1.047 	24.588133
1.048 	25.192219
1.049 	24.729031
1.050 	24.288813
1.051 	24.544060
1.052 	24.458936
1.053 	23.611941
1.054 	23.122999
1.055 	23.558609
1.056 	23.917266
1.057 	23.824871
1.058 	24.019635
1.059 	24.239200
1.060 	24.161323
1.061 	23.966474
1.062 	23.439436
1.063 	22.539336
1.064 	22.568427
1.065 	23.678326
1.066 	24.617944
1.067 	24.898719
1.068 	24.782816
1.069 	24.553697
1.070 	24.558756
1.071 	24.453170
1.072 	24.213184
1.073 	24.183446
1.074 	24.422798
1.075 	24.626819
1.076 	24.510481
1.077 	24.491802
1.078 	24.395959
1.079 	23.672040
1.080 	23.016427
1.081 	23.420650
1.082 	24.188311
1.083 	23.858123
1.084 	22.807031
1.085 	22.404071
1.086 	22.580055
1.087 	23.103032
1.088 	23.610340
1.089 	23.702991
1.090 	24.028696
1.091 	24.805091
1.092 	24.521924
1.093 	22.957134
1.094 	21.953513
1.095 	21.974333
1.096 	22.346234
1.097 	22.915848
1.098 	23.048254
1.099 	22.646293
1.100 	22.949120
1.101 	24.022146
1.102 	24.707068
1.103 	24.627774
1.104 	23.969860
1.105 	23.253657
1.106 	22.927475
1.107 	22.673156
1.108 	22.416950
1.109 	22.469519
1.110 	22.883246
1.111 	23.285884
1.112 	23.101877
1.113 	22.501002
1.114 	22.504451
1.115 	22.939252
1.116 	22.360737
1.117 	21.422979
1.118 	21.348266
1.119 	21.741859
1.120 	21.871408
1.121 	21.643322
1.122 	21.522673
1.123 	21.531870
1.124 	21.062537
1.125 	20.613816
1.126 	20.966808
1.127 	21.480163
1.128 	21.531011
1.129 	21.145670
1.130 	20.358726
1.131 	19.909217
1.132 	20.402119
1.133 	20.896411
1.134 	20.443684
1.135 	19.728229
1.136 	19.548120
1.137 	19.838470
1.138 	19.961046
1.139 	19.703535
1.140 	19.655757
1.141 	19.874815
1.142 	19.746868
1.143 	19.494106
1.144 	19.700855
1.145 	20.333854
1.146 	20.881780
1.147 	20.822140
1.148 	20.020776
1.149 	19.111775
1.150 	18.644759
1.151 	18.861223
1.152 	19.526112
1.153 	19.634495
1.154 	19.446065
1.155 	19.830552
1.156 	19.911784
1.157 	19.116937
1.158 	18.271516
1.159 	17.985584
1.160 	18.426260
1.161 	19.036427
1.162 	19.309831
1.163 	19.370818
1.164 	19.268814
1.165 	19.121136
1.166 	19.253071
1.167 	19.429527
1.168 	19.569581
1.169 	19.941614
1.170 	20.248303
1.171 	19.931787
1.172 	19.290877
1.173 	18.903307
1.174 	18.878517
1.175 	18.998612
1.176 	19.195126
1.177 	19.223224
1.178 	18.603336
1.179 	17.934230
1.180 	18.015857
1.181 	18.688300
1.182 	19.392792
1.183 	19.597342
1.184 	19.493650
1.185 	19.316318
1.186 	19.082915
1.187 	19.006001
1.188 	19.266134
1.189 	19.422843
1.190 	19.316173
1.191 	19.190570
1.192 	19.160004
1.193 	19.250693
1.194 	19.367498
1.195 	19.318710
1.196 	18.818232
1.197 	18.172795
1.198 	18.151666
1.199 	18.783721
1.200 	19.211682
1.201 	19.189163
1.202 	19.460286
1.203 	19.932874
1.204 	19.739563
1.205 	19.248907
1.206 	19.275421
1.207 	19.588844
1.208 	19.872873
1.209 	20.269709
1.210 	20.370943
1.211 	20.083511
1.212 	19.600538
1.213 	18.885733
1.214 	18.315293
1.215 	18.233608
1.216 	18.752827
1.217 	19.936804
1.218 	20.614484
1.219 	20.097916
1.220 	19.002005
1.221 	18.492800
1.222 	18.814639
1.223 	19.502101
1.224 	20.250915
1.225 	20.601738
1.226 	20.438824
1.227 	20.369787
1.228 	20.398308
1.229 	20.440784
1.230 	20.491012
1.231 	19.844567
1.232 	18.737526
1.233 	18.372678
1.234 	19.179736
1.235 	20.002944
1.236 	20.172282
1.237 	19.940905
1.238 	20.041612
1.239 	20.557507
1.240 	20.710234
1.241 	20.132513
1.242 	19.181735
1.243 	18.854626
1.244 	19.472341
1.245 	20.063057
1.246 	20.022776
1.247 	20.069731
1.248 	20.760272
1.249 	21.152303
1.250 	20.526359
1.251 	19.338426
1.252 	18.382064
1.253 	18.168524
1.254 	18.806974
1.255 	20.020336
1.256 	20.996724
1.257 	21.475538
1.258 	21.984653
1.259 	22.461316
1.260 	21.926162
1.261 	20.173404
1.262 	18.241146
1.263 	17.312052
1.264 	17.871781
1.265 	18.937646
1.266 	19.548352
1.267 	19.727894
1.268 	19.819925
1.269 	19.919136
1.270 	19.838118
1.271 	19.635349
1.272 	19.668929
1.273 	19.839622
1.274 	19.940113
1.275 	20.083576
1.276 	19.781042
1.277 	18.899678
1.278 	18.306366
1.279 	18.427542
1.280 	18.622757
1.281 	18.734261
1.282 	18.878497
1.283 	19.028501
1.284 	19.057800
1.285 	18.897203
1.286 	18.757707
1.287 	19.006333
1.288 	19.412542
1.289 	19.909198
1.290 	20.532330
1.291 	20.596842
1.292 	20.002461
1.293 	19.394314
1.294 	18.723264
1.295 	18.002705
1.296 	17.595018
1.297 	17.299641
1.298 	17.367081
1.299 	17.776935
1.300 	17.858417
1.301 	17.542224
1.302 	17.579266
1.303 	18.471296
1.304 	19.152681
1.305 	18.454594
1.306 	17.488876
1.307 	17.548472
1.308 	17.955629
1.309 	18.548566
1.310 	18.809502
1.311 	18.018420
1.312 	16.433667
1.313 	15.424183
1.314 	15.909032
1.315 	17.290858
1.316 	17.727746
1.317 	16.701101
1.318 	15.708307
1.319 	15.833958
1.320 	16.310277
1.321 	16.576693
1.322 	16.636813
1.323 	16.459629
1.324 	16.412068
1.325 	16.740940
1.326 	17.571785
1.327 	18.228543
1.328 	17.820272
1.329 	16.764238
1.330 	15.885269
1.331 	15.198159
1.332 	15.332329
1.333 	16.483731
1.334 	17.931730
1.335 	18.595786
1.336 	18.125049
1.337 	16.730957
1.338 	15.299354
1.339 	14.373141
1.340 	14.631502
1.341 	15.849399
1.342 	16.729592
1.343 	16.605241
1.344 	15.910534
1.345 	15.247603
1.346 	15.032741
1.347 	14.610771
1.348 	14.150584
1.349 	14.252539
1.350 	14.704287
1.351 	15.235867
1.352 	15.197337
1.353 	14.804948
1.354 	14.779759
1.355 	14.255917
1.356 	13.051812
1.357 	12.546339
1.358 	12.986686
1.359 	13.242795
1.360 	12.670560
1.361 	12.128572
1.362 	12.611563
1.363 	13.211385
1.364 	13.255942
1.365 	13.242515
1.366 	13.333991
1.367 	12.991266
1.368 	12.347831
1.369 	11.763264
1.370 	11.527828
1.371 	11.545073
1.372 	11.230915
1.373 	10.426046
1.374 	9.678822
1.375 	9.365091
1.376 	9.299833
1.377 	9.329364
1.378 	9.432674
1.379 	9.515027
1.380 	9.531998
1.381 	9.559734
1.382 	9.305186
1.383 	8.633416
1.384 	8.475400
1.385 	9.105933
1.386 	9.510448
1.387 	9.024866
1.388 	8.027651
1.389 	7.515339
1.390 	8.052689
1.391 	8.768168
1.392 	8.537496
1.393 	7.727057
1.394 	7.370719
1.395 	7.368040
1.396 	6.897255
1.397 	6.017572
1.398 	5.575004
1.399 	5.749695
1.400 	6.093929
1.401 	6.440679
1.402 	6.759075
1.403 	6.624206
1.404 	6.233154
1.405 	5.967235
1.406 	6.158818
1.407 	6.712349
1.408 	7.032833
1.409 	6.855828
1.410 	6.793923
1.411 	6.840266
1.412 	6.510754
1.413 	6.457676
1.414 	6.161221
1.415 	4.450547
1.416 	3.478173
1.417 	5.017497
1.418 	6.621300
1.419 	6.409734
1.420 	5.725003
1.421 	5.766116
1.422 	6.462892
1.423 	6.762437
1.424 	5.899263
1.425 	5.319538
1.426 	5.931103
1.427 	6.932194
1.428 	8.246008
1.429 	8.931259
1.430 	7.715110
1.431 	5.716595
1.432 	4.741798
1.433 	4.792945
1.434 	5.339035
1.435 	5.603532
1.436 	5.380922
1.437 	5.682063
1.438 	6.633589
1.439 	7.323031
1.440 	7.219141
1.441 	6.112581
1.442 	5.090195
1.443 	4.758236
1.444 	4.716220
1.445 	4.826416
1.446 	4.792694
1.447 	5.511936
1.448 	6.916245
1.449 	7.102794
1.450 	6.096129
1.451 	6.230039
1.452 	7.413989
1.453 	7.278213
1.454 	5.905325
1.455 	5.426125
1.456 	6.299949
1.457 	7.785232
1.458 	9.214242
1.459 	9.086568
1.460 	7.625594
1.461 	6.797716
1.462 	6.966721
1.463 	6.912793
1.464 	5.884596
1.465 	4.972981
1.466 	5.913153
1.467 	8.219618
1.468 	9.563528
1.469 	8.833546
1.470 	7.758040
1.471 	7.422224
1.472 	6.499067
1.473 	5.362362
1.474 	5.749945
1.475 	7.441763
1.476 	8.536893
1.477 	7.321652
1.478 	5.800184
1.479 	6.407319
1.480 	7.326281
1.481 	6.929804
1.482 	7.136753
1.483 	7.970438
1.484 	8.047537
1.485 	7.794521
1.486 	7.843289
1.487 	8.192584
1.488 	7.842762
1.489 	6.790447
1.490 	5.916893
1.491 	5.254908
1.492 	5.826553
1.493 	7.967109
1.494 	9.344716
1.495 	9.104490
1.496 	8.691969
1.497 	9.081858
1.498 	9.729949
1.499 	9.225145
1.500 	7.708496
1.501 	7.371032
1.502 	8.293499
1.503 	8.451085
1.504 	7.665133
1.505 	7.133599
1.506 	7.406317
1.507 	7.516582
1.508 	6.884708
1.509 	6.260305
1.510 	6.922494
1.511 	8.541069
1.512 	8.973615
1.513 	8.817312
1.514 	9.483112
1.515 	10.109624
1.516 	9.615890
1.517 	8.673527
1.518 	8.828926
1.519 	9.324744
1.520 	9.412957
1.521 	9.411229
1.522 	9.264152
1.523 	9.683596
1.524 	10.508537
1.525 	10.422419
1.526 	9.723324
1.527 	8.395298
1.528 	7.781181
1.529 	8.610957
1.530 	10.257728
1.531 	10.884678
1.532 	9.147849
1.533 	6.896769
1.534 	7.313224
1.535 	10.686821
1.536 	12.446519
1.537 	12.260485
1.538 	11.914056
1.539 	11.563776
1.540 	10.600548
1.541 	9.641682
1.542 	9.368788
1.543 	10.036359
1.544 	11.078555
1.545 	11.114350
1.546 	10.324808
1.547 	9.922680
1.548 	10.924523
1.549 	11.714624
1.550 	11.794168
1.551 	12.362490
1.552 	11.785405
1.553 	11.308306
1.554 	10.375520
1.555 	9.129451
1.556 	9.980965
1.557 	10.887907
1.558 	10.348011
1.559 	10.614896
1.560 	11.810751
1.561 	10.753938
1.562 	10.337721
1.563 	11.752934
1.564 	11.589751
1.565 	10.798313
1.566 	10.249936
1.567 	11.257788
1.568 	12.070644
1.569 	11.080163
1.570 	10.879128
1.571 	11.587594
1.572 	11.641149
1.573 	11.492165
1.574 	11.264261
1.575 	10.462510
1.576 	10.007732
1.577 	10.756087
1.578 	11.272213
1.579 	10.842671
1.580 	11.752492
1.581 	13.905993
1.582 	12.964420
1.583 	10.184226
1.584 	10.073686
1.585 	11.845526
1.586 	13.819796
1.587 	13.358156
1.588 	11.937513
1.589 	12.899084
1.590 	13.613725
1.591 	11.438875
1.592 	10.805000
1.593 	11.527010
1.594 	13.065940
1.595 	13.981625
1.596 	12.744950
1.597 	10.276148
1.598 	9.192007
1.599 	10.213197
1.600 	9.836658
1.601 	9.313415
1.602 	12.135459
1.603 	14.493527
1.604 	13.953649
1.605 	14.382134
1.606 	14.202487
1.607 	13.160450
1.608 	12.572013
1.609 	11.523098
1.610 	10.541648
1.611 	12.508968
1.612 	13.106841
1.613 	12.415497
1.614 	13.199925
1.615 	14.493582
1.616 	14.638165
1.617 	12.369330
1.618 	9.535731
1.619 	9.504176
1.620 	9.153630
1.621 	10.002050
1.622 	14.329620
1.623 	15.527710
1.624 	12.979093
1.625 	14.385859
1.626 	14.816003
1.627 	12.564555
1.628 	11.751206
1.629 	10.082625
1.630 	11.917385
1.631 	14.481164
1.632 	12.537669
1.633 	8.905569
1.634 	9.832311
1.635 	12.819553
1.636 	13.645690
1.637 	13.362953
1.638 	13.301899
1.639 	13.898265
1.640 	16.189329
1.641 	14.183101
1.642 	12.890524
1.643 	14.413702
1.644 	12.615696
1.645 	10.486668
1.646 	10.865359
1.647 	12.519185
1.648 	12.989899
1.649 	12.538280
1.650 	13.137898
1.651 	16.468851
1.652 	15.493011
1.653 	13.716020
1.654 	12.475182
1.655 	12.301086
1.656 	16.393179
1.657 	15.251960
1.658 	10.387502
1.659 	13.620740
1.660 	12.697526
1.661 	10.875785
1.662 	12.129181
1.663 	12.900628
1.664 	12.614352
1.665 	10.410868
1.666 	16.948471
1.667 	20.514572
1.668 	13.030379
1.669 	9.506124
1.670 	12.220233
1.671 	11.907625
1.672 	6.643486
1.673 	4.730146
1.674 	3.120623
1.675 	8.007394
1.676 	12.074366
1.677 	20.543188
1.678 	26.179277
1.679 	14.880202
1.680 	12.252675
1.681 	4.952436
1.682 	10.413359
1.683 	22.858093
1.684 	7.924072
1.685 	4.288135
1.686 	12.483078
1.687 	18.367558
1.688 	17.223049
1.689 	16.037490
1.690 	13.850645
1.691 	20.276657
1.692 	21.092323
1.693 	20.022786
1.694 	13.294708
1.695 	13.266783
1.696 	20.299095
1.697 	11.816624
1.698 	10.009503
1.699 	17.465356
1.700 	16.371342
