0.660 	47.448481
0.661 	50.377812
0.662 	52.216990
0.663 	50.585918
0.664 	46.836496
0.665 	44.713271
0.666 	46.573074
0.667 	47.522858
0.668 	47.798591
0.669 	49.324888
0.670 	48.182703
0.671 	49.386929
0.672 	50.726085
0.673 	48.501438
0.674 	46.262370
0.675 	45.784936
0.676 	46.641112
0.677 	48.662328
0.678 	49.384923
0.679 	48.524633
0.680 	47.503773
0.681 	46.909579
0.682 	48.889913
0.683 	48.743201
0.684 	46.070459
0.685 	42.641497
0.686 	43.470343
0.687 	48.435431
0.688 	51.293528
0.689 	49.359839
0.690 	47.294407
0.691 	46.447808
0.692 	46.485867
0.693 	47.115611
0.694 	48.912668
0.695 	47.580687
0.696 	45.011952
0.697 	46.394420
0.698 	46.511057
0.699 	45.088389
0.700 	46.144676
0.701 	47.480648
0.702 	48.020891
0.703 	47.150262
0.704 	45.923764
0.705 	45.434501
0.706 	46.236482
0.707 	47.632647
0.708 	47.834697
0.709 	45.859393
0.710 	45.169746
0.711 	46.745322
0.712 	46.602663
0.713 	46.159466
0.714 	46.578534
0.715 	46.355193
0.716 	46.246688
0.717 	46.394524
0.718 	47.783116
0.719 	49.188474
0.720 	48.280106
0.721 	45.693225
0.722 	44.430476
0.723 	45.374428
0.724 	45.859301
0.725 	46.071866
0.726 	46.892719
0.727 	46.469998
0.728 	45.697261
0.729 	45.136937
0.730 	44.537680
0.731 	44.754686
0.732 	45.670356
0.733 	45.377661
0.734 	44.863406
0.735 	45.558022
0.736 	46.229744
0.737 	46.273332
0.738 	46.120102
0.739 	45.775822
0.740 	45.752643
0.741 	45.725338
0.742 	44.886300
0.743 	43.848331
0.744 	44.643598
0.745 	46.670149
0.746 	46.125775
0.747 	44.101598
0.748 	43.835923
0.749 	44.785270
0.750 	45.340727
0.751 	45.107034
0.752 	44.874161
0.753 	45.317438
0.754 	45.715922
0.755 	44.697168
0.756 	43.070717
0.757 	43.356731
0.758 	44.436725
0.759 	44.619322
0.760 	44.479356
0.761 	44.478154
0.762 	44.286791
0.763 	43.991081
0.764 	44.356664
0.765 	45.056805
0.766 	45.371284
0.767 	45.061725
0.768 	44.816174
0.769 	45.029019
0.770 	45.179840
0.771 	44.945996
0.772 	44.361876
0.773 	44.067983
0.774 	44.676352
0.775 	45.489085
0.776 	45.060820
0.777 	43.400356
0.778 	42.519436
0.779 	43.054853
0.780 	43.010672
0.781 	42.544728
0.782 	43.188120
0.783 	44.031506
0.784 	44.215398
0.785 	44.287177
0.786 	44.573229
0.787 	44.762593
0.788 	44.724693
0.789 	44.385516
0.790 	43.731694
0.791 	43.354138
0.792 	43.191074
0.793 	42.858976
0.794 	43.212212
0.795 	43.894987
0.796 	44.224993
0.797 	44.316524
0.798 	43.815530
0.799 	43.558023
0.800 	44.207616
0.801 	44.360736
0.802 	43.052426
0.803 	41.850416
0.804 	41.803874
0.805 	42.343826
0.806 	43.133586
0.807 	43.552097
0.808 	43.450123
0.809 	43.194352
0.810 	42.867852
0.811 	42.662447
0.812 	42.639378
0.813 	42.546151
0.814 	42.727977
0.815 	43.700500
0.816 	44.153091
0.817 	43.177595
0.818 	42.614450
0.819 	43.285570
0.820 	43.948443
0.821 	43.827522
0.822 	43.512795
0.823 	43.550221
0.824 	43.756301
0.825 	43.642092
0.826 	43.172128
0.827 	42.865166
0.828 	42.492179
0.829 	41.964659
0.830 	42.172597
0.831 	43.171953
0.832 	43.983803
0.833 	43.884735
0.834 	42.867392
0.835 	41.869767
0.836 	41.648241
0.837 	41.863847
0.838 	42.223849
0.839 	42.720912
0.840 	42.904244
0.841 	42.593716
0.842 	42.539216
0.843 	42.673548
0.844 	42.225084
0.845 	41.915934
0.846 	42.510048
0.847 	43.312907
0.848 	43.008297
0.849 	41.984473
0.850 	41.771268
0.851 	42.007300
0.852 	41.933394
0.853 	41.722650
0.854 	41.672828
0.855 	41.626865
0.856 	41.857047
0.857 	42.662488
0.858 	42.972093
0.859 	42.603865
0.860 	42.479985
0.861 	42.401095
0.862 	42.162050
0.863 	42.102055
0.864 	41.979779
0.865 	41.642179
0.866 	41.414747
0.867 	41.441477
0.868 	41.765107
0.869 	42.436058
0.870 	42.881614
0.871 	42.590218
0.872 	41.792256
0.873 	41.391709
0.874 	41.542445
0.875 	41.698087
0.876 	41.703972
0.877 	41.787612
0.878 	41.840909
0.879 	41.695833
0.880 	41.577655
0.881 	41.463170
0.882 	41.086040
0.883 	40.789866
0.884 	41.109199
0.885 	41.736547
0.886 	42.022489
0.887 	41.568359
0.888 	41.313008
0.889 	41.442171
0.890 	41.270705
0.891 	40.968899
0.892 	41.090886
0.893 	41.681281
0.894 	41.913038
0.895 	41.298471
0.896 	40.377667
0.897 	40.337480
0.898 	41.013936
0.899 	41.330817
0.900 	41.242815
0.901 	41.061576
0.902 	40.498968
0.903 	39.694137
0.904 	39.298661
0.905 	39.703033
0.906 	40.507618
0.907 	40.754699
0.908 	40.330463
0.909 	39.840853
0.910 	40.011413
0.911 	40.816227
0.912 	41.237415
0.913 	40.574233
0.914 	39.741111
0.915 	39.862075
0.916 	40.732563
0.917 	40.976967
0.918 	40.113520
0.919 	39.316636
0.920 	39.205919
0.921 	39.477092
0.922 	40.133379
0.923 	40.611195
0.924 	40.132095
0.925 	39.069362
0.926 	38.653512
0.927 	38.808268
0.928 	38.951871
0.929 	39.086544
0.930 	39.706626
0.931 	40.548163
0.932 	40.858452
0.933 	40.166170
0.934 	39.260483
0.935 	38.849338
0.936 	39.314923
0.937 	39.800268
0.938 	39.197300
0.939 	38.013771
0.940 	37.484017
0.941 	37.569378
0.942 	38.034289
0.943 	38.294471
0.944 	38.175580
0.945 	38.046665
0.946 	38.019682
0.947 	37.743067
0.948 	37.688803
0.949 	38.091267
0.950 	38.535153
0.951 	39.189427
0.952 	39.515775
0.953 	39.523665
0.954 	39.214225
0.955 	38.730370
0.956 	38.820345
0.957 	39.184960
0.958 	39.238434
0.959 	39.022317
0.960 	38.204471
0.961 	37.802662
0.962 	38.636242
0.963 	39.544549
0.964 	39.836499
0.965 	39.697874
0.966 	39.494489
0.967 	39.212582
0.968 	38.801326
0.969 	38.737284
0.970 	39.030808
0.971 	39.049351
0.972 	38.970307
0.973 	39.037949
0.974 	38.854063
0.975 	38.974257
0.976 	39.001941
0.977 	38.702755
0.978 	39.020209
0.979 	39.838654
0.980 	40.229491
0.981 	40.393575
0.982 	40.399670
0.983 	40.393119
0.984 	40.576362
0.985 	40.123129
0.986 	39.161261
0.987 	38.342230
0.988 	37.923541
0.989 	38.104330
0.990 	38.933595
0.991 	39.697368
0.992 	39.830521
0.993 	39.771917
0.994 	39.818377
0.995 	39.855224
0.996 	40.096499
0.997 	40.354709
0.998 	40.209952
0.999 	39.681245
1.000 	38.921293
1.001 	38.554094
1.002 	39.100391
1.003 	40.043984
1.004 	40.556038
1.005 	40.999568
1.006 	40.740165
1.007 	40.221254
1.008 	40.219117
1.009 	39.891461
1.010 	39.463000
1.011 	39.819496
1.012 	40.181354
1.013 	40.181610
1.014 	40.372955
1.015 	40.331660
1.016 	39.873764
1.017 	39.754906
1.018 	40.341754
1.019 	41.450873
1.020 	41.797195
1.021 	40.577145
1.022 	39.134027
1.023 	38.514707
1.024 	39.077927
1.025 	39.793988
1.026 	39.877091
1.027 	39.744776
1.028 	39.399007
1.029 	39.183792
1.030 	39.451506
1.031 	39.954307
1.032 	40.416076
1.033 	40.804182
1.034 	41.224824
1.035 	41.150308
1.036 	40.382566
1.037 	40.072009
1.038 	40.612461
1.039 	41.009262
1.040 	40.395303
1.041 	39.297881
1.042 	38.964081
1.043 	39.481700
1.044 	40.144891
1.045 	40.578790
1.046 	40.414833
1.047 	39.734170
1.048 	39.499859
1.049 	40.091258
1.050 	40.514768
1.051 	39.985023
1.052 	39.224273
1.053 	39.235434
1.054 	39.976295
1.055 	40.857648
1.056 	41.021344
1.057 	40.442726
1.058 	40.008042
1.059 	39.571384
1.060 	39.078364
1.061 	39.214586
1.062 	39.573076
1.063 	39.571210
1.064 	39.352540
1.065 	39.532637
1.066 	39.892279
1.067 	39.641365
1.068 	39.229905
1.069 	39.550798
1.070 	40.237082
1.071 	40.415926
1.072 	40.293917
1.073 	40.266121
1.074 	39.989883
1.075 	39.523376
1.076 	39.314348
1.077 	39.108605
1.078 	38.646275
1.079 	38.552234
1.080 	39.014223
1.081 	39.249702
1.082 	39.349743
1.083 	40.128317
1.084 	40.891677
1.085 	40.334284
1.086 	39.278247
1.087 	38.811384
1.088 	38.563774
1.089 	38.428106
1.090 	38.689220
1.091 	38.914688
1.092 	38.752470
1.093 	39.040381
1.094 	39.815146
1.095 	39.900848
1.096 	39.177313
1.097 	38.431734
1.098 	38.166502
1.099 	38.629322
1.100 	39.334512
1.101 	39.308633
1.102 	38.550736
1.103 	38.221960
1.104 	38.595106
1.105 	39.055774
1.106 	39.396562
1.107 	39.609705
1.108 	39.320670
1.109 	38.822594
1.110 	38.410694
1.111 	37.926472
1.112 	37.579568
1.113 	37.547438
1.114 	37.385785
1.115 	37.095743
1.116 	37.070820
1.117 	37.063519
1.118 	36.134542
1.119 	35.115747
1.120 	35.173080
1.121 	35.739667
1.122 	35.817925
1.123 	35.288345
1.124 	34.791788
1.125 	34.874632
1.126 	35.513118
1.127 	35.870763
1.128 	35.289312
1.129 	34.174930
1.130 	33.654374
1.131 	34.145117
1.132 	34.594008
1.133 	34.594569
1.134 	34.894794
1.135 	35.291480
1.136 	34.786846
1.137 	33.842072
1.138 	33.579395
1.139 	34.150864
1.140 	34.385512
1.141 	33.789050
1.142 	33.183671
1.143 	33.338151
1.144 	34.108752
1.145 	34.665761
1.146 	34.469345
1.147 	33.845131
1.148 	33.704625
1.149 	34.038092
1.150 	34.111906
1.151 	34.146755
1.152 	34.570269
1.153 	34.815804
1.154 	34.406568
1.155 	33.979043
1.156 	34.226811
1.157 	34.580616
1.158 	34.319983
1.159 	33.634599
1.160 	33.118752
1.161 	32.987595
1.162 	33.121963
1.163 	33.346886
1.164 	33.194399
1.165 	32.682444
1.166 	32.624452
1.167 	33.109784
1.168 	33.232887
1.169 	33.070147
1.170 	33.152422
1.171 	33.248724
1.172 	33.114943
1.173 	32.939784
1.174 	32.812616
1.175 	32.875042
1.176 	33.238297
1.177 	33.634506
1.178 	33.784403
1.179 	33.539735
1.180 	33.349753
1.181 	33.555472
1.182 	33.813190
1.183 	33.867202
1.184 	33.839498
1.185 	33.459342
1.186 	32.812907
1.187 	32.805733
1.188 	33.616298
1.189 	34.218921
1.190 	34.152763
1.191 	33.828704
1.192 	33.659954
1.193 	33.786572
1.194 	34.001105
1.195 	33.715197
1.196 	33.044350
1.197 	33.169729
1.198 	34.333741
1.199 	35.555908
1.200 	35.387706
1.201 	34.010395
1.202 	32.192320
1.203 	31.255337
1.204 	31.836125
1.205 	33.414548
1.206 	34.673617
1.207 	35.108230
1.208 	34.958192
1.209 	34.602590
1.210 	34.219114
1.211 	33.859294
1.212 	33.816180
1.213 	34.017792
1.214 	34.255395
1.215 	34.410153
1.216 	34.513492
1.217 	34.654381
1.218 	34.863942
1.219 	35.032755
1.220 	34.968234
1.221 	34.554878
1.222 	33.857365
1.223 	33.426118
1.224 	33.765574
1.225 	34.247724
1.226 	34.206988
1.227 	33.922933
1.228 	33.968557
1.229 	34.338432
1.230 	34.657830
1.231 	34.533259
1.232 	34.239818
1.233 	34.196523
1.234 	34.327487
1.235 	34.215176
1.236 	34.199963
1.237 	34.830712
1.238 	35.614811
1.239 	35.696505
1.240 	35.004701
1.241 	34.377414
1.242 	34.456501
1.243 	35.074645
1.244 	35.256263
1.245 	34.712187
1.246 	34.149569
1.247 	34.266900
1.248 	34.529602
1.249 	34.337417
1.250 	33.809369
1.251 	33.732617
1.252 	34.230774
1.253 	34.892032
1.254 	35.234035
1.255 	35.147202
1.256 	34.849500
1.257 	34.403249
1.258 	33.877957
1.259 	33.668287
1.260 	34.004424
1.261 	34.417307
1.262 	34.675652
1.263 	34.743206
1.264 	34.384403
1.265 	33.332971
1.266 	32.224070
1.267 	32.215078
1.268 	33.308124
1.269 	34.563750
1.270 	34.832976
1.271 	34.471627
1.272 	34.308862
1.273 	34.511499
1.274 	34.714288
1.275 	34.783769
1.276 	34.512452
1.277 	34.014433
1.278 	33.571691
1.279 	33.262772
1.280 	33.134775
1.281 	33.129060
1.282 	32.973134
1.283 	32.842316
1.284 	33.108197
1.285 	33.456162
1.286 	33.143317
1.287 	32.205082
1.288 	31.485717
1.289 	32.105751
1.290 	33.154006
1.291 	33.548422
1.292 	33.460660
1.293 	33.513941
1.294 	33.598386
1.295 	33.668853
1.296 	33.490264
1.297 	32.689869
1.298 	31.739576
1.299 	31.789550
1.300 	32.741400
1.301 	33.770122
1.302 	33.939228
1.303 	33.196365
1.304 	32.097380
1.305 	31.442341
1.306 	31.344466
1.307 	31.411918
1.308 	31.467933
1.309 	31.645726
1.310 	31.535068
1.311 	30.590462
1.312 	29.454544
1.313 	29.164528
1.314 	29.833818
1.315 	30.350179
1.316 	30.107447
1.317 	29.886079
1.318 	30.305245
1.319 	30.589104
1.320 	30.389456
1.321 	30.167966
1.322 	30.345716
1.323 	30.550388
1.324 	29.909651
1.325 	28.854070
1.326 	28.382219
1.327 	28.950173
1.328 	29.742264
1.329 	30.094734
1.330 	29.787751
1.331 	28.949992
1.332 	28.305036
1.333 	28.662882
1.334 	29.559127
1.335 	30.230923
1.336 	30.400058
1.337 	29.696098
1.338 	28.540949
1.339 	27.729329
1.340 	27.802194
1.341 	28.320053
1.342 	28.513287
1.343 	28.295242
1.344 	28.436006
1.345 	28.554983
1.346 	28.123661
1.347 	28.078597
1.348 	28.336126
1.349 	27.873653
1.350 	27.048684
1.351 	26.678920
1.352 	26.969029
1.353 	27.077159
1.354 	26.913940
1.355 	27.290586
1.356 	27.721739
1.357 	27.300424
1.358 	26.334260
1.359 	25.613312
1.360 	25.035181
1.361 	24.825450
1.362 	25.577430
1.363 	26.916211
1.364 	27.327513
1.365 	26.740027
1.366 	26.147358
1.367 	25.746311
1.368 	24.751883
1.369 	23.449237
1.370 	23.223942
1.371 	24.097375
1.372 	25.166360
1.373 	25.189846
1.374 	24.358068
1.375 	23.756395
1.376 	24.129494
1.377 	24.721341
1.378 	24.698288
1.379 	23.674892
1.380 	22.692850
1.381 	22.350531
1.382 	22.515197
1.383 	23.129613
1.384 	23.849544
1.385 	23.311223
1.386 	21.575468
1.387 	20.198276
1.388 	20.434208
1.389 	21.733586
1.390 	22.699561
1.391 	22.451083
1.392 	21.498207
1.393 	20.787585
1.394 	21.293054
1.395 	23.340733
1.396 	25.104014
1.397 	24.685970
1.398 	22.849804
1.399 	21.762589
1.400 	21.583392
1.401 	21.867913
1.402 	22.548131
1.403 	22.938065
1.404 	22.724242
1.405 	22.467927
1.406 	21.822680
1.407 	20.035287
1.408 	18.326669
1.409 	17.763038
1.410 	18.357278
1.411 	19.709990
1.412 	21.524762
1.413 	22.761027
1.414 	23.002698
1.415 	23.101446
1.416 	23.206169
1.417 	22.284547
1.418 	20.908790
1.419 	21.006332
1.420 	22.235959
1.421 	22.755448
1.422 	22.375942
1.423 	21.523831
1.424 	20.855934
1.425 	21.055656
1.426 	21.892564
1.427 	22.308908
1.428 	22.082479
1.429 	21.954512
1.430 	21.985882
1.431 	21.696055
1.432 	21.598409
1.433 	22.474888
1.434 	23.375626
1.435 	22.987558
1.436 	21.599807
1.437 	20.620940
1.438 	20.355197
1.439 	20.670480
1.440 	21.220593
1.441 	21.874224
1.442 	22.312494
1.443 	21.846766
1.444 	21.109458
1.445 	21.392082
1.446 	22.368394
1.447 	22.803667
1.448 	22.797627
1.449 	22.129964
1.450 	21.177686
1.451 	21.741081
1.452 	23.187167
1.453 	23.661220
1.454 	22.964493
1.455 	22.400175
1.456 	22.486106
1.457 	22.466816
1.458 	22.107448
1.459 	21.958694
1.460 	21.830542
1.461 	21.894123
1.462 	22.469647
1.463 	22.559141
1.464 	21.500732
1.465 	20.636377
1.466 	21.590049
1.467 	23.479589
1.468 	24.251095
1.469 	23.543992
1.470 	22.134575
1.471 	21.125472
1.472 	21.426122
1.473 	22.280790
1.474 	23.023997
1.475 	23.590244
1.476 	23.742947
1.477 	23.064131
1.478 	22.338819
1.479 	22.911369
1.480 	23.840410
1.481 	23.423189
1.482 	21.952590
1.483 	20.857894
1.484 	20.591234
1.485 	20.798922
1.486 	21.629153
1.487 	22.254869
1.488 	21.717419
1.489 	21.340154
1.490 	22.496325
1.491 	23.423473
1.492 	22.944238
1.493 	22.287587
1.494 	21.991808
1.495 	21.809766
1.496 	22.116247
1.497 	23.036038
1.498 	24.425570
1.499 	25.294342
1.500 	24.400596
1.501 	23.151218
1.502 	23.186622
1.503 	23.790481
1.504 	24.118261
1.505 	23.426808
1.506 	21.716868
1.507 	21.259863
1.508 	22.788448
1.509 	23.964819
1.510 	24.237055
1.511 	24.075915
1.512 	23.572899
1.513 	23.036881
1.514 	23.006547
1.515 	23.411478
1.516 	23.432797
1.517 	23.294131
1.518 	23.102538
1.519 	22.291610
1.520 	21.639580
1.521 	22.214639
1.522 	24.011866
1.523 	24.900030
1.524 	24.076619
1.525 	23.097815
1.526 	22.228847
1.527 	22.180101
1.528 	23.294264
1.529 	24.037558
1.530 	24.081699
1.531 	23.953123
1.532 	23.269830
1.533 	22.446344
1.534 	22.612064
1.535 	23.481738
1.536 	24.502664
1.537 	25.575767
1.538 	25.744567
1.539 	25.149635
1.540 	25.256929
1.541 	25.252652
1.542 	24.051069
1.543 	23.512961
1.544 	24.116781
1.545 	24.450551
1.546 	23.992919
1.547 	23.288082
1.548 	23.379672
1.549 	24.549462
1.550 	25.051526
1.551 	23.417664
1.552 	21.802789
1.553 	22.062077
1.554 	23.280128
1.555 	24.827896
1.556 	26.478954
1.557 	27.876543
1.558 	26.746092
1.559 	23.908112
1.560 	22.677913
1.561 	22.875770
1.562 	22.643781
1.563 	22.999010
1.564 	24.639672
1.565 	25.888820
1.566 	25.096880
1.567 	23.502852
1.568 	23.369733
1.569 	24.770117
1.570 	25.745562
1.571 	24.976545
1.572 	24.073239
1.573 	25.267057
1.574 	26.604489
1.575 	25.708532
1.576 	24.317221
1.577 	24.128940
1.578 	24.516123
1.579 	25.365623
1.580 	27.095278
1.581 	27.669770
1.582 	26.300052
1.583 	25.095558
1.584 	24.370348
1.585 	24.249257
1.586 	25.655650
1.587 	27.825787
1.588 	28.577750
1.589 	27.443844
1.590 	25.301203
1.591 	24.114014
1.592 	25.552489
1.593 	26.395622
1.594 	25.549305
1.595 	23.989564
1.596 	23.782309
1.597 	23.836877
1.598 	23.604243
1.599 	24.468245
1.600 	24.380398
1.601 	22.485322
1.602 	23.294609
1.603 	27.171292
1.604 	29.658615
1.605 	28.606021
1.606 	25.251120
1.607 	21.850640
1.608 	22.749351
1.609 	27.006273
1.610 	28.916461
1.611 	27.253486
1.612 	25.874356
1.613 	26.772685
1.614 	27.681250
1.615 	25.955868
1.616 	23.806160
1.617 	25.401282
1.618 	27.098889
1.619 	27.146767
1.620 	26.570693
1.621 	23.366587
1.622 	22.214856
1.623 	24.909522
1.624 	27.903651
1.625 	28.922307
1.626 	27.037044
1.627 	24.575704
1.628 	25.525471
1.629 	27.093957
1.630 	24.910064
1.631 	25.428592
1.632 	26.992243
1.633 	27.404583
1.634 	25.428737
1.635 	24.033542
1.636 	24.180834
1.637 	25.799722
1.638 	25.874788
1.639 	24.290908
1.640 	23.447838
1.641 	24.679395
1.642 	28.947734
1.643 	30.676102
1.644 	28.311859
1.645 	26.680103
1.646 	25.509987
1.647 	26.762959
1.648 	26.945537
1.649 	26.751556
1.650 	26.684144
1.651 	28.448402
1.652 	27.371015
1.653 	23.756195
1.654 	25.297114
1.655 	29.526830
1.656 	27.287849
1.657 	24.968395
1.658 	23.234565
1.659 	24.003746
1.660 	19.677852
1.661 	19.154811
1.662 	25.276903
1.663 	29.626683
1.664 	26.591197
1.665 	26.615641
1.666 	33.133430
1.667 	34.445232
1.668 	26.061699
1.669 	19.942494
1.670 	26.032143
1.671 	34.691095
1.672 	29.467780
1.673 	21.463479
1.674 	30.340414
1.675 	32.247466
1.676 	28.897522
1.677 	29.467530
1.678 	30.953682
1.679 	30.291612
1.680 	28.454622
1.681 	14.861936
1.682 	9.864621
1.683 	19.265199
1.684 	22.055063
1.685 	23.922701
1.686 	25.088808
1.687 	25.379895
1.688 	40.808904
1.689 	37.977568
1.690 	28.386028
1.691 	0.463854
1.692 	17.161646
1.693 	32.131505
1.694 	15.864189
1.695 	22.627310
1.696 	36.985566
1.697 	29.520623
1.698 	24.823626
1.699 	23.142151
1.700 	42.224528
