0.660 	38.095937
0.661 	33.657297
0.662 	41.283932
0.663 	41.998244
0.664 	38.718211
0.665 	39.193678
0.666 	38.548047
0.667 	39.227185
0.668 	37.939786
0.669 	36.662886
0.670 	35.060634
0.671 	39.294351
0.672 	37.809243
0.673 	39.870619
0.674 	39.518381
0.675 	36.518232
0.676 	39.570461
0.677 	38.652139
0.678 	40.233881
0.679 	38.089593
0.680 	35.778752
0.681 	37.219871
0.682 	34.957496
0.683 	38.375245
0.684 	41.930558
0.685 	37.731737
0.686 	35.105988
0.687 	37.105237
0.688 	37.453417
0.689 	35.925920
0.690 	37.348899
0.691 	35.809939
0.692 	37.723034
0.693 	37.004070
0.694 	35.306448
0.695 	34.591904
0.696 	35.047014
0.697 	34.761493
0.698 	37.136821
0.699 	37.638510
0.700 	33.437675
0.701 	36.947088
0.702 	38.267299
0.703 	36.679598
0.704 	34.525255
0.705 	35.306163
0.706 	35.178011
0.707 	34.478234
0.708 	35.900395
0.709 	37.113296
0.710 	36.699159
0.711 	36.539495
0.712 	37.253728
0.713 	35.515065
0.714 	33.768476
0.715 	35.371070
0.716 	35.785323
0.717 	34.755168
0.718 	36.249655
0.719 	37.046464
0.720 	35.916067
0.721 	34.020660
0.722 	34.332650
0.723 	34.825103
0.724 	34.196302
0.725 	33.263257
0.726 	33.204941
0.727 	34.009949
0.728 	33.506600
0.729 	34.418603
0.730 	34.378618
0.731 	34.299538
0.732 	34.459207
0.733 	35.104989
0.734 	34.403815
0.735 	33.912355
0.736 	34.993097
0.737 	35.405386
0.738 	34.164948
0.739 	31.854195
0.740 	32.974598
0.741 	34.409875
0.742 	33.865511
0.743 	33.839092
0.744 	34.326668
0.745 	34.582413
0.746 	33.489248
0.747 	30.831863
0.748 	31.189636
0.749 	33.319421
0.750 	33.438315
0.751 	33.194451
0.752 	33.531489
0.753 	33.810177
0.754 	33.634820
0.755 	33.341665
0.756 	33.376536
0.757 	33.170025
0.758 	32.651136
0.759 	33.172893
0.760 	33.354571
0.761 	32.970201
0.762 	32.212757
0.763 	32.887318
0.764 	33.320810
0.765 	32.479507
0.766 	33.158390
0.767 	34.137818
0.768 	33.795546
0.769 	33.569968
0.770 	33.349381
0.771 	32.996263
0.772 	32.635052
0.773 	32.548093
0.774 	32.063009
0.775 	30.736395
0.776 	30.674030
0.777 	32.138790
0.778 	33.153255
0.779 	32.962424
0.780 	33.573243
0.781 	33.236780
0.782 	32.223255
0.783 	32.434468
0.784 	33.081164
0.785 	33.959544
0.786 	34.097624
0.787 	32.016194
0.788 	30.600909
0.789 	31.258310
0.790 	31.463744
0.791 	30.951533
0.792 	31.550371
0.793 	32.104256
0.794 	31.721959
0.795 	31.371830
0.796 	31.930341
0.797 	32.604773
0.798 	32.093699
0.799 	31.818701
0.800 	32.098346
0.801 	32.030566
0.802 	31.545375
0.803 	31.498925
0.804 	31.847099
0.805 	32.319040
0.806 	31.870638
0.807 	30.992814
0.808 	31.399849
0.809 	31.825483
0.810 	31.862176
0.811 	31.644948
0.812 	30.811775
0.813 	30.657517
0.814 	30.688698
0.815 	30.704387
0.816 	31.191890
0.817 	31.623975
0.818 	30.876484
0.819 	29.758871
0.820 	29.896866
0.821 	31.324610
0.822 	32.110704
0.823 	31.596035
0.824 	30.689023
0.825 	30.114254
0.826 	30.280181
0.827 	30.337360
0.828 	30.194548
0.829 	30.283448
0.830 	30.451392
0.831 	30.690287
0.832 	30.880367
0.833 	30.444815
0.834 	29.755406
0.835 	29.790780
0.836 	30.308308
0.837 	30.581611
0.838 	30.346503
0.839 	30.053371
0.840 	30.664180
0.841 	31.739074
0.842 	31.910126
0.843 	30.912515
0.844 	29.916020
0.845 	29.495900
0.846 	29.595403
0.847 	30.079485
0.848 	30.476877
0.849 	30.187659
0.850 	29.138119
0.851 	29.119362
0.852 	30.306170
0.853 	30.720451
0.854 	30.281300
0.855 	30.507632
0.856 	31.027987
0.857 	30.821656
0.858 	30.156331
0.859 	29.763581
0.860 	29.450825
0.861 	29.027555
0.862 	29.147447
0.863 	29.888801
0.864 	30.277989
0.865 	29.741175
0.866 	29.364082
0.867 	29.778400
0.868 	30.200388
0.869 	30.255067
0.870 	30.438593
0.871 	30.841164
0.872 	30.717975
0.873 	29.917694
0.874 	29.288445
0.875 	29.273058
0.876 	29.349475
0.877 	29.026929
0.878 	28.779913
0.879 	28.895394
0.880 	28.976256
0.881 	29.032015
0.882 	28.957696
0.883 	29.072560
0.884 	29.572921
0.885 	29.704427
0.886 	29.492609
0.887 	29.480636
0.888 	29.307434
0.889 	28.816004
0.890 	28.607887
0.891 	28.878688
0.892 	29.191282
0.893 	28.970740
0.894 	28.557723
0.895 	28.728794
0.896 	28.969544
0.897 	28.730963
0.898 	28.511901
0.899 	28.268112
0.900 	28.053821
0.901 	28.424623
0.902 	29.199996
0.903 	29.428463
0.904 	29.239032
0.905 	29.345366
0.906 	29.310871
0.907 	28.667800
0.908 	27.871816
0.909 	27.740565
0.910 	28.152401
0.911 	28.503353
0.912 	28.959499
0.913 	29.701056
0.914 	29.663019
0.915 	28.593511
0.916 	27.848764
0.917 	28.038800
0.918 	28.348479
0.919 	28.511265
0.920 	28.696250
0.921 	28.567971
0.922 	28.038978
0.923 	27.771800
0.924 	28.114534
0.925 	28.346801
0.926 	27.896327
0.927 	27.161841
0.928 	26.762654
0.929 	27.394216
0.930 	28.001644
0.931 	27.644811
0.932 	27.347146
0.933 	27.986347
0.934 	28.383504
0.935 	28.101679
0.936 	27.706931
0.937 	27.231415
0.938 	26.960555
0.939 	27.032395
0.940 	27.028106
0.941 	26.898919
0.942 	26.784041
0.943 	26.947829
0.944 	27.434932
0.945 	27.345230
0.946 	26.558968
0.947 	26.581279
0.948 	26.506887
0.949 	25.860611
0.950 	25.049670
0.951 	24.798726
0.952 	24.957009
0.953 	25.256740
0.954 	25.442102
0.955 	25.837313
0.956 	25.866648
0.957 	25.269852
0.958 	24.918968
0.959 	24.985620
0.960 	25.181593
0.961 	25.638414
0.962 	25.902145
0.963 	25.316107
0.964 	24.663685
0.965 	24.448545
0.966 	24.589440
0.967 	24.149383
0.968 	23.524469
0.969 	24.016616
0.970 	24.096802
0.971 	23.975559
0.972 	24.393768
0.973 	24.672245
0.974 	24.582269
0.975 	24.608105
0.976 	24.201008
0.977 	23.863930
0.978 	24.034066
0.979 	24.328993
0.980 	24.102339
0.981 	23.661864
0.982 	23.459895
0.983 	23.185199
0.984 	23.179778
0.985 	23.390876
0.986 	24.807426
0.987 	25.730767
0.988 	24.887240
0.989 	23.770727
0.990 	23.892528
0.991 	24.198488
0.992 	23.750993
0.993 	23.397587
0.994 	23.304255
0.995 	23.213374
0.996 	23.753634
0.997 	23.598110
0.998 	23.550180
0.999 	24.302125
1.000 	24.074315
1.001 	23.819549
1.002 	23.542931
1.003 	23.679116
1.004 	24.130566
1.005 	23.938496
1.006 	23.802895
1.007 	23.356406
1.008 	22.668072
1.009 	22.286299
1.010 	22.801986
1.011 	24.184270
1.012 	24.810074
1.013 	24.013350
1.014 	23.279006
1.015 	22.945411
1.016 	22.768697
1.017 	22.853036
1.018 	23.934169
1.019 	24.818042
1.020 	24.241103
1.021 	23.530766
1.022 	23.870988
1.023 	23.876659
1.024 	23.516173
1.025 	23.682104
1.026 	24.109058
1.027 	24.394054
1.028 	24.624286
1.029 	24.239436
1.030 	23.407682
1.031 	23.483582
1.032 	24.109546
1.033 	24.323961
1.034 	24.345092
1.035 	23.918173
1.036 	23.064188
1.037 	22.420312
1.038 	22.318112
1.039 	22.592040
1.040 	22.753885
1.041 	23.509544
1.042 	24.074480
1.043 	24.027379
1.044 	24.300398
1.045 	24.657262
1.046 	24.465180
1.047 	24.044760
1.048 	23.627261
1.049 	23.512879
1.050 	23.718926
1.051 	23.626576
1.052 	23.196600
1.053 	23.011003
1.054 	23.308807
1.055 	23.569432
1.056 	23.519484
1.057 	23.043998
1.058 	22.966103
1.059 	23.743574
1.060 	23.852529
1.061 	23.200271
1.062 	23.566429
1.063 	24.545958
1.064 	24.620644
1.065 	23.748030
1.066 	23.133425
1.067 	23.250060
1.068 	23.521771
1.069 	24.170454
1.070 	24.379824
1.071 	23.662743
1.072 	23.417408
1.073 	23.789095
1.074 	24.062149
1.075 	24.223841
1.076 	23.983651
1.077 	23.212391
1.078 	22.889779
1.079 	23.557143
1.080 	24.250654
1.081 	23.752568
1.082 	22.873875
1.083 	22.912996
1.084 	23.044873
1.085 	22.878929
1.086 	22.960362
1.087 	23.468677
1.088 	24.439659
1.089 	24.903258
1.090 	24.035302
1.091 	22.755476
1.092 	22.157348
1.093 	22.408167
1.094 	23.205108
1.095 	23.977175
1.096 	24.144284
1.097 	24.000041
1.098 	23.768428
1.099 	23.656256
1.100 	23.816429
1.101 	23.724748
1.102 	23.051265
1.103 	22.432353
1.104 	22.469797
1.105 	22.709789
1.106 	22.942207
1.107 	23.290599
1.108 	23.195043
1.109 	22.479896
1.110 	22.035793
1.111 	22.626068
1.112 	23.220813
1.113 	22.957144
1.114 	22.585184
1.115 	22.643322
1.116 	23.057034
1.117 	23.232557
1.118 	22.920620
1.119 	22.385717
1.120 	22.044267
1.121 	22.266285
1.122 	22.430563
1.123 	22.161480
1.124 	21.772659
1.125 	21.428485
1.126 	21.232254
1.127 	21.217800
1.128 	21.488027
1.129 	21.593561
1.130 	21.327626
1.131 	21.130504
1.132 	21.086773
1.133 	21.026836
1.134 	20.730127
1.135 	20.201666
1.136 	20.026770
1.137 	20.220090
1.138 	20.077758
1.139 	19.567724
1.140 	19.439086
1.141 	19.983482
1.142 	20.461742
1.143 	20.143517
1.144 	19.460143
1.145 	18.832749
1.146 	18.333868
1.147 	18.128675
1.148 	18.222899
1.149 	18.379308
1.150 	18.152791
1.151 	17.614313
1.152 	17.451169
1.153 	18.195427
1.154 	19.111325
1.155 	19.153144
1.156 	18.694179
1.157 	18.347874
1.158 	18.062098
1.159 	17.900993
1.160 	17.912089
1.161 	18.371560
1.162 	19.143875
1.163 	19.233404
1.164 	18.293173
1.165 	17.318990
1.166 	17.315042
1.167 	18.178135
1.168 	19.019942
1.169 	19.254541
1.170 	18.970893
1.171 	18.753613
1.172 	18.560952
1.173 	18.280985
1.174 	17.995123
1.175 	17.778178
1.176 	18.088464
1.177 	18.341029
1.178 	18.002466
1.179 	17.628416
1.180 	17.592352
1.181 	17.819262
1.182 	18.152250
1.183 	18.254994
1.184 	17.950462
1.185 	17.376789
1.186 	16.844535
1.187 	16.823721
1.188 	17.364110
1.189 	17.760163
1.190 	17.958679
1.191 	18.295865
1.192 	18.603087
1.193 	18.575982
1.194 	18.292749
1.195 	18.114988
1.196 	18.177793
1.197 	18.097535
1.198 	17.673069
1.199 	17.228802
1.200 	16.943010
1.201 	17.005492
1.202 	17.456101
1.203 	17.866690
1.204 	17.773898
1.205 	17.435388
1.206 	17.425442
1.207 	17.870143
1.208 	18.198899
1.209 	18.020370
1.210 	17.497266
1.211 	17.055784
1.212 	16.928198
1.213 	17.361049
1.214 	18.311997
1.215 	19.041738
1.216 	18.604823
1.217 	17.647016
1.218 	17.540511
1.219 	18.191689
1.220 	18.586337
1.221 	18.577906
1.222 	18.608433
1.223 	18.864478
1.224 	18.878055
1.225 	18.866375
1.226 	19.346321
1.227 	19.598645
1.228 	19.027371
1.229 	18.373554
1.230 	18.466748
1.231 	18.804699
1.232 	18.506385
1.233 	18.358814
1.234 	19.012330
1.235 	19.675907
1.236 	19.211677
1.237 	18.159211
1.238 	17.726129
1.239 	18.286443
1.240 	19.056009
1.241 	19.304082
1.242 	19.330659
1.243 	19.539103
1.244 	19.586149
1.245 	19.064804
1.246 	18.422858
1.247 	18.287873
1.248 	18.627639
1.249 	18.834957
1.250 	18.544643
1.251 	18.247093
1.252 	18.709521
1.253 	19.223532
1.254 	18.957420
1.255 	18.262119
1.256 	17.785849
1.257 	18.099016
1.258 	18.890137
1.259 	19.334184
1.260 	19.001513
1.261 	18.301440
1.262 	18.207652
1.263 	18.821749
1.264 	19.346322
1.265 	19.542753
1.266 	19.621345
1.267 	19.513651
1.268 	19.258314
1.269 	19.191831
1.270 	19.388831
1.271 	19.409861
1.272 	18.863611
1.273 	17.948015
1.274 	17.424765
1.275 	17.956520
1.276 	19.042725
1.277 	19.807072
1.278 	19.751856
1.279 	19.442931
1.280 	19.349380
1.281 	19.263109
1.282 	18.762789
1.283 	18.223003
1.284 	18.152271
1.285 	18.309516
1.286 	18.173759
1.287 	17.740559
1.288 	17.349942
1.289 	17.639208
1.290 	18.505694
1.291 	19.002557
1.292 	18.441847
1.293 	17.620596
1.294 	17.563752
1.295 	17.794364
1.296 	17.562959
1.297 	17.078036
1.298 	16.982378
1.299 	17.179622
1.300 	17.619260
1.301 	18.342902
1.302 	18.456696
1.303 	17.852943
1.304 	17.622126
1.305 	18.117425
1.306 	18.540316
1.307 	18.146177
1.308 	17.354950
1.309 	16.856428
1.310 	16.869639
1.311 	17.111777
1.312 	17.470691
1.313 	17.934795
1.314 	18.236915
1.315 	18.141496
1.316 	17.546239
1.317 	16.511852
1.318 	15.869940
1.319 	15.887631
1.320 	16.074262
1.321 	16.204039
1.322 	16.139862
1.323 	15.735324
1.324 	15.489654
1.325 	15.477930
1.326 	15.520559
1.327 	15.879825
1.328 	16.354604
1.329 	16.534249
1.330 	16.407206
1.331 	16.053847
1.332 	15.659315
1.333 	15.247046
1.334 	14.923621
1.335 	14.916405
1.336 	15.366031
1.337 	15.471643
1.338 	14.834273
1.339 	13.979736
1.340 	13.359821
1.341 	13.329219
1.342 	13.811401
1.343 	14.249629
1.344 	14.621556
1.345 	15.023221
1.346 	14.934290
1.347 	14.105045
1.348 	13.476895
1.349 	13.560614
1.350 	13.991253
1.351 	14.087355
1.352 	13.669369
1.353 	13.219886
1.354 	13.036769
1.355 	13.293705
1.356 	13.860502
1.357 	14.058115
1.358 	13.220930
1.359 	12.204907
1.360 	12.799743
1.361 	13.987108
1.362 	14.218651
1.363 	13.971732
1.364 	13.859032
1.365 	13.794193
1.366 	13.811120
1.367 	13.543874
1.368 	12.353215
1.369 	10.853659
1.370 	10.910520
1.371 	12.073508
1.372 	12.470506
1.373 	11.368201
1.374 	10.217762
1.375 	10.950543
1.376 	12.744240
1.377 	13.900638
1.378 	12.984319
1.379 	10.672853
1.380 	9.343533
1.381 	9.526842
1.382 	10.233643
1.383 	10.759782
1.384 	10.606874
1.385 	9.390705
1.386 	8.498903
1.387 	9.004051
1.388 	9.791040
1.389 	9.415405
1.390 	8.513932
1.391 	8.681640
1.392 	9.840850
1.393 	10.785693
1.394 	10.924463
1.395 	10.398476
1.396 	9.978120
1.397 	9.506769
1.398 	8.350274
1.399 	6.660327
1.400 	6.261256
1.401 	7.432107
1.402 	8.335844
1.403 	8.502584
1.404 	8.577056
1.405 	8.334366
1.406 	7.775363
1.407 	7.679883
1.408 	7.966277
1.409 	7.872952
1.410 	7.360774
1.411 	7.340281
1.412 	8.173594
1.413 	8.698768
1.414 	8.357981
1.415 	7.929493
1.416 	7.786329
1.417 	7.872984
1.418 	8.032966
1.419 	7.438835
1.420 	6.514830
1.421 	7.057258
1.422 	8.312063
1.423 	8.377239
1.424 	7.662226
1.425 	6.840086
1.426 	5.837745
1.427 	5.720690
1.428 	6.917941
1.429 	7.821451
1.430 	7.979514
1.431 	7.774118
1.432 	7.041897
1.433 	6.600980
1.434 	6.877282
1.435 	7.115068
1.436 	7.410401
1.437 	7.794258
1.438 	7.760695
1.439 	7.656806
1.440 	7.570208
1.441 	7.234626
1.442 	7.056149
1.443 	7.566203
1.444 	7.885206
1.445 	7.247528
1.446 	7.028384
1.447 	7.523253
1.448 	7.766864
1.449 	8.220002
1.450 	8.684853
1.451 	8.606154
1.452 	8.192292
1.453 	7.318468
1.454 	6.210794
1.455 	5.689201
1.456 	6.399616
1.457 	7.776829
1.458 	8.763113
1.459 	9.379229
1.460 	9.069633
1.461 	7.497944
1.462 	6.010150
1.463 	5.513831
1.464 	5.939969
1.465 	6.834770
1.466 	7.787432
1.467 	8.927200
1.468 	10.014345
1.469 	10.242657
1.470 	9.158636
1.471 	7.696015
1.472 	7.249391
1.473 	7.291351
1.474 	7.338984
1.475 	7.516942
1.476 	7.544711
1.477 	7.344185
1.478 	7.406787
1.479 	7.867949
1.480 	8.386106
1.481 	9.103249
1.482 	9.376487
1.483 	8.549566
1.484 	7.134158
1.485 	6.726264
1.486 	7.124845
1.487 	7.371774
1.488 	7.667448
1.489 	7.541221
1.490 	7.189110
1.491 	6.855761
1.492 	7.307819
1.493 	8.590534
1.494 	9.423160
1.495 	9.592255
1.496 	9.092256
1.497 	7.742036
1.498 	6.909592
1.499 	7.568081
1.500 	8.477352
1.501 	9.077197
1.502 	9.186566
1.503 	8.866753
1.504 	8.634138
1.505 	7.894093
1.506 	7.338255
1.507 	7.967201
1.508 	8.468286
1.509 	8.519526
1.510 	8.521295
1.511 	8.200394
1.512 	7.970647
1.513 	8.372551
1.514 	7.899281
1.515 	7.161073
1.516 	7.691263
1.517 	7.945157
1.518 	7.146854
1.519 	6.357513
1.520 	6.416064
1.521 	7.549706
1.522 	8.299412
1.523 	8.566437
1.524 	9.627573
1.525 	11.184277
1.526 	11.263767
1.527 	10.796807
1.528 	10.506917
1.529 	9.712360
1.530 	8.522052
1.531 	7.726623
1.532 	8.187914
1.533 	8.549158
1.534 	8.580507
1.535 	8.855960
1.536 	8.819489
1.537 	8.987800
1.538 	9.963783
1.539 	10.207766
1.540 	9.930968
1.541 	10.269814
1.542 	9.407394
1.543 	8.073716
1.544 	8.671880
1.545 	10.542771
1.546 	11.441860
1.547 	10.191743
1.548 	8.718322
1.549 	8.239058
1.550 	9.044145
1.551 	10.263131
1.552 	9.245710
1.553 	7.047741
1.554 	9.017109
1.555 	12.186406
1.556 	11.967248
1.557 	9.329176
1.558 	6.971345
1.559 	7.678631
1.560 	10.185986
1.561 	11.480846
1.562 	11.757443
1.563 	11.688025
1.564 	11.286454
1.565 	10.221053
1.566 	8.454232
1.567 	9.074899
1.568 	11.726296
1.569 	11.818999
1.570 	11.057434
1.571 	10.613752
1.572 	9.915080
1.573 	9.118920
1.574 	9.393873
1.575 	10.847771
1.576 	11.735292
1.577 	11.169782
1.578 	10.269859
1.579 	9.364635
1.580 	9.108544
1.581 	10.035641
1.582 	10.901194
1.583 	9.759684
1.584 	9.549623
1.585 	10.109482
1.586 	10.248230
1.587 	11.515257
1.588 	12.290892
1.589 	11.326359
1.590 	10.385964
1.591 	9.580298
1.592 	8.565332
1.593 	8.627067
1.594 	10.715372
1.595 	12.579131
1.596 	11.847299
1.597 	12.074225
1.598 	12.064412
1.599 	11.511536
1.600 	11.448156
1.601 	11.855720
1.602 	12.008318
1.603 	10.869573
1.604 	10.797010
1.605 	10.639572
1.606 	9.622355
1.607 	9.518605
1.608 	10.560675
1.609 	11.584118
1.610 	10.848355
1.611 	10.170802
1.612 	10.743387
1.613 	11.658526
1.614 	12.662555
1.615 	13.061625
1.616 	13.260848
1.617 	12.092924
1.618 	10.039336
1.619 	10.331787
1.620 	11.101272
1.621 	10.537505
1.622 	10.691207
1.623 	11.361173
1.624 	12.809759
1.625 	13.640869
1.626 	11.850135
1.627 	12.326846
1.628 	11.841955
1.629 	9.407172
1.630 	9.016490
1.631 	11.098548
1.632 	12.681714
1.633 	14.245432
1.634 	13.612981
1.635 	9.991443
1.636 	9.656729
1.637 	10.557633
1.638 	10.199043
1.639 	10.713972
1.640 	13.171279
1.641 	15.524160
1.642 	14.130078
1.643 	11.111444
1.644 	8.934978
1.645 	8.514922
1.646 	11.379520
1.647 	12.427990
1.648 	12.375077
1.649 	12.007561
1.650 	13.274036
1.651 	12.373959
1.652 	9.699233
1.653 	12.771665
1.654 	14.002982
1.655 	12.396254
1.656 	13.034106
1.657 	12.751809
1.658 	9.799826
1.659 	9.956950
1.660 	13.818003
1.661 	12.977826
1.662 	11.895638
1.663 	11.075606
1.664 	13.083487
1.665 	11.921465
1.666 	12.232066
1.667 	14.462784
1.668 	12.637594
1.669 	14.357801
1.670 	11.459787
1.671 	11.688805
1.672 	10.850837
1.673 	14.134328
1.674 	15.902337
1.675 	15.658162
1.676 	17.996628
1.677 	12.752959
1.678 	11.072532
1.679 	21.896918
1.680 	17.429253
1.681 	5.231153
1.682 	6.129676
1.683 	5.775837
1.684 	9.148044
1.685 	10.441488
1.686 	11.322683
1.687 	11.933736
1.688 	17.738337
1.689 	20.892002
1.690 	22.331752
1.691 	14.344362
1.692 	7.159248
1.693 	8.433019
1.694 	17.430006
1.695 	9.743645
1.696 	10.018806
1.697 	1.288344
1.698 	19.365826
1.699 	16.810504
1.700 	5.005774
