0.660 	35.456445
0.661 	33.652690
0.662 	37.118654
0.663 	34.090265
0.664 	33.946278
0.665 	36.199448
0.666 	34.193934
0.667 	33.696808
0.668 	36.412030
0.669 	34.660114
0.670 	34.163617
0.671 	36.238149
0.672 	36.304529
0.673 	39.528065
0.674 	36.759435
0.675 	34.162545
0.676 	35.036795
0.677 	34.913877
0.678 	37.261605
0.679 	35.336034
0.680 	33.613669
0.681 	33.756963
0.682 	32.090629
0.683 	35.286122
0.684 	37.497834
0.685 	32.844993
0.686 	32.767941
0.687 	36.580894
0.688 	34.606958
0.689 	32.144099
0.690 	34.496586
0.691 	35.489644
0.692 	36.268783
0.693 	34.569049
0.694 	35.940364
0.695 	33.806714
0.696 	32.301427
0.697 	31.542734
0.698 	33.961338
0.699 	33.056308
0.700 	31.512105
0.701 	32.236795
0.702 	33.276014
0.703 	35.044556
0.704 	33.941844
0.705 	34.381053
0.706 	34.603719
0.707 	34.390522
0.708 	33.225982
0.709 	31.079150
0.710 	31.776258
0.711 	33.920970
0.712 	34.495474
0.713 	33.745785
0.714 	33.420160
0.715 	34.074087
0.716 	32.628621
0.717 	31.503367
0.718 	31.711248
0.719 	32.475152
0.720 	32.838792
0.721 	33.336540
0.722 	33.260652
0.723 	30.679529
0.724 	30.038286
0.725 	30.861902
0.726 	31.475028
0.727 	31.956331
0.728 	33.108588
0.729 	33.145556
0.730 	31.553014
0.731 	31.303300
0.732 	31.966503
0.733 	32.199790
0.734 	30.664187
0.735 	30.550997
0.736 	32.041303
0.737 	32.837380
0.738 	31.875636
0.739 	29.712368
0.740 	30.086268
0.741 	30.788651
0.742 	30.828911
0.743 	31.487938
0.744 	31.668507
0.745 	31.679151
0.746 	30.864267
0.747 	29.165726
0.748 	30.524241
0.749 	31.556529
0.750 	30.543432
0.751 	30.002751
0.752 	31.662540
0.753 	32.097813
0.754 	31.396704
0.755 	31.524445
0.756 	32.086736
0.757 	31.210870
0.758 	29.518757
0.759 	28.741294
0.760 	29.769111
0.761 	31.233589
0.762 	31.525739
0.763 	31.118112
0.764 	30.871849
0.765 	30.350436
0.766 	30.066387
0.767 	30.762799
0.768 	31.487939
0.769 	31.550041
0.770 	30.322167
0.771 	29.729092
0.772 	30.832768
0.773 	31.568089
0.774 	30.552986
0.775 	28.691871
0.776 	28.762490
0.777 	30.529836
0.778 	31.203131
0.779 	30.927950
0.780 	31.384779
0.781 	31.440288
0.782 	30.768351
0.783 	29.690414
0.784 	29.745775
0.785 	30.507844
0.786 	31.264981
0.787 	30.245474
0.788 	29.080323
0.789 	29.450601
0.790 	30.011740
0.791 	29.591817
0.792 	29.552182
0.793 	29.615845
0.794 	29.139280
0.795 	29.792245
0.796 	30.846326
0.797 	30.542927
0.798 	30.175756
0.799 	30.525666
0.800 	29.920828
0.801 	28.902142
0.802 	28.527139
0.803 	28.915116
0.804 	29.390112
0.805 	29.504745
0.806 	29.331597
0.807 	28.931616
0.808 	28.956007
0.809 	29.324235
0.810 	29.602642
0.811 	29.457787
0.812 	29.046107
0.813 	29.637020
0.814 	30.719745
0.815 	31.137828
0.816 	29.982381
0.817 	27.906141
0.818 	27.657618
0.819 	28.696579
0.820 	28.740477
0.821 	28.097359
0.822 	28.033038
0.823 	28.819340
0.824 	29.759831
0.825 	29.822483
0.826 	29.328968
0.827 	28.225125
0.828 	27.896830
0.829 	29.116503
0.830 	29.919749
0.831 	29.715351
0.832 	29.005887
0.833 	28.124856
0.834 	27.769223
0.835 	28.109964
0.836 	28.569975
0.837 	28.846320
0.838 	29.214454
0.839 	29.634756
0.840 	29.364414
0.841 	28.918170
0.842 	28.733335
0.843 	28.101763
0.844 	27.407291
0.845 	27.200669
0.846 	27.770915
0.847 	28.528778
0.848 	28.779488
0.849 	28.387092
0.850 	27.620859
0.851 	27.526499
0.852 	28.062552
0.853 	28.380906
0.854 	28.703747
0.855 	29.075421
0.856 	28.605223
0.857 	27.615440
0.858 	27.039766
0.859 	27.192509
0.860 	27.637093
0.861 	27.549931
0.862 	27.402634
0.863 	27.858895
0.864 	28.544673
0.865 	28.709010
0.866 	28.511199
0.867 	28.442777
0.868 	28.408946
0.869 	27.803122
0.870 	26.899697
0.871 	26.946299
0.872 	27.783570
0.873 	28.480327
0.874 	28.931811
0.875 	29.352390
0.876 	29.163850
0.877 	28.207314
0.878 	27.108016
0.879 	26.179707
0.880 	26.218680
0.881 	27.282392
0.882 	27.941090
0.883 	28.062684
0.884 	28.156049
0.885 	27.672305
0.886 	26.879631
0.887 	26.920728
0.888 	27.238020
0.889 	27.118350
0.890 	26.982039
0.891 	26.982991
0.892 	27.066543
0.893 	27.043144
0.894 	26.980877
0.895 	27.189978
0.896 	27.448574
0.897 	27.216395
0.898 	26.854144
0.899 	26.721528
0.900 	26.762158
0.901 	27.046162
0.902 	27.573796
0.903 	28.069374
0.904 	28.284072
0.905 	28.311365
0.906 	27.873355
0.907 	26.977993
0.908 	26.220757
0.909 	26.164019
0.910 	26.671711
0.911 	26.979738
0.912 	26.752833
0.913 	26.334620
0.914 	25.943671
0.915 	25.572831
0.916 	25.364000
0.917 	25.584349
0.918 	26.237236
0.919 	26.693775
0.920 	26.587110
0.921 	26.665816
0.922 	27.110510
0.923 	27.283003
0.924 	27.208151
0.925 	27.049122
0.926 	26.326381
0.927 	25.536962
0.928 	25.590028
0.929 	26.403479
0.930 	26.765444
0.931 	26.561721
0.932 	26.455488
0.933 	26.502767
0.934 	26.606702
0.935 	26.737604
0.936 	26.454870
0.937 	25.996236
0.938 	25.872962
0.939 	25.879786
0.940 	25.624561
0.941 	25.301277
0.942 	25.130310
0.943 	25.353736
0.944 	25.633243
0.945 	25.237385
0.946 	24.658508
0.947 	24.417009
0.948 	24.534214
0.949 	24.676922
0.950 	24.243251
0.951 	24.005616
0.952 	24.120341
0.953 	24.362529
0.954 	25.131350
0.955 	25.708353
0.956 	25.158425
0.957 	24.398218
0.958 	24.321262
0.959 	24.071419
0.960 	24.125282
0.961 	24.130752
0.962 	23.874254
0.963 	23.507448
0.964 	23.161333
0.965 	23.215441
0.966 	23.329067
0.967 	23.168229
0.968 	22.710904
0.969 	22.815680
0.970 	23.148619
0.971 	22.918201
0.972 	22.831410
0.973 	22.892653
0.974 	23.282212
0.975 	23.870619
0.976 	23.264998
0.977 	22.837045
0.978 	22.897445
0.979 	22.901304
0.980 	22.667402
0.981 	22.385975
0.982 	22.710249
0.983 	22.627132
0.984 	21.760964
0.985 	21.364976
0.986 	21.813436
0.987 	22.132526
0.988 	22.202860
0.989 	22.192376
0.990 	22.193692
0.991 	22.305996
0.992 	23.107678
0.993 	23.131542
0.994 	21.942272
0.995 	21.639564
0.996 	21.888587
0.997 	21.959136
0.998 	22.334015
0.999 	22.830276
1.000 	22.451683
1.001 	21.881994
1.002 	21.535224
1.003 	21.457710
1.004 	21.582948
1.005 	21.826469
1.006 	22.255803
1.007 	22.208664
1.008 	21.617755
1.009 	21.377115
1.010 	21.614038
1.011 	22.241538
1.012 	22.373787
1.013 	22.100320
1.014 	22.238268
1.015 	21.973729
1.016 	21.533518
1.017 	21.428338
1.018 	21.941751
1.019 	22.302833
1.020 	21.908104
1.021 	21.542205
1.022 	21.830929
1.023 	21.808992
1.024 	21.410346
1.025 	21.400748
1.026 	21.533272
1.027 	21.796680
1.028 	22.665378
1.029 	23.225887
1.030 	22.570863
1.031 	21.706636
1.032 	21.704605
1.033 	22.284677
1.034 	22.441708
1.035 	21.985301
1.036 	21.715938
1.037 	21.730231
1.038 	21.328927
1.039 	20.917554
1.040 	21.020741
1.041 	21.665746
1.042 	22.190313
1.043 	22.471148
1.044 	22.663753
1.045 	22.618801
1.046 	22.135676
1.047 	21.346798
1.048 	21.160590
1.049 	21.471050
1.050 	21.537653
1.051 	21.480663
1.052 	21.781065
1.053 	22.166907
1.054 	22.068916
1.055 	21.763096
1.056 	21.717308
1.057 	21.640013
1.058 	21.444305
1.059 	21.924232
1.060 	22.472428
1.061 	22.166356
1.062 	22.038233
1.063 	21.992821
1.064 	21.322950
1.065 	20.852109
1.066 	21.178596
1.067 	21.673734
1.068 	21.758023
1.069 	22.010121
1.070 	22.240541
1.071 	21.878397
1.072 	21.904708
1.073 	22.159018
1.074 	22.046803
1.075 	22.018949
1.076 	22.064446
1.077 	21.483037
1.078 	20.645902
1.079 	20.889054
1.080 	21.508272
1.081 	20.875707
1.082 	20.316490
1.083 	21.054817
1.084 	21.601859
1.085 	21.033893
1.086 	20.815669
1.087 	21.508430
1.088 	22.027710
1.089 	22.062159
1.090 	21.767402
1.091 	21.185421
1.092 	20.822166
1.093 	21.170473
1.094 	21.618517
1.095 	21.874580
1.096 	22.074509
1.097 	21.874375
1.098 	21.335328
1.099 	21.237378
1.100 	21.830842
1.101 	22.394308
1.102 	22.071210
1.103 	21.329251
1.104 	20.955497
1.105 	20.740843
1.106 	20.644179
1.107 	20.808455
1.108 	20.761280
1.109 	20.197586
1.110 	19.981231
1.111 	20.746375
1.112 	21.575551
1.113 	21.532245
1.114 	20.982918
1.115 	20.663323
1.116 	20.433019
1.117 	20.111159
1.118 	20.294560
1.119 	20.659147
1.120 	20.608694
1.121 	20.740845
1.122 	20.765577
1.123 	20.494617
1.124 	20.779245
1.125 	21.270588
1.126 	20.842594
1.127 	19.884673
1.128 	19.920524
1.129 	20.418463
1.130 	19.990105
1.131 	19.189582
1.132 	18.943898
1.133 	19.143113
1.134 	19.346114
1.135 	19.179729
1.136 	18.886720
1.137 	18.969071
1.138 	19.090256
1.139 	18.777884
1.140 	18.446347
1.141 	18.513875
1.142 	18.812093
1.143 	18.938392
1.144 	18.430791
1.145 	17.483226
1.146 	17.226090
1.147 	17.675138
1.148 	17.658943
1.149 	17.268495
1.150 	17.124198
1.151 	17.004376
1.152 	16.960826
1.153 	17.479342
1.154 	18.233986
1.155 	18.600560
1.156 	18.486097
1.157 	18.036903
1.158 	17.406935
1.159 	16.815198
1.160 	16.695641
1.161 	17.234994
1.162 	17.774900
1.163 	17.966064
1.164 	18.138272
1.165 	18.399699
1.166 	18.649115
1.167 	18.362462
1.168 	17.476386
1.169 	16.691993
1.170 	16.619372
1.171 	17.116367
1.172 	17.466342
1.173 	17.452278
1.174 	17.350053
1.175 	17.332293
1.176 	17.534995
1.177 	17.882367
1.178 	18.217198
1.179 	18.115321
1.180 	17.384084
1.181 	16.777428
1.182 	16.892039
1.183 	16.999667
1.184 	16.521727
1.185 	16.127258
1.186 	16.451739
1.187 	16.991713
1.188 	16.982475
1.189 	16.855124
1.190 	17.118403
1.191 	17.427094
1.192 	17.521939
1.193 	17.597878
1.194 	17.761102
1.195 	17.785417
1.196 	17.794748
1.197 	18.077030
1.198 	18.046298
1.199 	17.559972
1.200 	17.198992
1.201 	16.896837
1.202 	16.779675
1.203 	17.209552
1.204 	17.379389
1.205 	16.663202
1.206 	15.946366
1.207 	16.247160
1.208 	17.196286
1.209 	17.595470
1.210 	17.198128
1.211 	16.646294
1.212 	16.319308
1.213 	16.702933
1.214 	17.593555
1.215 	18.087808
1.216 	17.954632
1.217 	18.069528
1.218 	18.399521
1.219 	18.133456
1.220 	17.513488
1.221 	17.327480
1.222 	17.287300
1.223 	17.197845
1.224 	17.059189
1.225 	16.847171
1.226 	16.920368
1.227 	17.418226
1.228 	17.932418
1.229 	17.795069
1.230 	17.534237
1.231 	18.004598
1.232 	18.519715
1.233 	18.598923
1.234 	18.758608
1.235 	19.055504
1.236 	18.691777
1.237 	17.657729
1.238 	17.045694
1.239 	17.522246
1.240 	18.480137
1.241 	18.817099
1.242 	18.324109
1.243 	17.817620
1.244 	17.684455
1.245 	17.620402
1.246 	17.446429
1.247 	17.322253
1.248 	17.736167
1.249 	18.466972
1.250 	18.657836
1.251 	18.366595
1.252 	18.554493
1.253 	18.987694
1.254 	19.130316
1.255 	18.870687
1.256 	18.290105
1.257 	17.831853
1.258 	17.759100
1.259 	17.899609
1.260 	17.983858
1.261 	18.023519
1.262 	18.265891
1.263 	18.595561
1.264 	18.343087
1.265 	17.915892
1.266 	17.898807
1.267 	17.954365
1.268 	18.022244
1.269 	18.261252
1.270 	18.115100
1.271 	17.825448
1.272 	17.929183
1.273 	17.887391
1.274 	17.446591
1.275 	17.527012
1.276 	18.096884
1.277 	18.041112
1.278 	17.460381
1.279 	17.615325
1.280 	18.503331
1.281 	19.166341
1.282 	19.088590
1.283 	18.236786
1.284 	17.334386
1.285 	16.917215
1.286 	16.759867
1.287 	16.627770
1.288 	16.777531
1.289 	17.326210
1.290 	18.108872
1.291 	18.452624
1.292 	17.560009
1.293 	16.530621
1.294 	16.842600
1.295 	17.588696
1.296 	17.759398
1.297 	17.546707
1.298 	17.482022
1.299 	17.535823
1.300 	17.646597
1.301 	17.746396
1.302 	17.746169
1.303 	17.567702
1.304 	17.172266
1.305 	17.114989
1.306 	17.568772
1.307 	17.565974
1.308 	17.011482
1.309 	16.881135
1.310 	17.313096
1.311 	17.325182
1.312 	16.800613
1.313 	16.605916
1.314 	16.918738
1.315 	16.865280
1.316 	16.244261
1.317 	15.915474
1.318 	16.259532
1.319 	16.527194
1.320 	16.455784
1.321 	16.403052
1.322 	16.447425
1.323 	16.544718
1.324 	16.610669
1.325 	16.092719
1.326 	15.002183
1.327 	14.668592
1.328 	15.468587
1.329 	16.503559
1.330 	16.957282
1.331 	16.631288
1.332 	15.973862
1.333 	15.353612
1.334 	14.880792
1.335 	14.380943
1.336 	14.339583
1.337 	14.814787
1.338 	14.942312
1.339 	14.331159
1.340 	13.916758
1.341 	14.253957
1.342 	14.723988
1.343 	14.743197
1.344 	14.730041
1.345 	14.848562
1.346 	14.731771
1.347 	14.581251
1.348 	14.639877
1.349 	14.963640
1.350 	15.489286
1.351 	15.587072
1.352 	14.715949
1.353 	13.872230
1.354 	14.004129
1.355 	14.482051
1.356 	14.425729
1.357 	14.191713
1.358 	14.109527
1.359 	14.181854
1.360 	14.620065
1.361 	15.067217
1.362 	14.823063
1.363 	13.986261
1.364 	13.145969
1.365 	12.661914
1.366 	12.691662
1.367 	13.022649
1.368 	13.006489
1.369 	12.944880
1.370 	13.720468
1.371 	14.431543
1.372 	13.825263
1.373 	12.276153
1.374 	11.252576
1.375 	11.902649
1.376 	12.886214
1.377 	12.672118
1.378 	10.688761
1.379 	8.325949
1.380 	8.361474
1.381 	10.156175
1.382 	11.633868
1.383 	11.807505
1.384 	10.735416
1.385 	8.902719
1.386 	8.093005
1.387 	9.552121
1.388 	11.723457
1.389 	12.029698
1.390 	10.214004
1.391 	9.061592
1.392 	9.423347
1.393 	9.799026
1.394 	9.550199
1.395 	9.552943
1.396 	10.064484
1.397 	10.132869
1.398 	9.191885
1.399 	7.951329
1.400 	7.503556
1.401 	7.900874
1.402 	8.830742
1.403 	9.826505
1.404 	10.433338
1.405 	10.056662
1.406 	8.475067
1.407 	7.038220
1.408 	7.226491
1.409 	8.602593
1.410 	9.099498
1.411 	8.240101
1.412 	7.693390
1.413 	7.765680
1.414 	7.334702
1.415 	6.630599
1.416 	6.657649
1.417 	7.116962
1.418 	7.739102
1.419 	8.292347
1.420 	8.433125
1.421 	8.348508
1.422 	8.260673
1.423 	7.576275
1.424 	6.745131
1.425 	6.764779
1.426 	7.342597
1.427 	7.792393
1.428 	7.961156
1.429 	7.913253
1.430 	7.791873
1.431 	7.940724
1.432 	8.296426
1.433 	8.224546
1.434 	7.468781
1.435 	7.170149
1.436 	8.012778
1.437 	8.497591
1.438 	7.926104
1.439 	7.447563
1.440 	6.945604
1.441 	6.530813
1.442 	6.979038
1.443 	7.744310
1.444 	7.306313
1.445 	5.794674
1.446 	5.111258
1.447 	5.641761
1.448 	6.606240
1.449 	7.492970
1.450 	8.353041
1.451 	9.158084
1.452 	9.364667
1.453 	8.461978
1.454 	6.856811
1.455 	6.437292
1.456 	7.534859
1.457 	8.196375
1.458 	7.845548
1.459 	7.805360
1.460 	7.842668
1.461 	7.119777
1.462 	6.665192
1.463 	7.037470
1.464 	7.536073
1.465 	7.929143
1.466 	8.226606
1.467 	8.838200
1.468 	9.876774
1.469 	9.991588
1.470 	8.404337
1.471 	6.468133
1.472 	6.092067
1.473 	6.674081
1.474 	6.875594
1.475 	6.863691
1.476 	7.140273
1.477 	7.462179
1.478 	7.978575
1.479 	8.971930
1.480 	9.245813
1.481 	8.898301
1.482 	9.372158
1.483 	9.615652
1.484 	8.309003
1.485 	7.238123
1.486 	7.471737
1.487 	7.935885
1.488 	8.247369
1.489 	8.542452
1.490 	9.025810
1.491 	8.865532
1.492 	7.936175
1.493 	7.318223
1.494 	7.334585
1.495 	7.665716
1.496 	7.622072
1.497 	7.269960
1.498 	7.608282
1.499 	8.149392
1.500 	9.141233
1.501 	10.350402
1.502 	10.352267
1.503 	9.517846
1.504 	8.356700
1.505 	7.655769
1.506 	8.344916
1.507 	9.295323
1.508 	9.157239
1.509 	8.231214
1.510 	8.235516
1.511 	9.016265
1.512 	9.101908
1.513 	9.660054
1.514 	10.254501
1.515 	9.980557
1.516 	9.689475
1.517 	9.054487
1.518 	7.516298
1.519 	6.368166
1.520 	6.559585
1.521 	8.021076
1.522 	9.279255
1.523 	10.218060
1.524 	10.965935
1.525 	11.015723
1.526 	9.888583
1.527 	8.762225
1.528 	9.040449
1.529 	9.482319
1.530 	9.370277
1.531 	9.519165
1.532 	10.721280
1.533 	11.161530
1.534 	10.728402
1.535 	9.859251
1.536 	8.802620
1.537 	9.045610
1.538 	10.151324
1.539 	10.316609
1.540 	9.917291
1.541 	10.135587
1.542 	10.147008
1.543 	9.989897
1.544 	10.016171
1.545 	9.985802
1.546 	9.515931
1.547 	9.649792
1.548 	9.990084
1.549 	10.060109
1.550 	11.130255
1.551 	11.969646
1.552 	10.755162
1.553 	9.111661
1.554 	9.403651
1.555 	9.922957
1.556 	9.108121
1.557 	8.365307
1.558 	7.507153
1.559 	7.276763
1.560 	8.964744
1.561 	10.115616
1.562 	11.436794
1.563 	12.887320
1.564 	12.553268
1.565 	11.259625
1.566 	11.318059
1.567 	12.396014
1.568 	12.398741
1.569 	10.735956
1.570 	10.449682
1.571 	11.592058
1.572 	11.804770
1.573 	10.256306
1.574 	9.033200
1.575 	9.738540
1.576 	11.358605
1.577 	12.497984
1.578 	12.373126
1.579 	10.672447
1.580 	9.873576
1.581 	10.120143
1.582 	9.832246
1.583 	8.949492
1.584 	10.099607
1.585 	11.954056
1.586 	12.237694
1.587 	12.582192
1.588 	12.500605
1.589 	10.868541
1.590 	9.676076
1.591 	9.487720
1.592 	10.450375
1.593 	11.972792
1.594 	13.346201
1.595 	13.918711
1.596 	12.893922
1.597 	12.425143
1.598 	12.175737
1.599 	12.194756
1.600 	11.542763
1.601 	10.720137
1.602 	10.643025
1.603 	10.826030
1.604 	11.480474
1.605 	12.318402
1.606 	11.449400
1.607 	10.694111
1.608 	11.907807
1.609 	13.069632
1.610 	11.984123
1.611 	11.374644
1.612 	11.054408
1.613 	10.733694
1.614 	11.932755
1.615 	13.227466
1.616 	13.764446
1.617 	13.050703
1.618 	11.133355
1.619 	12.457807
1.620 	13.661455
1.621 	12.398191
1.622 	11.701719
1.623 	11.236807
1.624 	11.741761
1.625 	13.365788
1.626 	13.974315
1.627 	14.916405
1.628 	12.492592
1.629 	9.244910
1.630 	10.185741
1.631 	12.176018
1.632 	12.036805
1.633 	13.640544
1.634 	15.266193
1.635 	12.231102
1.636 	11.345913
1.637 	12.125249
1.638 	11.064521
1.639 	12.144108
1.640 	14.926713
1.641 	14.927847
1.642 	14.300275
1.643 	13.176948
1.644 	8.511705
1.645 	7.460168
1.646 	11.003978
1.647 	13.356655
1.648 	14.140521
1.649 	13.607703
1.650 	12.383717
1.651 	13.187183
1.652 	13.042943
1.653 	14.199582
1.654 	15.943766
1.655 	14.124476
1.656 	11.274553
1.657 	12.402187
1.658 	13.337941
1.659 	12.950241
1.660 	14.765382
1.661 	14.719629
1.662 	13.527014
1.663 	12.627443
1.664 	13.184623
1.665 	12.308693
1.666 	15.483723
1.667 	17.560265
1.668 	14.385701
1.669 	13.100254
1.670 	8.982469
1.671 	11.091177
1.672 	12.761521
1.673 	13.589202
1.674 	11.213271
1.675 	12.585575
1.676 	17.256354
1.677 	18.120325
1.678 	16.717341
1.679 	13.011988
1.680 	12.732482
1.681 	8.841388
1.682 	15.486871
1.683 	17.338794
1.684 	8.495894
1.685 	9.321482
1.686 	16.123757
1.687 	16.746256
1.688 	19.425318
1.689 	18.680927
1.690 	19.699268
1.691 	15.426002
1.692 	6.050158
1.693 	7.715018
1.694 	10.098627
1.695 	19.566699
1.696 	34.415234
1.697 	21.452073
1.698 	13.948315
1.699 	7.297120
1.700 	10.931632
