0.660 	29.562995
0.661 	46.519133
0.662 	27.994352
0.663 	25.405586
0.664 	41.279172
0.665 	30.357974
0.666 	37.108887
0.667 	32.561838
0.668 	29.262126
0.669 	34.438220
0.670 	31.751718
0.671 	28.513257
0.672 	37.508284
0.673 	34.687876
0.674 	28.835870
0.675 	30.976904
0.676 	32.692107
0.677 	30.508630
0.678 	38.273549
0.679 	32.597207
0.680 	25.230737
0.681 	30.580729
0.682 	26.683324
0.683 	32.055210
0.684 	34.937647
0.685 	29.470154
0.686 	33.765139
0.687 	35.792109
0.688 	31.384933
0.689 	29.717638
0.690 	28.494969
0.691 	32.841522
0.692 	30.604340
0.693 	32.430596
0.694 	38.937188
0.695 	40.125820
0.696 	35.677401
0.697 	36.217611
0.698 	28.589510
0.699 	27.733718
0.700 	32.283754
0.701 	29.888145
0.702 	25.769830
0.703 	29.356693
0.704 	31.567779
0.705 	33.147023
0.706 	37.256094
0.707 	32.913654
0.708 	29.207255
0.709 	33.529872
0.710 	40.194605
0.711 	38.341425
0.712 	30.041715
0.713 	30.770898
0.714 	30.309447
0.715 	31.583617
0.716 	33.097016
0.717 	34.442446
0.718 	28.614826
0.719 	29.950870
0.720 	31.467743
0.721 	34.132191
0.722 	34.788449
0.723 	32.502044
0.724 	28.941069
0.725 	33.016772
0.726 	33.257568
0.727 	29.023756
0.728 	25.713272
0.729 	29.636489
0.730 	31.632297
0.731 	32.501512
0.732 	30.735085
0.733 	31.624220
0.734 	33.204317
0.735 	32.206114
0.736 	35.296498
0.737 	28.759519
0.738 	26.989905
0.739 	29.774929
0.740 	28.855453
0.741 	27.401211
0.742 	30.464296
0.743 	30.190097
0.744 	29.656538
0.745 	34.100261
0.746 	36.237783
0.747 	32.524958
0.748 	31.239777
0.749 	30.422251
0.750 	30.632730
0.751 	31.635079
0.752 	30.672820
0.753 	30.038830
0.754 	32.088842
0.755 	32.082701
0.756 	30.386147
0.757 	27.610110
0.758 	27.180770
0.759 	29.021589
0.760 	28.967329
0.761 	30.701629
0.762 	31.219478
0.763 	30.823295
0.764 	33.301731
0.765 	33.201961
0.766 	28.816735
0.767 	26.566716
0.768 	29.902752
0.769 	33.329826
0.770 	33.323683
0.771 	31.943575
0.772 	31.251668
0.773 	27.878342
0.774 	25.850369
0.775 	28.718777
0.776 	31.933856
0.777 	34.086564
0.778 	32.200536
0.779 	28.620611
0.780 	28.008286
0.781 	27.906847
0.782 	28.741127
0.783 	30.660934
0.784 	31.653859
0.785 	32.135853
0.786 	31.995076
0.787 	28.215076
0.788 	26.433921
0.789 	28.325257
0.790 	30.290053
0.791 	31.287512
0.792 	31.511620
0.793 	30.495422
0.794 	28.341644
0.795 	28.705135
0.796 	31.369382
0.797 	33.255740
0.798 	31.634498
0.799 	28.281920
0.800 	26.893122
0.801 	27.412363
0.802 	29.147487
0.803 	29.925239
0.804 	29.634131
0.805 	29.582473
0.806 	29.571733
0.807 	30.365328
0.808 	30.647302
0.809 	29.062796
0.810 	29.380795
0.811 	29.750654
0.812 	28.602499
0.813 	27.774150
0.814 	27.251403
0.815 	26.506758
0.816 	27.816664
0.817 	30.672738
0.818 	32.073080
0.819 	31.255963
0.820 	30.493279
0.821 	30.564404
0.822 	29.355261
0.823 	27.834575
0.824 	27.655432
0.825 	28.438898
0.826 	29.474994
0.827 	29.952532
0.828 	30.901878
0.829 	30.979033
0.830 	29.148192
0.831 	28.009268
0.832 	26.272727
0.833 	24.660281
0.834 	26.375808
0.835 	29.125208
0.836 	29.529390
0.837 	28.225586
0.838 	28.827908
0.839 	29.997104
0.840 	29.279345
0.841 	27.935845
0.842 	28.585465
0.843 	30.081899
0.844 	28.830679
0.845 	26.892741
0.846 	27.903469
0.847 	29.237093
0.848 	28.248103
0.849 	26.953975
0.850 	25.914323
0.851 	25.923535
0.852 	28.004734
0.853 	29.615117
0.854 	28.971833
0.855 	27.901457
0.856 	28.111530
0.857 	28.572046
0.858 	28.486839
0.859 	29.349005
0.860 	30.896675
0.861 	30.851774
0.862 	29.072763
0.863 	27.135252
0.864 	26.344877
0.865 	26.806579
0.866 	26.314248
0.867 	24.697058
0.868 	25.959934
0.869 	29.575125
0.870 	30.926757
0.871 	29.542030
0.872 	27.862675
0.873 	27.397264
0.874 	27.652251
0.875 	27.658549
0.876 	27.236361
0.877 	26.262625
0.878 	25.263590
0.879 	25.452489
0.880 	26.132336
0.881 	26.027751
0.882 	25.465745
0.883 	25.742229
0.884 	27.642986
0.885 	29.138184
0.886 	28.571083
0.887 	27.980335
0.888 	28.685418
0.889 	29.389882
0.890 	29.025163
0.891 	27.889557
0.892 	27.235853
0.893 	27.920611
0.894 	28.661892
0.895 	28.410278
0.896 	28.445560
0.897 	29.045708
0.898 	28.392263
0.899 	26.917025
0.900 	26.272126
0.901 	26.635431
0.902 	27.241079
0.903 	27.546521
0.904 	27.857156
0.905 	28.266667
0.906 	28.143785
0.907 	27.359214
0.908 	26.328236
0.909 	26.047687
0.910 	26.493756
0.911 	25.825353
0.912 	23.932736
0.913 	22.806294
0.914 	24.031296
0.915 	26.942359
0.916 	29.447431
0.917 	29.622049
0.918 	27.751842
0.919 	26.060197
0.920 	24.513942
0.921 	23.562569
0.922 	24.937704
0.923 	27.404412
0.924 	27.939269
0.925 	26.617474
0.926 	25.544916
0.927 	25.565091
0.928 	25.885032
0.929 	25.031115
0.930 	23.872371
0.931 	24.802328
0.932 	26.883162
0.933 	27.559374
0.934 	28.339376
0.935 	28.695600
0.936 	27.445411
0.937 	26.706708
0.938 	27.224834
0.939 	27.966752
0.940 	27.410931
0.941 	26.505971
0.942 	25.720219
0.943 	24.745749
0.944 	24.389013
0.945 	23.801733
0.946 	22.280615
0.947 	22.998183
0.948 	24.150686
0.949 	25.027032
0.950 	26.920166
0.951 	27.168871
0.952 	26.533873
0.953 	25.762560
0.954 	26.176311
0.955 	26.972762
0.956 	26.294435
0.957 	24.092335
0.958 	22.295485
0.959 	21.216030
0.960 	23.407525
0.961 	25.812893
0.962 	27.018175
0.963 	26.501060
0.964 	25.180571
0.965 	23.275422
0.966 	22.459517
0.967 	22.843240
0.968 	23.303746
0.969 	24.777320
0.970 	24.385003
0.971 	23.177891
0.972 	23.253650
0.973 	24.811699
0.974 	25.946171
0.975 	24.822961
0.976 	23.461704
0.977 	23.981104
0.978 	24.505656
0.979 	25.757154
0.980 	25.481153
0.981 	25.484710
0.982 	24.414923
0.983 	23.322087
0.984 	23.370136
0.985 	21.822999
0.986 	20.861329
0.987 	21.974461
0.988 	22.420643
0.989 	23.538021
0.990 	25.849226
0.991 	25.389614
0.992 	24.023403
0.993 	23.975765
0.994 	23.333543
0.995 	23.821036
0.996 	23.870968
0.997 	22.857848
0.998 	23.259778
0.999 	23.477503
1.000 	22.474436
1.001 	20.859198
1.002 	20.875267
1.003 	22.656398
1.004 	22.984290
1.005 	23.066819
1.006 	24.884611
1.007 	25.645393
1.008 	26.588724
1.009 	25.915844
1.010 	24.625381
1.011 	23.010795
1.012 	22.413099
1.013 	23.895694
1.014 	24.048561
1.015 	23.425078
1.016 	23.201641
1.017 	23.141560
1.018 	23.384201
1.019 	24.320565
1.020 	23.952745
1.021 	22.550888
1.022 	23.408893
1.023 	23.821573
1.024 	23.125496
1.025 	23.652356
1.026 	24.773295
1.027 	26.027271
1.028 	25.346262
1.029 	22.350006
1.030 	21.051333
1.031 	23.344722
1.032 	25.237646
1.033 	25.487261
1.034 	25.676872
1.035 	26.228124
1.036 	24.509812
1.037 	22.155570
1.038 	23.223342
1.039 	23.469677
1.040 	23.247877
1.041 	24.434314
1.042 	23.538456
1.043 	22.540348
1.044 	24.073868
1.045 	24.398423
1.046 	24.147710
1.047 	24.349246
1.048 	23.638317
1.049 	22.620560
1.050 	22.628981
1.051 	22.327376
1.052 	22.547089
1.053 	25.144144
1.054 	26.878504
1.055 	26.559802
1.056 	26.121558
1.057 	25.777064
1.058 	24.679522
1.059 	23.899608
1.060 	25.808330
1.061 	26.700920
1.062 	24.646041
1.063 	22.532073
1.064 	22.829515
1.065 	24.325226
1.066 	24.672820
1.067 	23.909348
1.068 	24.035225
1.069 	24.973596
1.070 	23.397725
1.071 	20.524017
1.072 	21.529404
1.073 	25.636671
1.074 	27.800047
1.075 	26.434640
1.076 	23.255654
1.077 	22.259515
1.078 	23.954055
1.079 	24.027862
1.080 	22.694891
1.081 	23.281019
1.082 	26.022996
1.083 	28.054759
1.084 	26.782444
1.085 	24.549134
1.086 	22.922757
1.087 	22.122392
1.088 	21.674528
1.089 	21.596330
1.090 	21.822209
1.091 	21.868029
1.092 	22.933012
1.093 	25.344211
1.094 	26.276748
1.095 	25.022750
1.096 	24.731356
1.097 	25.242322
1.098 	24.512893
1.099 	23.948732
1.100 	24.250790
1.101 	23.483472
1.102 	21.696359
1.103 	22.518691
1.104 	24.237582
1.105 	24.000855
1.106 	23.591519
1.107 	24.037481
1.108 	24.057940
1.109 	24.474614
1.110 	25.103411
1.111 	24.567557
1.112 	23.573660
1.113 	22.930628
1.114 	22.785359
1.115 	23.344206
1.116 	23.308162
1.117 	22.344747
1.118 	22.525497
1.119 	24.235145
1.120 	24.598824
1.121 	22.736979
1.122 	20.949971
1.123 	21.173342
1.124 	23.017400
1.125 	24.300400
1.126 	24.401495
1.127 	24.307727
1.128 	23.999487
1.129 	23.955915
1.130 	23.919768
1.131 	23.403995
1.132 	23.322415
1.133 	23.380271
1.134 	23.166704
1.135 	22.734867
1.136 	22.190907
1.137 	21.288256
1.138 	20.233201
1.139 	20.453525
1.140 	21.513187
1.141 	22.074126
1.142 	22.117162
1.143 	21.868548
1.144 	22.050971
1.145 	22.245618
1.146 	21.322377
1.147 	19.873006
1.148 	19.489211
1.149 	20.414472
1.150 	20.765636
1.151 	20.630644
1.152 	21.143631
1.153 	21.114458
1.154 	20.120051
1.155 	19.645722
1.156 	20.458690
1.157 	21.169745
1.158 	20.941732
1.159 	20.088383
1.160 	19.260817
1.161 	19.251375
1.162 	20.594706
1.163 	21.689581
1.164 	20.815862
1.165 	19.676546
1.166 	20.344262
1.167 	21.375453
1.168 	20.645688
1.169 	19.788942
1.170 	20.089499
1.171 	19.700575
1.172 	18.511116
1.173 	18.084577
1.174 	19.078188
1.175 	20.112032
1.176 	19.480829
1.177 	18.808559
1.178 	19.735564
1.179 	21.061771
1.180 	20.945373
1.181 	20.218824
1.182 	20.441952
1.183 	20.803046
1.184 	20.719178
1.185 	20.484098
1.186 	19.947193
1.187 	18.949799
1.188 	18.105099
1.189 	18.363483
1.190 	19.471569
1.191 	19.327297
1.192 	17.142910
1.193 	16.168928
1.194 	18.329674
1.195 	20.770018
1.196 	21.197791
1.197 	20.976227
1.198 	20.865572
1.199 	19.260919
1.200 	17.840593
1.201 	18.256331
1.202 	18.621858
1.203 	18.235296
1.204 	17.984274
1.205 	18.408086
1.206 	19.005748
1.207 	19.758935
1.208 	20.990501
1.209 	22.539279
1.210 	23.143887
1.211 	21.615106
1.212 	19.208509
1.213 	17.613292
1.214 	16.983458
1.215 	17.084570
1.216 	17.484451
1.217 	18.329361
1.218 	19.582999
1.219 	19.826081
1.220 	18.168014
1.221 	16.726311
1.222 	17.543415
1.223 	19.364068
1.224 	20.692234
1.225 	21.083439
1.226 	20.997301
1.227 	20.703218
1.228 	20.458765
1.229 	20.262410
1.230 	20.059298
1.231 	20.250449
1.232 	20.764041
1.233 	21.498284
1.234 	21.801709
1.235 	20.919912
1.236 	20.030659
1.237 	21.025491
1.238 	22.385655
1.239 	21.141492
1.240 	18.942866
1.241 	19.442081
1.242 	21.904360
1.243 	22.715337
1.244 	20.425272
1.245 	17.574908
1.246 	17.639342
1.247 	19.593038
1.248 	20.376181
1.249 	19.841675
1.250 	19.247426
1.251 	18.929009
1.252 	18.557751
1.253 	17.901169
1.254 	17.982428
1.255 	19.528127
1.256 	21.269720
1.257 	22.176635
1.258 	21.272667
1.259 	19.520967
1.260 	19.055246
1.261 	20.690028
1.262 	22.950652
1.263 	23.720255
1.264 	23.683398
1.265 	21.583036
1.266 	18.064794
1.267 	16.886857
1.268 	18.660614
1.269 	20.627912
1.270 	20.753974
1.271 	20.187774
1.272 	19.976554
1.273 	19.545298
1.274 	18.894029
1.275 	18.650495
1.276 	19.324875
1.277 	20.963282
1.278 	22.160217
1.279 	22.255972
1.280 	21.549291
1.281 	21.512881
1.282 	22.254094
1.283 	21.796922
1.284 	20.384203
1.285 	19.164153
1.286 	17.755397
1.287 	16.795868
1.288 	17.117068
1.289 	17.868549
1.290 	18.904358
1.291 	20.018786
1.292 	19.839887
1.293 	19.536142
1.294 	20.990328
1.295 	23.550533
1.296 	24.044199
1.297 	21.120950
1.298 	18.394117
1.299 	17.764258
1.300 	18.771432
1.301 	20.434673
1.302 	21.253380
1.303 	20.795383
1.304 	20.279566
1.305 	19.795759
1.306 	18.926326
1.307 	18.617012
1.308 	18.107090
1.309 	16.768869
1.310 	15.791883
1.311 	16.717242
1.312 	19.779301
1.313 	21.866947
1.314 	21.093089
1.315 	18.729155
1.316 	17.139474
1.317 	17.613433
1.318 	18.787614
1.319 	19.431320
1.320 	20.154608
1.321 	21.005881
1.322 	19.642196
1.323 	16.560681
1.324 	15.081897
1.325 	16.291720
1.326 	18.461361
1.327 	19.862838
1.328 	20.083208
1.329 	18.859102
1.330 	17.443418
1.331 	17.621432
1.332 	18.807721
1.333 	19.394812
1.334 	19.603067
1.335 	20.021827
1.336 	19.872454
1.337 	18.553223
1.338 	17.088616
1.339 	15.806416
1.340 	14.395229
1.341 	14.130531
1.342 	14.963179
1.343 	16.039660
1.344 	17.485408
1.345 	18.125606
1.346 	17.314986
1.347 	17.121021
1.348 	17.549352
1.349 	16.594088
1.350 	14.906243
1.351 	14.823262
1.352 	16.195481
1.353 	17.212037
1.354 	18.323225
1.355 	19.714911
1.356 	18.325336
1.357 	14.504731
1.358 	11.547581
1.359 	12.001232
1.360 	14.587551
1.361 	15.785939
1.362 	14.933724
1.363 	13.885694
1.364 	13.044243
1.365 	12.248044
1.366 	13.207148
1.367 	15.958604
1.368 	18.779192
1.369 	19.710708
1.370 	18.240443
1.371 	17.328517
1.372 	18.047632
1.373 	18.205028
1.374 	16.308239
1.375 	12.732930
1.376 	10.838652
1.377 	12.646727
1.378 	15.444199
1.379 	16.404415
1.380 	14.522459
1.381 	11.666041
1.382 	11.531052
1.383 	13.376253
1.384 	12.737291
1.385 	10.081424
1.386 	9.089602
1.387 	10.992033
1.388 	13.757544
1.389 	15.023090
1.390 	14.728454
1.391 	14.289240
1.392 	14.030256
1.393 	13.302445
1.394 	12.440122
1.395 	11.951260
1.396 	11.666972
1.397 	11.183915
1.398 	11.764855
1.399 	13.399403
1.400 	13.459268
1.401 	10.126266
1.402 	6.470700
1.403 	7.082845
1.404 	9.646448
1.405 	9.108688
1.406 	6.889233
1.407 	7.728369
1.408 	11.381785
1.409 	12.662150
1.410 	9.495951
1.411 	5.746531
1.412 	4.166213
1.413 	5.533083
1.414 	8.650773
1.415 	10.614382
1.416 	11.770276
1.417 	11.954948
1.418 	9.959672
1.419 	7.766770
1.420 	6.838839
1.421 	6.285181
1.422 	6.217147
1.423 	6.896208
1.424 	7.599068
1.425 	9.013792
1.426 	10.580126
1.427 	10.386070
1.428 	9.605444
1.429 	9.217902
1.430 	7.539876
1.431 	4.138842
1.432 	2.561578
1.433 	4.806332
1.434 	7.736334
1.435 	8.973332
1.436 	10.429356
1.437 	10.942557
1.438 	8.918590
1.439 	6.834013
1.440 	4.990674
1.441 	4.731358
1.442 	8.671218
1.443 	13.341574
1.444 	13.727765
1.445 	9.834600
1.446 	6.091720
1.447 	5.240567
1.448 	6.886959
1.449 	8.104624
1.450 	7.936216
1.451 	9.318172
1.452 	10.864714
1.453 	9.016282
1.454 	6.995086
1.455 	7.470315
1.456 	8.517637
1.457 	9.214787
1.458 	8.620316
1.459 	7.408800
1.460 	7.931642
1.461 	9.291682
1.462 	9.670915
1.463 	7.773989
1.464 	4.812057
1.465 	4.400466
1.466 	5.991958
1.467 	6.323214
1.468 	6.553026
1.469 	8.779299
1.470 	10.661631
1.471 	10.479283
1.472 	9.533673
1.473 	8.611199
1.474 	6.538590
1.475 	4.476730
1.476 	5.802871
1.477 	8.195725
1.478 	8.409129
1.479 	8.410678
1.480 	8.442347
1.481 	7.179626
1.482 	6.186940
1.483 	7.600873
1.484 	11.339254
1.485 	13.589145
1.486 	10.347225
1.487 	5.659829
1.488 	5.260816
1.489 	6.457023
1.490 	5.752001
1.491 	4.680619
1.492 	5.529257
1.493 	9.307333
1.494 	12.323522
1.495 	11.429737
1.496 	9.130172
1.497 	8.115015
1.498 	9.775818
1.499 	12.863430
1.500 	13.182370
1.501 	11.583549
1.502 	9.728174
1.503 	6.568512
1.504 	3.423761
1.505 	3.829671
1.506 	8.157791
1.507 	11.085492
1.508 	11.416749
1.509 	10.464123
1.510 	10.597476
1.511 	11.054385
1.512 	10.348903
1.513 	10.167329
1.514 	10.141869
1.515 	9.209425
1.516 	7.805395
1.517 	6.992731
1.518 	7.007700
1.519 	7.614690
1.520 	9.577604
1.521 	11.891362
1.522 	13.295274
1.523 	12.210485
1.524 	7.248870
1.525 	3.941723
1.526 	5.163931
1.527 	7.642510
1.528 	10.456363
1.529 	11.037044
1.530 	11.034403
1.531 	12.416581
1.532 	13.149661
1.533 	13.059728
1.534 	11.599572
1.535 	11.002885
1.536 	12.630924
1.537 	12.639364
1.538 	10.572728
1.539 	6.771343
1.540 	6.201294
1.541 	11.168681
1.542 	13.753559
1.543 	10.182304
1.544 	7.777248
1.545 	7.148875
1.546 	8.039141
1.547 	8.399447
1.548 	10.181868
1.549 	16.459987
1.550 	18.665294
1.551 	14.141045
1.552 	9.264194
1.553 	10.626437
1.554 	14.232559
1.555 	14.689602
1.556 	9.870947
1.557 	3.226170
1.558 	4.301887
1.559 	12.924709
1.560 	15.057067
1.561 	9.580456
1.562 	7.024586
1.563 	11.929955
1.564 	15.483904
1.565 	14.229610
1.566 	11.410354
1.567 	10.133376
1.568 	10.492129
1.569 	11.547333
1.570 	12.112059
1.571 	9.391833
1.572 	10.835125
1.573 	17.461631
1.574 	18.833309
1.575 	10.323449
1.576 	8.265826
1.577 	13.558613
1.578 	14.441706
1.579 	13.435489
1.580 	11.776401
1.581 	9.895333
1.582 	9.671407
1.583 	9.667069
1.584 	12.646248
1.585 	16.539326
1.586 	15.104498
1.587 	9.336310
1.588 	8.122520
1.589 	9.937896
1.590 	9.582964
1.591 	10.278037
1.592 	12.008419
1.593 	13.457558
1.594 	15.367982
1.595 	15.919279
1.596 	11.183188
1.597 	7.864670
1.598 	10.004539
1.599 	14.777810
1.600 	17.221809
1.601 	10.816429
1.602 	8.456629
1.603 	15.272229
1.604 	16.840335
1.605 	15.869385
1.606 	12.806033
1.607 	7.740284
1.608 	6.992557
1.609 	11.308977
1.610 	17.077360
1.611 	15.120611
1.612 	8.913917
1.613 	9.001836
1.614 	13.149141
1.615 	14.288616
1.616 	10.197608
1.617 	8.877619
1.618 	11.393241
1.619 	15.495450
1.620 	17.753429
1.621 	14.045192
1.622 	9.943015
1.623 	11.747618
1.624 	18.465016
1.625 	20.667726
1.626 	19.208384
1.627 	20.201524
1.628 	16.677844
1.629 	9.034121
1.630 	3.781448
1.631 	6.520026
1.632 	11.403920
1.633 	8.370564
1.634 	10.079033
1.635 	15.823819
1.636 	16.547272
1.637 	16.451663
1.638 	19.341847
1.639 	13.139831
1.640 	10.228583
1.641 	17.064612
1.642 	17.475751
1.643 	13.915105
1.644 	15.446889
1.645 	19.417254
1.646 	13.749442
1.647 	7.721707
1.648 	8.906499
1.649 	10.718115
1.650 	11.559441
1.651 	14.495356
1.652 	18.198159
1.653 	14.102728
1.654 	12.542158
1.655 	13.241584
1.656 	13.183552
1.657 	19.052913
1.658 	21.144353
1.659 	22.047867
1.660 	15.917606
1.661 	10.370377
1.662 	16.212415
1.663 	17.879766
1.664 	11.896638
1.665 	9.987009
1.666 	7.976733
1.667 	7.917419
1.668 	10.592764
1.669 	14.167759
1.670 	7.297806
1.671 	8.956123
1.672 	24.176101
1.673 	24.217381
1.674 	17.881496
1.675 	7.191389
1.676 	8.566506
1.677 	10.062301
1.678 	10.148049
1.679 	10.710949
1.680 	21.946254
1.681 	9.717464
1.682 	7.293944
1.683 	9.992426
1.684 	6.390145
1.685 	-0.043752
1.686 	16.405394
1.687 	10.936366
1.688 	16.246109
1.689 	25.504504
1.690 	7.606687
1.691 	-0.761758
1.692 	17.202699
1.693 	25.429887
1.694 	-20.744206
1.695 	-4.901091
1.696 	20.775218
1.697 	13.963704
1.698 	3.662327
1.699 	5.639163
1.700 	32.360250
