0.660 	37.889805
0.661 	34.910152
0.662 	34.510546
0.663 	37.137893
0.664 	38.489204
0.665 	37.280281
0.666 	36.570308
0.667 	36.724091
0.668 	42.006670
0.669 	31.491393
0.670 	33.830380
0.671 	36.795126
0.672 	33.118250
0.673 	38.114069
0.674 	33.382325
0.675 	38.356210
0.676 	38.110370
0.677 	34.462347
0.678 	36.711158
0.679 	39.382632
0.680 	36.270394
0.681 	36.693037
0.682 	33.140612
0.683 	34.833897
0.684 	35.662863
0.685 	34.341283
0.686 	34.376849
0.687 	35.100873
0.688 	34.936954
0.689 	37.550718
0.690 	40.470704
0.691 	42.410532
0.692 	35.925216
0.693 	33.281788
0.694 	35.857360
0.695 	36.600681
0.696 	35.083922
0.697 	31.470441
0.698 	33.089560
0.699 	36.501601
0.700 	40.506821
0.701 	34.449665
0.702 	34.935355
0.703 	35.967071
0.704 	34.806370
0.705 	35.526178
0.706 	36.926583
0.707 	36.884037
0.708 	34.644127
0.709 	36.662496
0.710 	35.722036
0.711 	34.504063
0.712 	33.737156
0.713 	37.038149
0.714 	36.705414
0.715 	36.902977
0.716 	36.012876
0.717 	32.016146
0.718 	33.675256
0.719 	36.600731
0.720 	35.836283
0.721 	34.300254
0.722 	34.077143
0.723 	36.275908
0.724 	36.317063
0.725 	35.034924
0.726 	33.987940
0.727 	34.385277
0.728 	36.866087
0.729 	37.802928
0.730 	36.788300
0.731 	34.818005
0.732 	32.476909
0.733 	32.598375
0.734 	34.294817
0.735 	35.778147
0.736 	33.254615
0.737 	32.244888
0.738 	35.079324
0.739 	36.293192
0.740 	35.307085
0.741 	35.640847
0.742 	35.360426
0.743 	34.099388
0.744 	32.937322
0.745 	33.331035
0.746 	33.929446
0.747 	33.918476
0.748 	35.181766
0.749 	35.626954
0.750 	35.046509
0.751 	34.252053
0.752 	33.539773
0.753 	33.268757
0.754 	33.246828
0.755 	34.499899
0.756 	35.168413
0.757 	33.532231
0.758 	34.469128
0.759 	36.793183
0.760 	36.391696
0.761 	35.747614
0.762 	35.764528
0.763 	34.226995
0.764 	33.573674
0.765 	34.360203
0.766 	33.498809
0.767 	33.170778
0.768 	33.684459
0.769 	33.210413
0.770 	34.439150
0.771 	35.678673
0.772 	34.558506
0.773 	34.689113
0.774 	35.487871
0.775 	35.270714
0.776 	34.677281
0.777 	34.134968
0.778 	34.127566
0.779 	34.344625
0.780 	33.900135
0.781 	33.296026
0.782 	32.719174
0.783 	31.517719
0.784 	32.431340
0.785 	34.595872
0.786 	35.270985
0.787 	34.956339
0.788 	34.148164
0.789 	34.049516
0.790 	33.760879
0.791 	32.890411
0.792 	32.790320
0.793 	33.636395
0.794 	34.291315
0.795 	34.972775
0.796 	35.105725
0.797 	33.096895
0.798 	31.857259
0.799 	33.174868
0.800 	34.038908
0.801 	33.311774
0.802 	33.832102
0.803 	34.867142
0.804 	34.625687
0.805 	33.877419
0.806 	33.249196
0.807 	33.003790
0.808 	33.191979
0.809 	33.887726
0.810 	34.640350
0.811 	35.220985
0.812 	35.070763
0.813 	34.226390
0.814 	33.688381
0.815 	32.794052
0.816 	31.771678
0.817 	32.325473
0.818 	33.409381
0.819 	34.340923
0.820 	35.185190
0.821 	34.688286
0.822 	33.171524
0.823 	32.844645
0.824 	33.609345
0.825 	33.839235
0.826 	33.182985
0.827 	32.208138
0.828 	31.876652
0.829 	32.504623
0.830 	33.634653
0.831 	34.281106
0.832 	33.709518
0.833 	33.002627
0.834 	32.852675
0.835 	33.577786
0.836 	33.401655
0.837 	32.670309
0.838 	33.180390
0.839 	33.385424
0.840 	32.903390
0.841 	33.054334
0.842 	33.539827
0.843 	33.960982
0.844 	33.692146
0.845 	32.142448
0.846 	31.311947
0.847 	31.986502
0.848 	33.173220
0.849 	33.670271
0.850 	32.946308
0.851 	32.107438
0.852 	32.419568
0.853 	33.804883
0.854 	34.910843
0.855 	34.290702
0.856 	32.603400
0.857 	31.766112
0.858 	32.632370
0.859 	33.311524
0.860 	32.804721
0.861 	32.460862
0.862 	32.742457
0.863 	32.992419
0.864 	33.104013
0.865 	33.096837
0.866 	32.760465
0.867 	32.155549
0.868 	32.003417
0.869 	32.147316
0.870 	32.426653
0.871 	33.442067
0.872 	33.903271
0.873 	32.833359
0.874 	31.863284
0.875 	31.731930
0.876 	31.604443
0.877 	31.676457
0.878 	31.803644
0.879 	31.715452
0.880 	32.004281
0.881 	32.891552
0.882 	33.699193
0.883 	33.422949
0.884 	32.338069
0.885 	32.354389
0.886 	33.086973
0.887 	32.513322
0.888 	31.566951
0.889 	31.272292
0.890 	31.045870
0.891 	31.380146
0.892 	32.285325
0.893 	32.752369
0.894 	32.552645
0.895 	32.140976
0.896 	32.476031
0.897 	33.518775
0.898 	33.812957
0.899 	32.902627
0.900 	31.850035
0.901 	30.973786
0.902 	30.500338
0.903 	31.079502
0.904 	32.468307
0.905 	33.033084
0.906 	32.802658
0.907 	32.997276
0.908 	33.192247
0.909 	32.931946
0.910 	32.568796
0.911 	32.061635
0.912 	31.390514
0.913 	30.843528
0.914 	30.602789
0.915 	31.218117
0.916 	32.126641
0.917 	31.838176
0.918 	31.047907
0.919 	30.692666
0.920 	30.066436
0.921 	29.540843
0.922 	29.828894
0.923 	30.979865
0.924 	32.280555
0.925 	32.969075
0.926 	32.715448
0.927 	32.438056
0.928 	32.417837
0.929 	31.592243
0.930 	30.040410
0.931 	29.434732
0.932 	30.875618
0.933 	32.610777
0.934 	32.097839
0.935 	30.712468
0.936 	30.278281
0.937 	30.325040
0.938 	30.832517
0.939 	32.096680
0.940 	32.671605
0.941 	32.090802
0.942 	31.359947
0.943 	30.966333
0.944 	30.475606
0.945 	30.459415
0.946 	30.686042
0.947 	30.787943
0.948 	30.365888
0.949 	29.641900
0.950 	29.521099
0.951 	30.565240
0.952 	31.298749
0.953 	30.887257
0.954 	30.768782
0.955 	30.808575
0.956 	31.289954
0.957 	31.328277
0.958 	30.396903
0.959 	30.084495
0.960 	31.210001
0.961 	31.125066
0.962 	30.975813
0.963 	31.067137
0.964 	30.795202
0.965 	30.365580
0.966 	29.631973
0.967 	29.574575
0.968 	29.857911
0.969 	29.399771
0.970 	29.520796
0.971 	30.345315
0.972 	30.916825
0.973 	31.053422
0.974 	30.735293
0.975 	30.660710
0.976 	30.550702
0.977 	30.645659
0.978 	31.249075
0.979 	30.698330
0.980 	30.162818
0.981 	31.073845
0.982 	30.650342
0.983 	29.848746
0.984 	30.145166
0.985 	30.331658
0.986 	30.757122
0.987 	31.119625
0.988 	31.208377
0.989 	31.741559
0.990 	31.463179
0.991 	30.503411
0.992 	29.868999
0.993 	29.684760
0.994 	29.706659
0.995 	29.521826
0.996 	29.885627
0.997 	31.266226
0.998 	32.417722
0.999 	32.149869
1.000 	31.558141
1.001 	30.984379
1.002 	30.232650
1.003 	30.945304
1.004 	32.056961
1.005 	31.981717
1.006 	30.543677
1.007 	28.977462
1.008 	29.010958
1.009 	29.301577
1.010 	29.233122
1.011 	30.527266
1.012 	31.501678
1.013 	31.856877
1.014 	32.419831
1.015 	31.545377
1.016 	30.203895
1.017 	30.057391
1.018 	30.306890
1.019 	30.349125
1.020 	31.376291
1.021 	32.543700
1.022 	32.260056
1.023 	31.328857
1.024 	30.457730
1.025 	29.665959
1.026 	30.306014
1.027 	31.063139
1.028 	30.825444
1.029 	30.136957
1.030 	29.551109
1.031 	29.845941
1.032 	30.795772
1.033 	31.415380
1.034 	31.230823
1.035 	31.160705
1.036 	31.071380
1.037 	30.761745
1.038 	31.105687
1.039 	32.206195
1.040 	32.030093
1.041 	31.195811
1.042 	31.711387
1.043 	31.864811
1.044 	31.518788
1.045 	31.209478
1.046 	30.715032
1.047 	30.904686
1.048 	31.416672
1.049 	31.052344
1.050 	29.632440
1.051 	28.016665
1.052 	28.554772
1.053 	30.984611
1.054 	33.663434
1.055 	34.235885
1.056 	32.828229
1.057 	30.717177
1.058 	30.053382
1.059 	30.939614
1.060 	32.281226
1.061 	32.615422
1.062 	31.959773
1.063 	31.483329
1.064 	30.706565
1.065 	29.725725
1.066 	29.366465
1.067 	29.482136
1.068 	30.748471
1.069 	32.152742
1.070 	32.785511
1.071 	32.565009
1.072 	31.848615
1.073 	31.197635
1.074 	31.160066
1.075 	31.186612
1.076 	30.518362
1.077 	29.929183
1.078 	30.245606
1.079 	30.882620
1.080 	31.145036
1.081 	30.651179
1.082 	30.732411
1.083 	31.643751
1.084 	31.875004
1.085 	31.220326
1.086 	30.450949
1.087 	30.131288
1.088 	30.204074
1.089 	30.602823
1.090 	30.642225
1.091 	30.231726
1.092 	30.504918
1.093 	30.887825
1.094 	30.512159
1.095 	30.109640
1.096 	30.186650
1.097 	30.129840
1.098 	29.876090
1.099 	30.021206
1.100 	30.485578
1.101 	30.624481
1.102 	31.185431
1.103 	32.006915
1.104 	31.755282
1.105 	30.876920
1.106 	30.928269
1.107 	31.359687
1.108 	30.971176
1.109 	29.903602
1.110 	29.137464
1.111 	29.134601
1.112 	29.748376
1.113 	31.038024
1.114 	31.810307
1.115 	30.659920
1.116 	28.941385
1.117 	28.560835
1.118 	29.384934
1.119 	30.339198
1.120 	30.258416
1.121 	29.527342
1.122 	29.574101
1.123 	30.185401
1.124 	30.337120
1.125 	29.924097
1.126 	29.337265
1.127 	28.974891
1.128 	29.516862
1.129 	30.490489
1.130 	30.545873
1.131 	29.637434
1.132 	28.543338
1.133 	28.644166
1.134 	29.974747
1.135 	30.205482
1.136 	28.970795
1.137 	27.851201
1.138 	27.485767
1.139 	28.114064
1.140 	28.540777
1.141 	27.877544
1.142 	27.659011
1.143 	28.357359
1.144 	28.429855
1.145 	27.933492
1.146 	28.131115
1.147 	28.583612
1.148 	28.254631
1.149 	27.100763
1.150 	26.287685
1.151 	26.476122
1.152 	26.802589
1.153 	26.656101
1.154 	26.538897
1.155 	26.351272
1.156 	25.979190
1.157 	26.365727
1.158 	27.098592
1.159 	27.426013
1.160 	27.588476
1.161 	27.604847
1.162 	27.487583
1.163 	26.994059
1.164 	26.140613
1.165 	26.058314
1.166 	26.798452
1.167 	27.165951
1.168 	26.993859
1.169 	26.469974
1.170 	25.884631
1.171 	26.078563
1.172 	26.505679
1.173 	26.291456
1.174 	25.783292
1.175 	25.649006
1.176 	25.862088
1.177 	26.080972
1.178 	26.301800
1.179 	26.379467
1.180 	26.329262
1.181 	26.217207
1.182 	25.698652
1.183 	25.459100
1.184 	25.828768
1.185 	25.790893
1.186 	25.770185
1.187 	26.611475
1.188 	27.570222
1.189 	27.459047
1.190 	26.275577
1.191 	25.729625
1.192 	26.484161
1.193 	27.173463
1.194 	26.682055
1.195 	25.825434
1.196 	26.132749
1.197 	27.317476
1.198 	27.891902
1.199 	27.466026
1.200 	26.390419
1.201 	25.122243
1.202 	24.689871
1.203 	25.199871
1.204 	25.933965
1.205 	26.590153
1.206 	26.941575
1.207 	27.162795
1.208 	27.651538
1.209 	27.500813
1.210 	26.466025
1.211 	25.575764
1.212 	25.500048
1.213 	26.126228
1.214 	27.221631
1.215 	27.969084
1.216 	27.796413
1.217 	26.769203
1.218 	25.527612
1.219 	25.178946
1.220 	25.921510
1.221 	26.685241
1.222 	26.805040
1.223 	27.103198
1.224 	27.666889
1.225 	27.783187
1.226 	27.279342
1.227 	26.686567
1.228 	26.496769
1.229 	26.366497
1.230 	26.425285
1.231 	27.304340
1.232 	28.114937
1.233 	27.969987
1.234 	27.251157
1.235 	26.863625
1.236 	26.621300
1.237 	26.201898
1.238 	25.987802
1.239 	26.652474
1.240 	27.832895
1.241 	28.634305
1.242 	28.892615
1.243 	28.685583
1.244 	27.518740
1.245 	26.211832
1.246 	25.717189
1.247 	26.135708
1.248 	27.013664
1.249 	27.521672
1.250 	27.201020
1.251 	26.805940
1.252 	26.903423
1.253 	26.677389
1.254 	25.698676
1.255 	25.047875
1.256 	25.656679
1.257 	26.975171
1.258 	28.069908
1.259 	28.857192
1.260 	29.120745
1.261 	28.654155
1.262 	27.727134
1.263 	27.075148
1.264 	26.792916
1.265 	26.953984
1.266 	27.603256
1.267 	28.351198
1.268 	28.526884
1.269 	27.324003
1.270 	25.315575
1.271 	24.727396
1.272 	26.219463
1.273 	27.577019
1.274 	27.780919
1.275 	27.293398
1.276 	26.833180
1.277 	26.701680
1.278 	26.779186
1.279 	27.094933
1.280 	27.322577
1.281 	26.362925
1.282 	25.040053
1.283 	25.635915
1.284 	27.355300
1.285 	28.218967
1.286 	28.193641
1.287 	27.724440
1.288 	26.671968
1.289 	25.526036
1.290 	25.021822
1.291 	25.287438
1.292 	26.219894
1.293 	27.517678
1.294 	28.159885
1.295 	27.522188
1.296 	26.432293
1.297 	26.161288
1.298 	26.685252
1.299 	26.739091
1.300 	26.277072
1.301 	26.228133
1.302 	26.324191
1.303 	25.653271
1.304 	24.714999
1.305 	24.459587
1.306 	24.926498
1.307 	25.116358
1.308 	24.937517
1.309 	24.965228
1.310 	25.172855
1.311 	25.154124
1.312 	24.701700
1.313 	24.239916
1.314 	24.222244
1.315 	24.525399
1.316 	25.349657
1.317 	26.331118
1.318 	26.414138
1.319 	25.216741
1.320 	24.587237
1.321 	25.541387
1.322 	26.726310
1.323 	26.869571
1.324 	26.121188
1.325 	25.287285
1.326 	24.784643
1.327 	25.217387
1.328 	25.949781
1.329 	25.278548
1.330 	23.672271
1.331 	23.079293
1.332 	23.974188
1.333 	24.676695
1.334 	24.298427
1.335 	23.869742
1.336 	23.947605
1.337 	24.112096
1.338 	23.787966
1.339 	22.777871
1.340 	22.343757
1.341 	23.370929
1.342 	24.500450
1.343 	24.773847
1.344 	24.886219
1.345 	24.732266
1.346 	23.656213
1.347 	22.289589
1.348 	21.572145
1.349 	21.806247
1.350 	23.245212
1.351 	24.921427
1.352 	25.046369
1.353 	24.885904
1.354 	25.324295
1.355 	24.834708
1.356 	23.051720
1.357 	21.543107
1.358 	21.404928
1.359 	21.852644
1.360 	21.650001
1.361 	21.544962
1.362 	21.945784
1.363 	21.890330
1.364 	21.566477
1.365 	21.643733
1.366 	21.780597
1.367 	21.534043
1.368 	21.301797
1.369 	21.484352
1.370 	21.482799
1.371 	21.352256
1.372 	21.267573
1.373 	20.628656
1.374 	19.875183
1.375 	20.265280
1.376 	21.612949
1.377 	22.350070
1.378 	21.810922
1.379 	20.463656
1.380 	19.157090
1.381 	18.294747
1.382 	18.295945
1.383 	18.614024
1.384 	18.638642
1.385 	18.577817
1.386 	18.319907
1.387 	18.405756
1.388 	19.242411
1.389 	19.595492
1.390 	18.782694
1.391 	17.504104
1.392 	16.662206
1.393 	16.611802
1.394 	16.914261
1.395 	16.470831
1.396 	15.155398
1.397 	14.203946
1.398 	14.750730
1.399 	17.351907
1.400 	20.433833
1.401 	21.126032
1.402 	19.420356
1.403 	16.888192
1.404 	15.103314
1.405 	15.436801
1.406 	16.473974
1.407 	16.624198
1.408 	16.184884
1.409 	15.977200
1.410 	15.811670
1.411 	15.271818
1.412 	15.066148
1.413 	15.380807
1.414 	15.214334
1.415 	14.791300
1.416 	15.623897
1.417 	17.152835
1.418 	17.789158
1.419 	17.091301
1.420 	15.460381
1.421 	14.062768
1.422 	13.659341
1.423 	14.029973
1.424 	15.081541
1.425 	15.727788
1.426 	14.381581
1.427 	12.913913
1.428 	13.828064
1.429 	16.156141
1.430 	17.956004
1.431 	18.355126
1.432 	17.788292
1.433 	17.361884
1.434 	17.171641
1.435 	16.788563
1.436 	16.056367
1.437 	14.860925
1.438 	13.775047
1.439 	14.319343
1.440 	15.936666
1.441 	15.879462
1.442 	14.892144
1.443 	14.377490
1.444 	13.699007
1.445 	13.909640
1.446 	14.972583
1.447 	15.378605
1.448 	15.552631
1.449 	17.342714
1.450 	19.548750
1.451 	19.047471
1.452 	16.667624
1.453 	15.680107
1.454 	15.669072
1.455 	14.576498
1.456 	14.071741
1.457 	16.117232
1.458 	18.022551
1.459 	17.349798
1.460 	15.970990
1.461 	16.211274
1.462 	17.067108
1.463 	16.278423
1.464 	14.756953
1.465 	14.243437
1.466 	14.215151
1.467 	14.308205
1.468 	14.470492
1.469 	14.680764
1.470 	15.059980
1.471 	16.049679
1.472 	16.554508
1.473 	15.681335
1.474 	15.028695
1.475 	15.334958
1.476 	16.961036
1.477 	18.137276
1.478 	17.683462
1.479 	17.671491
1.480 	17.439561
1.481 	15.781368
1.482 	14.658248
1.483 	15.693419
1.484 	17.558903
1.485 	18.578601
1.486 	18.460659
1.487 	17.776035
1.488 	16.960363
1.489 	16.820976
1.490 	16.089937
1.491 	13.948281
1.492 	14.261000
1.493 	16.794560
1.494 	16.469581
1.495 	14.900956
1.496 	16.026884
1.497 	17.481982
1.498 	17.404356
1.499 	18.301997
1.500 	20.572626
1.501 	21.255056
1.502 	19.089843
1.503 	16.311646
1.504 	15.762304
1.505 	15.844393
1.506 	15.389570
1.507 	15.512333
1.508 	16.060816
1.509 	16.737676
1.510 	15.664223
1.511 	14.182521
1.512 	15.704310
1.513 	17.909245
1.514 	18.475588
1.515 	18.150569
1.516 	17.634926
1.517 	18.058056
1.518 	19.372914
1.519 	19.444255
1.520 	18.401765
1.521 	17.203262
1.522 	16.183500
1.523 	16.777692
1.524 	18.245098
1.525 	18.590239
1.526 	18.570227
1.527 	18.303559
1.528 	16.649374
1.529 	16.325835
1.530 	18.645989
1.531 	21.526614
1.532 	22.629441
1.533 	20.842268
1.534 	18.216270
1.535 	16.806954
1.536 	17.129098
1.537 	17.714105
1.538 	18.578207
1.539 	18.836842
1.540 	17.122088
1.541 	16.760298
1.542 	18.445331
1.543 	17.986973
1.544 	17.083940
1.545 	18.162045
1.546 	19.406018
1.547 	19.189284
1.548 	18.381352
1.549 	18.392204
1.550 	18.461532
1.551 	18.006131
1.552 	18.121535
1.553 	20.213690
1.554 	20.708728
1.555 	19.447222
1.556 	18.640638
1.557 	17.025040
1.558 	16.274694
1.559 	17.295577
1.560 	19.261392
1.561 	20.217154
1.562 	20.005551
1.563 	19.629353
1.564 	20.314084
1.565 	20.560873
1.566 	19.863864
1.567 	19.805524
1.568 	19.765331
1.569 	20.698309
1.570 	20.650582
1.571 	17.774840
1.572 	15.046079
1.573 	15.904741
1.574 	16.845824
1.575 	16.655659
1.576 	18.711650
1.577 	20.361614
1.578 	19.659428
1.579 	18.950768
1.580 	17.995672
1.581 	17.715970
1.582 	19.530023
1.583 	21.567699
1.584 	21.869597
1.585 	21.359478
1.586 	20.508321
1.587 	18.516087
1.588 	17.064416
1.589 	16.941201
1.590 	17.836078
1.591 	18.262832
1.592 	19.208271
1.593 	22.097486
1.594 	25.254597
1.595 	26.655360
1.596 	24.039289
1.597 	19.027674
1.598 	18.291133
1.599 	18.597218
1.600 	16.495653
1.601 	15.808061
1.602 	17.082204
1.603 	18.619683
1.604 	22.375799
1.605 	23.046133
1.606 	20.671427
1.607 	21.520503
1.608 	21.827001
1.609 	20.272495
1.610 	19.895314
1.611 	19.733591
1.612 	20.039390
1.613 	20.856812
1.614 	20.345686
1.615 	21.045145
1.616 	20.065873
1.617 	18.480857
1.618 	19.644435
1.619 	19.512562
1.620 	18.189935
1.621 	21.445589
1.622 	23.025994
1.623 	20.116437
1.624 	21.610916
1.625 	23.675346
1.626 	20.657850
1.627 	19.314322
1.628 	19.258023
1.629 	18.656175
1.630 	18.753674
1.631 	19.726789
1.632 	18.953399
1.633 	18.497108
1.634 	20.219463
1.635 	19.343210
1.636 	19.455464
1.637 	20.924394
1.638 	22.740309
1.639 	23.362880
1.640 	22.729740
1.641 	22.266448
1.642 	19.760391
1.643 	20.075729
1.644 	19.512899
1.645 	19.985596
1.646 	22.693604
1.647 	24.468602
1.648 	23.966845
1.649 	23.234032
1.650 	20.437055
1.651 	21.088351
1.652 	20.805792
1.653 	20.832718
1.654 	20.920945
1.655 	23.968690
1.656 	22.244187
1.657 	17.764030
1.658 	15.925210
1.659 	15.880110
1.660 	19.936493
1.661 	26.781393
1.662 	25.715765
1.663 	19.987988
1.664 	19.751132
1.665 	19.584050
1.666 	22.691616
1.667 	24.656731
1.668 	21.512576
1.669 	15.642501
1.670 	17.330835
1.671 	21.994828
1.672 	25.957802
1.673 	22.706300
1.674 	22.743118
1.675 	28.718646
1.676 	25.211914
1.677 	15.529531
1.678 	14.474516
1.679 	18.484371
1.680 	27.110126
1.681 	24.463440
1.682 	28.732755
1.683 	41.592696
1.684 	18.579995
1.685 	-6.465684
1.686 	24.610235
1.687 	35.916144
1.688 	21.110406
1.689 	22.136126
1.690 	27.707491
1.691 	9.015917
1.692 	4.741093
1.693 	22.312618
1.694 	26.247885
1.695 	26.522006
1.696 	17.025348
1.697 	23.275708
1.698 	16.273385
1.699 	26.985235
1.700 	35.800424
