0.660 	34.341515
0.661 	33.527358
0.662 	39.930134
0.663 	38.344240
0.664 	38.260539
0.665 	40.850363
0.666 	36.999675
0.667 	39.699708
0.668 	34.746515
0.669 	35.452036
0.670 	40.154071
0.671 	35.548137
0.672 	36.547646
0.673 	36.287128
0.674 	33.211090
0.675 	36.862463
0.676 	37.449791
0.677 	37.555932
0.678 	36.961726
0.679 	38.407598
0.680 	35.124713
0.681 	37.214129
0.682 	37.598987
0.683 	34.809716
0.684 	35.030692
0.685 	35.480023
0.686 	37.267981
0.687 	35.770553
0.688 	35.844890
0.689 	39.372981
0.690 	39.190424
0.691 	38.529390
0.692 	37.389343
0.693 	37.153604
0.694 	36.051400
0.695 	35.091007
0.696 	37.073842
0.697 	37.394892
0.698 	36.692880
0.699 	37.550350
0.700 	35.428660
0.701 	31.583126
0.702 	36.527822
0.703 	39.542288
0.704 	38.993530
0.705 	36.407264
0.706 	33.948419
0.707 	37.927650
0.708 	36.907043
0.709 	37.098062
0.710 	36.572173
0.711 	37.770482
0.712 	36.487481
0.713 	35.376288
0.714 	36.627774
0.715 	36.711241
0.716 	35.950676
0.717 	35.705013
0.718 	37.677863
0.719 	36.619409
0.720 	36.063762
0.721 	39.027120
0.722 	39.187721
0.723 	38.038013
0.724 	36.643613
0.725 	36.343327
0.726 	36.114553
0.727 	34.666063
0.728 	35.930202
0.729 	37.482373
0.730 	38.894158
0.731 	38.402141
0.732 	36.712001
0.733 	36.150632
0.734 	35.745321
0.735 	36.050805
0.736 	37.019970
0.737 	37.516592
0.738 	37.575389
0.739 	36.591076
0.740 	34.769274
0.741 	35.519828
0.742 	37.656767
0.743 	37.289096
0.744 	35.584094
0.745 	34.158074
0.746 	34.487512
0.747 	35.548707
0.748 	35.522606
0.749 	34.528049
0.750 	34.712316
0.751 	34.867204
0.752 	34.527164
0.753 	34.872695
0.754 	36.539863
0.755 	37.125244
0.756 	37.106812
0.757 	35.886740
0.758 	35.112650
0.759 	35.236117
0.760 	35.068615
0.761 	35.118167
0.762 	35.759021
0.763 	35.629176
0.764 	35.240945
0.765 	35.832101
0.766 	36.068834
0.767 	36.173559
0.768 	35.495536
0.769 	34.894069
0.770 	35.689695
0.771 	35.638246
0.772 	35.089260
0.773 	36.450129
0.774 	37.572022
0.775 	35.673501
0.776 	33.164525
0.777 	31.591482
0.778 	31.495397
0.779 	33.445905
0.780 	35.854472
0.781 	36.792550
0.782 	35.736111
0.783 	34.634773
0.784 	35.103223
0.785 	35.481372
0.786 	35.904724
0.787 	36.315162
0.788 	35.598448
0.789 	34.655485
0.790 	33.164018
0.791 	32.023948
0.792 	32.376485
0.793 	33.463134
0.794 	35.194618
0.795 	35.808106
0.796 	34.905378
0.797 	33.707561
0.798 	33.549036
0.799 	34.390279
0.800 	35.012350
0.801 	34.471538
0.802 	34.589526
0.803 	35.390311
0.804 	34.727249
0.805 	33.198697
0.806 	32.747757
0.807 	33.844418
0.808 	34.945518
0.809 	35.623089
0.810 	35.755961
0.811 	34.731030
0.812 	33.814539
0.813 	34.090746
0.814 	34.625327
0.815 	34.367665
0.816 	33.423066
0.817 	33.081249
0.818 	33.691824
0.819 	35.537496
0.820 	36.601401
0.821 	35.455411
0.822 	33.597934
0.823 	32.858386
0.824 	33.883339
0.825 	34.718326
0.826 	34.066783
0.827 	33.138073
0.828 	32.999810
0.829 	32.942037
0.830 	33.007492
0.831 	33.269248
0.832 	32.914999
0.833 	32.605046
0.834 	32.941153
0.835 	33.968579
0.836 	34.492808
0.837 	33.622083
0.838 	32.892467
0.839 	32.706652
0.840 	33.285443
0.841 	33.826337
0.842 	33.039649
0.843 	32.427778
0.844 	32.622581
0.845 	33.005318
0.846 	34.011348
0.847 	34.796707
0.848 	34.412582
0.849 	33.958478
0.850 	33.764724
0.851 	33.108285
0.852 	32.828852
0.853 	33.418278
0.854 	33.659748
0.855 	32.482200
0.856 	31.319484
0.857 	31.664590
0.858 	32.925691
0.859 	33.666742
0.860 	33.512991
0.861 	33.118575
0.862 	32.560490
0.863 	32.417956
0.864 	33.467446
0.865 	34.925689
0.866 	35.266577
0.867 	34.459548
0.868 	33.544089
0.869 	32.734580
0.870 	32.000984
0.871 	32.131702
0.872 	32.711838
0.873 	32.449932
0.874 	32.130775
0.875 	32.627786
0.876 	32.808106
0.877 	32.390392
0.878 	31.953357
0.879 	31.737949
0.880 	32.095320
0.881 	32.538655
0.882 	32.628252
0.883 	32.481543
0.884 	32.267123
0.885 	32.465915
0.886 	32.433017
0.887 	31.995497
0.888 	32.066064
0.889 	32.134555
0.890 	32.091552
0.891 	32.838293
0.892 	33.476363
0.893 	33.518941
0.894 	33.348085
0.895 	32.871582
0.896 	32.667346
0.897 	32.859262
0.898 	32.608927
0.899 	32.219766
0.900 	32.232210
0.901 	32.348094
0.902 	32.235513
0.903 	32.064025
0.904 	32.183684
0.905 	32.117515
0.906 	31.764901
0.907 	31.518529
0.908 	31.714240
0.909 	32.298831
0.910 	32.586506
0.911 	32.239091
0.912 	31.226805
0.913 	30.394188
0.914 	30.879561
0.915 	32.172718
0.916 	32.512656
0.917 	31.552138
0.918 	30.745112
0.919 	30.643393
0.920 	30.551416
0.921 	30.038135
0.922 	29.653390
0.923 	30.252569
0.924 	31.322753
0.925 	31.652112
0.926 	31.100358
0.927 	31.318981
0.928 	32.570884
0.929 	33.026816
0.930 	32.009775
0.931 	30.769570
0.932 	31.068173
0.933 	32.395794
0.934 	32.458972
0.935 	31.520444
0.936 	30.491299
0.937 	29.662584
0.938 	29.619137
0.939 	30.071606
0.940 	30.210958
0.941 	30.593141
0.942 	31.462686
0.943 	31.495764
0.944 	30.863234
0.945 	30.523650
0.946 	30.251891
0.947 	30.094406
0.948 	30.584159
0.949 	31.490231
0.950 	31.592059
0.951 	31.194300
0.952 	30.759867
0.953 	30.396945
0.954 	30.499131
0.955 	30.476399
0.956 	30.487509
0.957 	30.635349
0.958 	30.628658
0.959 	31.016853
0.960 	31.610698
0.961 	30.928040
0.962 	30.337797
0.963 	30.801501
0.964 	30.345400
0.965 	28.844534
0.966 	28.637769
0.967 	29.718419
0.968 	30.387218
0.969 	30.296340
0.970 	30.448528
0.971 	31.522171
0.972 	32.049621
0.973 	31.391179
0.974 	30.534856
0.975 	30.881820
0.976 	31.047746
0.977 	30.889880
0.978 	31.133236
0.979 	31.406335
0.980 	30.760264
0.981 	30.169992
0.982 	30.611270
0.983 	31.222092
0.984 	30.786895
0.985 	29.942653
0.986 	30.199418
0.987 	31.127158
0.988 	31.470411
0.989 	31.619349
0.990 	31.883531
0.991 	31.608548
0.992 	30.650494
0.993 	29.468383
0.994 	28.936736
0.995 	30.100297
0.996 	32.430121
0.997 	32.656370
0.998 	31.319514
0.999 	31.023376
1.000 	30.716708
1.001 	30.475898
1.002 	30.997231
1.003 	32.176638
1.004 	32.518528
1.005 	32.016774
1.006 	31.140948
1.007 	30.566217
1.008 	30.462965
1.009 	30.074202
1.010 	29.753824
1.011 	31.157331
1.012 	32.625274
1.013 	33.385434
1.014 	33.282186
1.015 	32.535980
1.016 	31.567068
1.017 	30.834844
1.018 	30.877917
1.019 	31.552446
1.020 	32.358911
1.021 	32.567418
1.022 	31.692178
1.023 	30.735191
1.024 	30.400512
1.025 	30.527943
1.026 	31.469178
1.027 	32.073493
1.028 	31.547487
1.029 	30.654483
1.030 	30.357584
1.031 	31.128463
1.032 	32.122325
1.033 	32.952156
1.034 	32.881188
1.035 	32.725629
1.036 	32.309053
1.037 	31.043122
1.038 	31.222788
1.039 	32.557948
1.040 	32.740971
1.041 	31.900298
1.042 	31.801242
1.043 	32.237135
1.044 	32.289282
1.045 	32.007623
1.046 	32.113332
1.047 	32.312050
1.048 	31.773764
1.049 	31.462781
1.050 	31.013272
1.051 	30.409279
1.052 	31.091309
1.053 	32.453569
1.054 	34.209064
1.055 	33.800818
1.056 	31.597641
1.057 	30.916024
1.058 	32.011966
1.059 	32.807546
1.060 	33.080807
1.061 	32.633017
1.062 	31.915025
1.063 	31.165144
1.064 	30.384002
1.065 	30.717470
1.066 	31.690256
1.067 	32.283705
1.068 	32.948478
1.069 	33.538247
1.070 	33.550064
1.071 	32.902104
1.072 	32.094563
1.073 	31.324087
1.074 	31.310744
1.075 	31.490372
1.076 	31.028050
1.077 	30.900847
1.078 	31.418362
1.079 	31.782094
1.080 	31.749615
1.081 	31.184136
1.082 	31.058690
1.083 	32.238165
1.084 	33.286908
1.085 	33.230757
1.086 	32.118167
1.087 	31.252999
1.088 	31.781681
1.089 	32.834264
1.090 	33.062169
1.091 	32.381281
1.092 	32.040056
1.093 	32.135141
1.094 	32.286465
1.095 	32.452132
1.096 	31.953902
1.097 	30.990015
1.098 	30.475569
1.099 	30.798250
1.100 	31.755044
1.101 	32.471490
1.102 	32.467194
1.103 	31.775917
1.104 	30.575483
1.105 	30.187213
1.106 	30.953199
1.107 	31.566254
1.108 	31.552142
1.109 	31.132239
1.110 	30.872036
1.111 	30.973011
1.112 	31.347589
1.113 	31.946556
1.114 	31.671073
1.115 	30.022208
1.116 	28.551884
1.117 	28.459007
1.118 	29.094743
1.119 	30.354411
1.120 	31.689166
1.121 	31.965478
1.122 	31.806620
1.123 	31.773070
1.124 	31.460025
1.125 	31.001007
1.126 	30.700794
1.127 	30.100968
1.128 	29.608752
1.129 	29.806288
1.130 	29.902523
1.131 	29.513304
1.132 	29.505167
1.133 	29.949948
1.134 	29.958683
1.135 	29.452283
1.136 	29.010573
1.137 	28.817187
1.138 	28.961102
1.139 	29.360042
1.140 	29.006989
1.141 	28.362959
1.142 	28.531124
1.143 	28.657350
1.144 	28.097831
1.145 	27.654870
1.146 	28.008299
1.147 	28.257390
1.148 	27.710289
1.149 	27.154366
1.150 	27.031705
1.151 	26.900247
1.152 	26.890581
1.153 	27.001926
1.154 	27.033601
1.155 	27.114249
1.156 	27.108831
1.157 	26.898054
1.158 	27.080429
1.159 	27.715798
1.160 	27.556452
1.161 	26.691560
1.162 	26.400226
1.163 	26.680761
1.164 	26.794584
1.165 	26.675838
1.166 	26.946451
1.167 	27.486014
1.168 	27.588255
1.169 	27.421083
1.170 	27.451007
1.171 	27.497920
1.172 	27.152572
1.173 	26.443024
1.174 	25.590607
1.175 	25.447175
1.176 	26.075146
1.177 	25.950735
1.178 	25.181039
1.179 	25.122082
1.180 	25.769401
1.181 	26.346150
1.182 	26.247260
1.183 	26.139840
1.184 	26.660129
1.185 	26.654055
1.186 	25.911257
1.187 	25.379303
1.188 	25.270154
1.189 	25.517422
1.190 	26.123554
1.191 	26.460187
1.192 	26.181346
1.193 	25.936030
1.194 	26.246641
1.195 	26.820320
1.196 	27.105253
1.197 	27.243858
1.198 	26.919042
1.199 	25.880417
1.200 	25.045862
1.201 	24.577936
1.202 	24.271772
1.203 	24.711975
1.204 	25.902475
1.205 	26.827439
1.206 	27.240621
1.207 	27.586033
1.208 	27.720316
1.209 	27.013740
1.210 	25.962969
1.211 	25.122616
1.212 	24.677471
1.213 	25.082847
1.214 	26.337610
1.215 	27.014755
1.216 	26.582517
1.217 	25.963238
1.218 	25.719045
1.219 	26.086040
1.220 	27.087997
1.221 	28.025527
1.222 	27.755128
1.223 	26.959761
1.224 	26.880374
1.225 	26.975871
1.226 	26.730499
1.227 	26.527763
1.228 	26.946882
1.229 	27.341870
1.230 	27.142513
1.231 	27.182344
1.232 	27.688656
1.233 	27.944338
1.234 	27.549449
1.235 	26.930171
1.236 	26.599762
1.237 	27.000535
1.238 	27.642764
1.239 	27.942294
1.240 	28.372168
1.241 	28.838823
1.242 	29.090288
1.243 	29.041659
1.244 	28.368784
1.245 	27.532097
1.246 	26.812135
1.247 	26.522915
1.248 	27.247319
1.249 	28.170755
1.250 	27.848122
1.251 	27.026480
1.252 	27.139165
1.253 	27.608937
1.254 	27.756587
1.255 	28.075217
1.256 	28.877958
1.257 	29.450181
1.258 	29.307953
1.259 	29.005109
1.260 	28.966183
1.261 	28.519138
1.262 	27.297043
1.263 	26.573125
1.264 	27.177861
1.265 	28.594917
1.266 	29.323546
1.267 	28.479228
1.268 	27.912131
1.269 	28.285777
1.270 	27.961865
1.271 	26.580001
1.272 	26.184264
1.273 	26.953015
1.274 	27.500176
1.275 	27.683611
1.276 	27.903765
1.277 	27.891742
1.278 	27.647152
1.279 	27.405104
1.280 	26.843121
1.281 	25.750631
1.282 	25.389701
1.283 	26.461601
1.284 	27.475773
1.285 	28.040509
1.286 	28.606714
1.287 	28.677822
1.288 	28.093216
1.289 	27.261990
1.290 	26.418976
1.291 	26.053725
1.292 	26.620448
1.293 	27.964686
1.294 	28.998578
1.295 	29.239884
1.296 	28.834801
1.297 	28.159380
1.298 	27.219883
1.299 	26.420430
1.300 	26.260757
1.301 	26.257617
1.302 	25.588294
1.303 	24.850780
1.304 	25.178776
1.305 	26.001946
1.306 	26.282851
1.307 	26.170701
1.308 	26.196458
1.309 	26.504394
1.310 	26.743881
1.311 	26.653735
1.312 	25.948976
1.313 	24.575164
1.314 	23.307544
1.315 	22.868679
1.316 	24.100848
1.317 	26.325926
1.318 	27.877683
1.319 	27.763246
1.320 	27.339199
1.321 	27.230954
1.322 	26.385135
1.323 	24.750380
1.324 	24.281199
1.325 	25.147922
1.326 	25.718804
1.327 	25.147666
1.328 	24.493077
1.329 	24.897466
1.330 	25.148188
1.331 	24.043349
1.332 	23.126576
1.333 	23.391843
1.334 	23.861652
1.335 	24.148313
1.336 	24.688165
1.337 	25.007255
1.338 	24.722083
1.339 	24.297534
1.340 	23.917458
1.341 	23.405367
1.342 	23.093983
1.343 	23.195790
1.344 	23.557965
1.345 	23.740941
1.346 	23.428134
1.347 	22.762095
1.348 	22.143299
1.349 	22.167299
1.350 	22.943889
1.351 	23.382288
1.352 	22.806766
1.353 	22.220822
1.354 	22.503289
1.355 	23.358918
1.356 	23.609415
1.357 	22.768204
1.358 	21.986755
1.359 	21.950166
1.360 	22.605133
1.361 	23.266555
1.362 	22.963721
1.363 	22.170471
1.364 	21.589064
1.365 	20.784171
1.366 	20.027633
1.367 	19.963378
1.368 	20.108280
1.369 	20.216229
1.370 	20.431396
1.371 	20.958289
1.372 	21.200230
1.373 	20.642923
1.374 	19.820149
1.375 	19.818075
1.376 	20.223714
1.377 	19.937530
1.378 	19.661456
1.379 	19.523385
1.380 	18.871083
1.381 	17.827023
1.382 	17.279249
1.383 	17.699266
1.384 	18.487465
1.385 	18.693924
1.386 	17.858109
1.387 	16.911985
1.388 	16.844300
1.389 	17.010101
1.390 	16.215620
1.391 	15.058198
1.392 	15.316882
1.393 	16.429596
1.394 	16.336580
1.395 	15.169157
1.396 	14.087342
1.397 	13.117370
1.398 	12.401274
1.399 	13.252479
1.400 	15.022289
1.401 	15.606156
1.402 	15.205653
1.403 	14.685527
1.404 	14.021204
1.405 	13.678070
1.406 	13.785972
1.407 	14.241087
1.408 	14.835837
1.409 	14.368852
1.410 	13.035242
1.411 	12.397494
1.412 	13.324511
1.413 	14.717247
1.414 	14.713945
1.415 	13.729940
1.416 	13.733841
1.417 	14.703405
1.418 	15.578227
1.419 	16.207639
1.420 	15.772408
1.421 	13.553190
1.422 	10.748649
1.423 	9.076125
1.424 	10.027240
1.425 	12.685031
1.426 	13.787848
1.427 	13.449581
1.428 	13.150714
1.429 	12.815450
1.430 	13.537229
1.431 	15.163835
1.432 	16.045093
1.433 	16.148274
1.434 	15.698322
1.435 	14.902821
1.436 	14.509042
1.437 	13.618399
1.438 	11.924602
1.439 	11.062791
1.440 	11.203154
1.441 	11.628504
1.442 	12.667702
1.443 	13.600911
1.444 	13.257277
1.445 	12.609856
1.446 	13.093287
1.447 	13.700784
1.448 	13.328617
1.449 	13.436955
1.450 	14.418628
1.451 	15.628961
1.452 	15.933819
1.453 	13.736868
1.454 	11.372687
1.455 	11.328380
1.456 	12.878123
1.457 	14.687355
1.458 	15.281903
1.459 	14.654915
1.460 	14.321783
1.461 	14.492470
1.462 	14.178156
1.463 	14.035809
1.464 	13.641679
1.465 	12.897992
1.466 	12.291852
1.467 	10.446988
1.468 	8.753248
1.469 	10.643609
1.470 	15.258864
1.471 	17.554571
1.472 	15.594258
1.473 	12.592957
1.474 	11.739649
1.475 	12.500885
1.476 	13.260792
1.477 	13.938480
1.478 	14.905950
1.479 	16.050277
1.480 	16.841556
1.481 	16.099494
1.482 	14.089648
1.483 	13.961846
1.484 	15.872691
1.485 	17.171048
1.486 	16.693266
1.487 	14.701503
1.488 	12.413153
1.489 	10.897622
1.490 	11.285172
1.491 	12.091362
1.492 	13.195081
1.493 	15.178444
1.494 	15.148615
1.495 	13.099067
1.496 	12.182675
1.497 	13.867932
1.498 	16.056327
1.499 	16.944594
1.500 	17.378802
1.501 	17.081829
1.502 	15.735352
1.503 	14.179338
1.504 	14.016479
1.505 	14.860314
1.506 	15.868012
1.507 	16.312493
1.508 	14.625993
1.509 	13.230940
1.510 	14.552087
1.511 	15.837342
1.512 	16.273537
1.513 	16.275229
1.514 	14.858530
1.515 	13.871798
1.516 	15.299477
1.517 	17.893667
1.518 	19.449589
1.519 	18.643542
1.520 	16.224359
1.521 	15.364434
1.522 	16.374353
1.523 	16.924507
1.524 	16.368371
1.525 	15.183450
1.526 	14.885646
1.527 	15.869074
1.528 	16.312323
1.529 	15.882014
1.530 	17.067325
1.531 	19.085661
1.532 	19.036198
1.533 	18.395461
1.534 	16.807267
1.535 	15.777780
1.536 	16.972817
1.537 	17.339654
1.538 	17.509209
1.539 	17.743251
1.540 	17.145211
1.541 	17.375399
1.542 	18.425337
1.543 	17.708550
1.544 	16.234311
1.545 	16.138071
1.546 	16.162685
1.547 	16.230097
1.548 	16.040196
1.549 	16.652116
1.550 	18.551311
1.551 	19.390596
1.552 	18.590358
1.553 	17.189307
1.554 	17.681037
1.555 	19.802125
1.556 	19.107043
1.557 	15.202870
1.558 	14.798543
1.559 	17.405135
1.560 	17.318254
1.561 	15.170765
1.562 	15.854705
1.563 	18.061382
1.564 	19.705189
1.565 	19.638250
1.566 	18.381334
1.567 	18.261341
1.568 	20.475448
1.569 	21.423675
1.570 	19.632353
1.571 	18.370042
1.572 	17.399395
1.573 	17.018491
1.574 	16.348763
1.575 	16.144107
1.576 	17.860169
1.577 	17.636712
1.578 	17.315313
1.579 	19.290471
1.580 	20.624109
1.581 	19.204027
1.582 	17.275363
1.583 	17.652333
1.584 	18.291706
1.585 	19.017706
1.586 	19.310700
1.587 	18.474136
1.588 	18.555095
1.589 	19.462450
1.590 	19.344032
1.591 	19.662670
1.592 	20.828378
1.593 	21.566590
1.594 	23.337910
1.595 	24.690917
1.596 	21.464719
1.597 	17.912271
1.598 	18.490635
1.599 	18.575614
1.600 	18.840365
1.601 	19.974937
1.602 	18.442496
1.603 	17.639677
1.604 	20.274081
1.605 	22.139213
1.606 	23.542948
1.607 	24.002429
1.608 	22.395304
1.609 	19.300003
1.610 	19.538220
1.611 	20.274899
1.612 	17.729767
1.613 	13.436238
1.614 	15.565026
1.615 	21.390633
1.616 	22.848112
1.617 	19.287130
1.618 	18.355270
1.619 	20.723812
1.620 	21.701789
1.621 	22.148491
1.622 	21.590018
1.623 	18.850959
1.624 	19.699002
1.625 	21.012592
1.626 	21.970607
1.627 	22.962268
1.628 	18.335840
1.629 	18.777682
1.630 	22.780160
1.631 	22.221367
1.632 	18.246869
1.633 	18.186095
1.634 	20.707788
1.635 	20.192352
1.636 	19.516808
1.637 	18.990333
1.638 	18.033655
1.639 	20.096656
1.640 	21.973612
1.641 	23.636297
1.642 	21.624909
1.643 	21.790447
1.644 	21.741947
1.645 	21.848416
1.646 	22.378042
1.647 	23.608499
1.648 	25.502984
1.649 	21.691969
1.650 	17.008341
1.651 	20.841622
1.652 	20.125560
1.653 	18.338540
1.654 	21.240567
1.655 	23.541647
1.656 	20.760697
1.657 	24.878348
1.658 	23.654413
1.659 	19.365624
1.660 	22.800577
1.661 	24.165170
1.662 	23.270322
1.663 	18.296343
1.664 	17.338845
1.665 	21.499427
1.666 	25.291843
1.667 	22.039837
1.668 	18.373121
1.669 	13.917865
1.670 	17.237537
1.671 	18.461690
1.672 	17.533919
1.673 	26.131506
1.674 	29.356997
1.675 	27.993621
1.676 	20.114618
1.677 	1.305099
1.678 	10.180798
1.679 	23.016665
1.680 	28.775458
1.681 	22.588046
1.682 	11.986408
1.683 	22.259271
1.684 	22.391264
1.685 	18.356460
1.686 	30.988547
1.687 	19.866635
1.688 	17.389113
1.689 	26.883965
1.690 	16.337661
1.691 	12.257465
1.692 	22.561581
1.693 	32.110811
1.694 	16.409189
1.695 	23.244667
1.696 	39.440754
1.697 	20.295678
1.698 	23.603064
1.699 	34.932112
1.700 	21.483346
