0.660 	32.741410
0.661 	36.979635
0.662 	37.448189
0.663 	35.390204
0.664 	35.865676
0.665 	36.069442
0.666 	32.705401
0.667 	32.415979
0.668 	35.462501
0.669 	34.346894
0.670 	33.174369
0.671 	36.038491
0.672 	36.327850
0.673 	34.875302
0.674 	31.975030
0.675 	30.860269
0.676 	34.558971
0.677 	35.221768
0.678 	34.082483
0.679 	34.976853
0.680 	34.887349
0.681 	34.241258
0.682 	33.359569
0.683 	33.996481
0.684 	35.389502
0.685 	34.901637
0.686 	32.227849
0.687 	32.371081
0.688 	33.148870
0.689 	34.602798
0.690 	33.700879
0.691 	34.265517
0.692 	35.341966
0.693 	32.575556
0.694 	30.894028
0.695 	31.053135
0.696 	31.576845
0.697 	32.336401
0.698 	34.200836
0.699 	33.600376
0.700 	33.639457
0.701 	35.765084
0.702 	34.875382
0.703 	31.876651
0.704 	31.362517
0.705 	31.591076
0.706 	31.734861
0.707 	32.199671
0.708 	32.664356
0.709 	31.994843
0.710 	32.317533
0.711 	32.428641
0.712 	31.947540
0.713 	33.469509
0.714 	34.121902
0.715 	33.006040
0.716 	32.471199
0.717 	32.176919
0.718 	32.028859
0.719 	31.638334
0.720 	31.731037
0.721 	32.423099
0.722 	33.024979
0.723 	33.688169
0.724 	33.192987
0.725 	31.029550
0.726 	30.369798
0.727 	31.761584
0.728 	33.616209
0.729 	33.069537
0.730 	32.284302
0.731 	32.068072
0.732 	31.710151
0.733 	32.297922
0.734 	32.725688
0.735 	32.444929
0.736 	32.164909
0.737 	31.364086
0.738 	30.935674
0.739 	31.076590
0.740 	31.963233
0.741 	33.632942
0.742 	33.997388
0.743 	32.155374
0.744 	30.484441
0.745 	30.518002
0.746 	32.007604
0.747 	32.684157
0.748 	31.949524
0.749 	30.886166
0.750 	30.936889
0.751 	31.297074
0.752 	30.975926
0.753 	31.017191
0.754 	31.497736
0.755 	31.281376
0.756 	31.107549
0.757 	31.487868
0.758 	31.518274
0.759 	31.211968
0.760 	30.128820
0.761 	29.222784
0.762 	29.941783
0.763 	30.873142
0.764 	31.185190
0.765 	31.484228
0.766 	31.293192
0.767 	30.975607
0.768 	31.168296
0.769 	31.646988
0.770 	31.915562
0.771 	32.270862
0.772 	32.284361
0.773 	31.038028
0.774 	29.946881
0.775 	29.966793
0.776 	30.346058
0.777 	30.738596
0.778 	31.660142
0.779 	32.306826
0.780 	32.007159
0.781 	31.191016
0.782 	30.250192
0.783 	29.640431
0.784 	29.443364
0.785 	29.399417
0.786 	30.097075
0.787 	31.202786
0.788 	31.267997
0.789 	30.582819
0.790 	30.567594
0.791 	30.896150
0.792 	30.698351
0.793 	30.532540
0.794 	30.822563
0.795 	31.057813
0.796 	30.964337
0.797 	30.716452
0.798 	30.560519
0.799 	30.337780
0.800 	30.034091
0.801 	30.046439
0.802 	30.110353
0.803 	30.249350
0.804 	30.552551
0.805 	30.652314
0.806 	30.481044
0.807 	30.221459
0.808 	29.551269
0.809 	28.666331
0.810 	28.392311
0.811 	28.659499
0.812 	28.937826
0.813 	29.367762
0.814 	30.020705
0.815 	30.903237
0.816 	31.313282
0.817 	30.608257
0.818 	29.564393
0.819 	28.796514
0.820 	28.607277
0.821 	29.126498
0.822 	29.853898
0.823 	29.828210
0.824 	29.012249
0.825 	28.843312
0.826 	29.819762
0.827 	30.667566
0.828 	30.463221
0.829 	29.338084
0.830 	28.423425
0.831 	28.630560
0.832 	29.498082
0.833 	30.069746
0.834 	30.003682
0.835 	29.537355
0.836 	29.280895
0.837 	29.489967
0.838 	29.595378
0.839 	29.291924
0.840 	29.227872
0.841 	29.331795
0.842 	29.388809
0.843 	29.812433
0.844 	30.287309
0.845 	30.087270
0.846 	29.383614
0.847 	28.470269
0.848 	28.503330
0.849 	29.513001
0.850 	29.946630
0.851 	29.227231
0.852 	28.377350
0.853 	28.316194
0.854 	28.776065
0.855 	28.930986
0.856 	28.735361
0.857 	28.653564
0.858 	28.689016
0.859 	28.756575
0.860 	28.769693
0.861 	28.806398
0.862 	29.058746
0.863 	29.010616
0.864 	28.254196
0.865 	27.705534
0.866 	27.792496
0.867 	27.905096
0.868 	28.188787
0.869 	28.796845
0.870 	28.939451
0.871 	28.409161
0.872 	27.892045
0.873 	28.232236
0.874 	29.319231
0.875 	29.780154
0.876 	29.487267
0.877 	29.046655
0.878 	28.658153
0.879 	28.481588
0.880 	28.406954
0.881 	28.611196
0.882 	29.095497
0.883 	28.825262
0.884 	27.633334
0.885 	26.828432
0.886 	27.649350
0.887 	28.748693
0.888 	29.118439
0.889 	28.815835
0.890 	28.558592
0.891 	28.479114
0.892 	28.388798
0.893 	27.971208
0.894 	27.163460
0.895 	26.657506
0.896 	27.267527
0.897 	28.173332
0.898 	28.510595
0.899 	28.276000
0.900 	27.773301
0.901 	27.166762
0.902 	26.824396
0.903 	27.085859
0.904 	27.733576
0.905 	28.330149
0.906 	28.577969
0.907 	28.152187
0.908 	27.021323
0.909 	26.408969
0.910 	26.848357
0.911 	27.379317
0.912 	27.646383
0.913 	27.727042
0.914 	27.625453
0.915 	27.354201
0.916 	27.240338
0.917 	27.712631
0.918 	28.273800
0.919 	28.054035
0.920 	27.123278
0.921 	26.452235
0.922 	25.973319
0.923 	25.386723
0.924 	25.493426
0.925 	26.586611
0.926 	27.772068
0.927 	27.664795
0.928 	26.686962
0.929 	26.015276
0.930 	25.800649
0.931 	25.734472
0.932 	25.980595
0.933 	26.113685
0.934 	25.744489
0.935 	25.050158
0.936 	24.625548
0.937 	25.048401
0.938 	26.131068
0.939 	26.896431
0.940 	26.841702
0.941 	26.574397
0.942 	26.617607
0.943 	26.546005
0.944 	26.322156
0.945 	25.978880
0.946 	25.257767
0.947 	24.532467
0.948 	24.531013
0.949 	25.014524
0.950 	25.596230
0.951 	26.211396
0.952 	25.980324
0.953 	25.219793
0.954 	25.016004
0.955 	25.257656
0.956 	25.700698
0.957 	25.785487
0.958 	25.742251
0.959 	25.610619
0.960 	25.767111
0.961 	26.411525
0.962 	26.591832
0.963 	26.044925
0.964 	24.888861
0.965 	23.974918
0.966 	24.135778
0.967 	24.452750
0.968 	24.529453
0.969 	24.736127
0.970 	25.289311
0.971 	25.696521
0.972 	25.812415
0.973 	25.838676
0.974 	25.347359
0.975 	24.727357
0.976 	24.621687
0.977 	24.320430
0.978 	24.221166
0.979 	24.938332
0.980 	25.683916
0.981 	25.271458
0.982 	24.861888
0.983 	25.187566
0.984 	25.325812
0.985 	24.700242
0.986 	23.761548
0.987 	23.914066
0.988 	24.673253
0.989 	24.296447
0.990 	23.736131
0.991 	24.008311
0.992 	24.477763
0.993 	25.112372
0.994 	25.395234
0.995 	25.078073
0.996 	24.666665
0.997 	24.403900
0.998 	24.409594
0.999 	24.504804
1.000 	24.851852
1.001 	25.635148
1.002 	25.858392
1.003 	24.951666
1.004 	24.184890
1.005 	24.574480
1.006 	24.814561
1.007 	24.811016
1.008 	25.104730
1.009 	24.842760
1.010 	24.106932
1.011 	24.202129
1.012 	24.481293
1.013 	24.771542
1.014 	24.883202
1.015 	24.635423
1.016 	25.050337
1.017 	25.537941
1.018 	25.506819
1.019 	25.623147
1.020 	25.477162
1.021 	24.765920
1.022 	24.393486
1.023 	24.616866
1.024 	25.105913
1.025 	25.175350
1.026 	24.758889
1.027 	24.301508
1.028 	23.836359
1.029 	24.046280
1.030 	24.955305
1.031 	25.602169
1.032 	25.292916
1.033 	24.165334
1.034 	23.313768
1.035 	23.157314
1.036 	23.824506
1.037 	25.032404
1.038 	25.751564
1.039 	25.744316
1.040 	25.403065
1.041 	25.295531
1.042 	25.566466
1.043 	25.695140
1.044 	25.129997
1.045 	24.658237
1.046 	24.990033
1.047 	25.096285
1.048 	24.510223
1.049 	24.233887
1.050 	24.582611
1.051 	24.795832
1.052 	24.392313
1.053 	23.669392
1.054 	23.549690
1.055 	24.536841
1.056 	25.805673
1.057 	25.708388
1.058 	24.762935
1.059 	24.609623
1.060 	25.257151
1.061 	25.656023
1.062 	25.441691
1.063 	24.889346
1.064 	24.345944
1.065 	24.110526
1.066 	24.442892
1.067 	24.778966
1.068 	24.322807
1.069 	23.644375
1.070 	23.620243
1.071 	24.130233
1.072 	24.646270
1.073 	24.549413
1.074 	24.254088
1.075 	24.727027
1.076 	25.470876
1.077 	25.414754
1.078 	24.657306
1.079 	24.002143
1.080 	23.750314
1.081 	23.596913
1.082 	23.692345
1.083 	24.187607
1.084 	24.292643
1.085 	24.201525
1.086 	24.527017
1.087 	24.996832
1.088 	25.277352
1.089 	25.134513
1.090 	24.508219
1.091 	23.933474
1.092 	23.741489
1.093 	23.732830
1.094 	23.503503
1.095 	23.461820
1.096 	24.079252
1.097 	24.688919
1.098 	24.656622
1.099 	24.320357
1.100 	24.294057
1.101 	24.645789
1.102 	24.850081
1.103 	24.458624
1.104 	23.577480
1.105 	22.903592
1.106 	23.173459
1.107 	23.879405
1.108 	24.296668
1.109 	24.527415
1.110 	24.718695
1.111 	24.527459
1.112 	23.692807
1.113 	22.934260
1.114 	22.601224
1.115 	22.534842
1.116 	22.779481
1.117 	22.937732
1.118 	22.876158
1.119 	23.076212
1.120 	23.496348
1.121 	23.375969
1.122 	22.832630
1.123 	22.723251
1.124 	22.931062
1.125 	22.763836
1.126 	22.343329
1.127 	21.929423
1.128 	21.465833
1.129 	21.378546
1.130 	21.579665
1.131 	21.509239
1.132 	20.921992
1.133 	20.323533
1.134 	20.240403
1.135 	20.764870
1.136 	21.361226
1.137 	21.559659
1.138 	21.293812
1.139 	20.799075
1.140 	20.589447
1.141 	20.750990
1.142 	21.196963
1.143 	22.003386
1.144 	22.195256
1.145 	21.225489
1.146 	20.110009
1.147 	19.813180
1.148 	20.324157
1.149 	21.181806
1.150 	21.571925
1.151 	21.005960
1.152 	19.829428
1.153 	18.978333
1.154 	18.941938
1.155 	19.191548
1.156 	19.227417
1.157 	19.416302
1.158 	20.141844
1.159 	20.811900
1.160 	20.795000
1.161 	20.383624
1.162 	20.244144
1.163 	20.616779
1.164 	21.296544
1.165 	21.858223
1.166 	21.611612
1.167 	20.469562
1.168 	19.528117
1.169 	19.413406
1.170 	19.551402
1.171 	19.714534
1.172 	20.279179
1.173 	20.925884
1.174 	21.004441
1.175 	20.710237
1.176 	20.445109
1.177 	20.128328
1.178 	20.015101
1.179 	20.436271
1.180 	20.777906
1.181 	20.551951
1.182 	20.303763
1.183 	20.513118
1.184 	20.515448
1.185 	19.717834
1.186 	18.813633
1.187 	18.557729
1.188 	19.320484
1.189 	20.496896
1.190 	21.064975
1.191 	20.538446
1.192 	19.993058
1.193 	20.231976
1.194 	20.566928
1.195 	20.166427
1.196 	19.626949
1.197 	19.588097
1.198 	20.175959
1.199 	21.073739
1.200 	21.888756
1.201 	21.885339
1.202 	21.128969
1.203 	20.146137
1.204 	19.191665
1.205 	18.685820
1.206 	19.170699
1.207 	20.252930
1.208 	20.929447
1.209 	21.442870
1.210 	22.117500
1.211 	22.205037
1.212 	21.498959
1.213 	20.694405
1.214 	20.135327
1.215 	19.910531
1.216 	20.351057
1.217 	21.089132
1.218 	21.053652
1.219 	20.148675
1.220 	19.036494
1.221 	18.580931
1.222 	18.879084
1.223 	19.597505
1.224 	20.362565
1.225 	20.769769
1.226 	20.397345
1.227 	19.507204
1.228 	19.339051
1.229 	20.195673
1.230 	21.331129
1.231 	21.818274
1.232 	21.620905
1.233 	21.109213
1.234 	20.706184
1.235 	20.512790
1.236 	20.500589
1.237 	20.605934
1.238 	20.780539
1.239 	21.067872
1.240 	21.267410
1.241 	20.926197
1.242 	20.426539
1.243 	20.494165
1.244 	21.094584
1.245 	21.290274
1.246 	20.904114
1.247 	20.631737
1.248 	20.882403
1.249 	21.237419
1.250 	21.472167
1.251 	21.428137
1.252 	21.015119
1.253 	20.402786
1.254 	19.987275
1.255 	20.287362
1.256 	21.006916
1.257 	21.639462
1.258 	21.666093
1.259 	20.938861
1.260 	19.812061
1.261 	18.942844
1.262 	19.224047
1.263 	20.559107
1.264 	21.515908
1.265 	20.953718
1.266 	20.169524
1.267 	20.077763
1.268 	20.751941
1.269 	21.374448
1.270 	21.290010
1.271 	20.844012
1.272 	20.481346
1.273 	19.921451
1.274 	19.264923
1.275 	19.241750
1.276 	19.932713
1.277 	20.439492
1.278 	20.522611
1.279 	20.571502
1.280 	20.687691
1.281 	21.000511
1.282 	21.527727
1.283 	21.688624
1.284 	21.257053
1.285 	20.609029
1.286 	20.112940
1.287 	19.748953
1.288 	19.492597
1.289 	19.443945
1.290 	19.526191
1.291 	19.590107
1.292 	19.779314
1.293 	20.084418
1.294 	19.942367
1.295 	19.308308
1.296 	18.950334
1.297 	19.181508
1.298 	19.657400
1.299 	20.326284
1.300 	20.877214
1.301 	20.655410
1.302 	19.922385
1.303 	19.879482
1.304 	20.525583
1.305 	20.820838
1.306 	20.140468
1.307 	18.927398
1.308 	17.989414
1.309 	17.591117
1.310 	17.641765
1.311 	18.061838
1.312 	18.894527
1.313 	19.845205
1.314 	20.073200
1.315 	19.061395
1.316 	17.208305
1.317 	16.213377
1.318 	16.749096
1.319 	17.807695
1.320 	18.410651
1.321 	18.963096
1.322 	19.573261
1.323 	19.560493
1.324 	18.801323
1.325 	17.778258
1.326 	16.597252
1.327 	15.752459
1.328 	15.894610
1.329 	17.017383
1.330 	18.252634
1.331 	18.861658
1.332 	18.849549
1.333 	18.399360
1.334 	18.059974
1.335 	17.997499
1.336 	17.772041
1.337 	17.172915
1.338 	16.871173
1.339 	16.888810
1.340 	16.520008
1.341 	16.062008
1.342 	16.434133
1.343 	17.646718
1.344 	18.272359
1.345 	17.705751
1.346 	16.873661
1.347 	16.899644
1.348 	17.583478
1.349 	18.035453
1.350 	17.504262
1.351 	16.353681
1.352 	15.354955
1.353 	14.872681
1.354 	15.258994
1.355 	16.144112
1.356 	16.735167
1.357 	16.604276
1.358 	16.374357
1.359 	16.150614
1.360 	15.828124
1.361 	15.895291
1.362 	16.315165
1.363 	16.493548
1.364 	16.145036
1.365 	15.465782
1.366 	15.183710
1.367 	15.994485
1.368 	16.748243
1.369 	16.294343
1.370 	15.294027
1.371 	14.681121
1.372 	14.026804
1.373 	13.136301
1.374 	12.574646
1.375 	12.485838
1.376 	12.743390
1.377 	12.892678
1.378 	12.677633
1.379 	12.549561
1.380 	12.908847
1.381 	13.275560
1.382 	13.327129
1.383 	13.181562
1.384 	12.854883
1.385 	12.661628
1.386 	12.897604
1.387 	12.714635
1.388 	12.071720
1.389 	12.274307
1.390 	12.868423
1.391 	12.938149
1.392 	12.531243
1.393 	12.236658
1.394 	12.503438
1.395 	12.986983
1.396 	12.855384
1.397 	12.094370
1.398 	11.239045
1.399 	10.793777
1.400 	10.879149
1.401 	11.122535
1.402 	10.982228
1.403 	10.843328
1.404 	11.338044
1.405 	12.213683
1.406 	13.030404
1.407 	12.918971
1.408 	12.078471
1.409 	11.220033
1.410 	10.426926
1.411 	9.763325
1.412 	9.450925
1.413 	9.287273
1.414 	9.615372
1.415 	10.822814
1.416 	12.041252
1.417 	12.423276
1.418 	11.701777
1.419 	9.888955
1.420 	8.093930
1.421 	7.890191
1.422 	9.253420
1.423 	11.252241
1.424 	12.953300
1.425 	13.507779
1.426 	13.356996
1.427 	12.788425
1.428 	11.810768
1.429 	11.110895
1.430 	10.958609
1.431 	10.699889
1.432 	10.694876
1.433 	11.340866
1.434 	11.623650
1.435 	11.087941
1.436 	10.652303
1.437 	10.739520
1.438 	10.638531
1.439 	10.246900
1.440 	10.241772
1.441 	10.868579
1.442 	11.331029
1.443 	10.936537
1.444 	10.492321
1.445 	10.915247
1.446 	11.780908
1.447 	12.156300
1.448 	11.770029
1.449 	11.683838
1.450 	12.254312
1.451 	12.254674
1.452 	10.882543
1.453 	9.134130
1.454 	8.345208
1.455 	8.627765
1.456 	9.977390
1.457 	11.357347
1.458 	11.127657
1.459 	9.905048
1.460 	9.179779
1.461 	9.188693
1.462 	10.041011
1.463 	10.971711
1.464 	11.204024
1.465 	10.921992
1.466 	10.735999
1.467 	11.327898
1.468 	12.665809
1.469 	13.311047
1.470 	12.432888
1.471 	11.426610
1.472 	10.794890
1.473 	10.112744
1.474 	9.838816
1.475 	9.657352
1.476 	9.850669
1.477 	11.214338
1.478 	12.084879
1.479 	11.180470
1.480 	10.142972
1.481 	10.208548
1.482 	10.958988
1.483 	11.214963
1.484 	10.743407
1.485 	10.810919
1.486 	11.348463
1.487 	11.489384
1.488 	11.599351
1.489 	12.068076
1.490 	12.559795
1.491 	12.968353
1.492 	13.060473
1.493 	11.807261
1.494 	10.396340
1.495 	10.579721
1.496 	11.370894
1.497 	11.773639
1.498 	11.769632
1.499 	11.330984
1.500 	11.096467
1.501 	11.440842
1.502 	12.062139
1.503 	12.781484
1.504 	12.617802
1.505 	11.580268
1.506 	10.930806
1.507 	11.649463
1.508 	13.123196
1.509 	13.278705
1.510 	11.233616
1.511 	9.223038
1.512 	9.563257
1.513 	11.143395
1.514 	11.974794
1.515 	12.383231
1.516 	12.654663
1.517 	12.334747
1.518 	12.334259
1.519 	12.979243
1.520 	12.436258
1.521 	10.675588
1.522 	11.051021
1.523 	13.058346
1.524 	13.695879
1.525 	13.623062
1.526 	13.368303
1.527 	12.637016
1.528 	12.761637
1.529 	13.767160
1.530 	13.778162
1.531 	13.037479
1.532 	12.701053
1.533 	12.739569
1.534 	12.993860
1.535 	13.618249
1.536 	14.272895
1.537 	12.924917
1.538 	10.355810
1.539 	9.964633
1.540 	11.527437
1.541 	12.998056
1.542 	13.400791
1.543 	13.127931
1.544 	12.779942
1.545 	12.426394
1.546 	12.789723
1.547 	13.608085
1.548 	14.348092
1.549 	14.843888
1.550 	14.889045
1.551 	14.959700
1.552 	14.467364
1.553 	13.026643
1.554 	12.032735
1.555 	12.574443
1.556 	13.470099
1.557 	13.805217
1.558 	13.979584
1.559 	13.189687
1.560 	11.904854
1.561 	11.256175
1.562 	11.303871
1.563 	12.137817
1.564 	13.306937
1.565 	13.683516
1.566 	12.929609
1.567 	13.179182
1.568 	14.675856
1.569 	14.092266
1.570 	12.743433
1.571 	14.021806
1.572 	14.732787
1.573 	14.254923
1.574 	15.341629
1.575 	15.549920
1.576 	13.201983
1.577 	13.063554
1.578 	14.572327
1.579 	14.055135
1.580 	12.679145
1.581 	12.660512
1.582 	13.487569
1.583 	14.149006
1.584 	15.390540
1.585 	14.506368
1.586 	11.915732
1.587 	12.956285
1.588 	14.894436
1.589 	14.526366
1.590 	13.927312
1.591 	14.602818
1.592 	16.320503
1.593 	16.869272
1.594 	15.920182
1.595 	14.356719
1.596 	13.768228
1.597 	14.310791
1.598 	14.661321
1.599 	14.969433
1.600 	15.684950
1.601 	15.581551
1.602 	15.443084
1.603 	13.534634
1.604 	9.471270
1.605 	9.299378
1.606 	13.299406
1.607 	14.894524
1.608 	14.938739
1.609 	14.242298
1.610 	14.549741
1.611 	15.335323
1.612 	14.237884
1.613 	12.590703
1.614 	13.610368
1.615 	16.319327
1.616 	18.766660
1.617 	19.435668
1.618 	17.941341
1.619 	16.240283
1.620 	14.006760
1.621 	12.142138
1.622 	12.604446
1.623 	14.422170
1.624 	16.035199
1.625 	15.371179
1.626 	14.958805
1.627 	13.862294
1.628 	13.010360
1.629 	14.229781
1.630 	14.790527
1.631 	13.989442
1.632 	14.978885
1.633 	17.936229
1.634 	19.140964
1.635 	15.426356
1.636 	11.583000
1.637 	11.555102
1.638 	12.960075
1.639 	16.359762
1.640 	17.515682
1.641 	16.288168
1.642 	13.902497
1.643 	9.927731
1.644 	9.892623
1.645 	15.313642
1.646 	18.245683
1.647 	15.795558
1.648 	13.740516
1.649 	13.836555
1.650 	16.324185
1.651 	17.818270
1.652 	14.710006
1.653 	10.805342
1.654 	12.717565
1.655 	15.470746
1.656 	16.506055
1.657 	16.656188
1.658 	16.875785
1.659 	14.814773
1.660 	13.653013
1.661 	12.791039
1.662 	13.626326
1.663 	16.696902
1.664 	16.807070
1.665 	17.007435
1.666 	17.151562
1.667 	16.331130
1.668 	17.064924
1.669 	18.897237
1.670 	21.021168
1.671 	20.591178
1.672 	19.650881
1.673 	19.578520
1.674 	18.719863
1.675 	19.252512
1.676 	19.049285
1.677 	14.925792
1.678 	12.496376
1.679 	8.995099
1.680 	12.721715
1.681 	17.977083
1.682 	16.785749
1.683 	17.192402
1.684 	19.111209
1.685 	10.278403
1.686 	4.749188
1.687 	15.092080
1.688 	17.837148
1.689 	14.591769
1.690 	13.445282
1.691 	12.353655
1.692 	14.637810
1.693 	16.515228
1.694 	25.101686
1.695 	15.465390
1.696 	26.958635
1.697 	36.842084
1.698 	27.073210
1.699 	12.968199
1.700 	-12.391888
