0.660 	34.668007
0.661 	35.931222
0.662 	36.377569
0.663 	36.624390
0.664 	37.657980
0.665 	37.304165
0.666 	35.565683
0.667 	33.794673
0.668 	33.105028
0.669 	33.017394
0.670 	34.896462
0.671 	38.948659
0.672 	38.086075
0.673 	34.797375
0.674 	32.844825
0.675 	35.025324
0.676 	36.610174
0.677 	34.685296
0.678 	34.086763
0.679 	35.303829
0.680 	35.295962
0.681 	32.885599
0.682 	32.326735
0.683 	34.671115
0.684 	37.004928
0.685 	36.488247
0.686 	35.188339
0.687 	33.964912
0.688 	34.278630
0.689 	35.879747
0.690 	35.804081
0.691 	35.894953
0.692 	35.972723
0.693 	33.181859
0.694 	32.464961
0.695 	34.295112
0.696 	33.451394
0.697 	32.117633
0.698 	32.963963
0.699 	34.464964
0.700 	34.828720
0.701 	34.699967
0.702 	34.451975
0.703 	33.232298
0.704 	33.309315
0.705 	33.863316
0.706 	34.715848
0.707 	36.062075
0.708 	35.242916
0.709 	34.044029
0.710 	34.106913
0.711 	35.192932
0.712 	34.186801
0.713 	34.125157
0.714 	35.133770
0.715 	34.549762
0.716 	33.996400
0.717 	34.481325
0.718 	33.142543
0.719 	31.779220
0.720 	32.708397
0.721 	33.819287
0.722 	34.237028
0.723 	33.725358
0.724 	32.147725
0.725 	31.772001
0.726 	31.950166
0.727 	33.000295
0.728 	35.117451
0.729 	35.357113
0.730 	33.456892
0.731 	31.623685
0.732 	31.818288
0.733 	33.597060
0.734 	34.816919
0.735 	34.055759
0.736 	33.565203
0.737 	34.410914
0.738 	34.569163
0.739 	33.513706
0.740 	32.978657
0.741 	33.601751
0.742 	33.625598
0.743 	32.684932
0.744 	32.140725
0.745 	33.192212
0.746 	34.198705
0.747 	33.783514
0.748 	32.811633
0.749 	31.575491
0.750 	31.548204
0.751 	32.944187
0.752 	33.912691
0.753 	33.864253
0.754 	33.211570
0.755 	32.783390
0.756 	33.065352
0.757 	33.141369
0.758 	32.373884
0.759 	31.914562
0.760 	31.771131
0.761 	31.458638
0.762 	32.140349
0.763 	33.045680
0.764 	32.303661
0.765 	31.263106
0.766 	31.344952
0.767 	32.142220
0.768 	32.731262
0.769 	33.213785
0.770 	33.590190
0.771 	33.736270
0.772 	33.403441
0.773 	32.617360
0.774 	32.288642
0.775 	32.614803
0.776 	33.037019
0.777 	32.912310
0.778 	32.495460
0.779 	31.877215
0.780 	31.053325
0.781 	30.500294
0.782 	30.259673
0.783 	30.400437
0.784 	31.122594
0.785 	32.049920
0.786 	33.024771
0.787 	33.747814
0.788 	33.470355
0.789 	32.458329
0.790 	31.982594
0.791 	32.786895
0.792 	33.493745
0.793 	33.241355
0.794 	32.874911
0.795 	32.208813
0.796 	31.545195
0.797 	31.859717
0.798 	32.371909
0.799 	32.007830
0.800 	31.337687
0.801 	31.490416
0.802 	32.005600
0.803 	31.934167
0.804 	31.986416
0.805 	32.503586
0.806 	32.625738
0.807 	32.308750
0.808 	31.864141
0.809 	31.151735
0.810 	30.980473
0.811 	31.519968
0.812 	31.547497
0.813 	31.116944
0.814 	31.057597
0.815 	31.889890
0.816 	32.554524
0.817 	31.708534
0.818 	30.605461
0.819 	30.460340
0.820 	30.814139
0.821 	31.696233
0.822 	32.654388
0.823 	32.465903
0.824 	31.605579
0.825 	31.230369
0.826 	31.251376
0.827 	31.463120
0.828 	31.412526
0.829 	30.709705
0.830 	30.146288
0.831 	30.301321
0.832 	30.746156
0.833 	31.327053
0.834 	31.941066
0.835 	32.037849
0.836 	31.976052
0.837 	31.925486
0.838 	31.311399
0.839 	30.249225
0.840 	29.826062
0.841 	30.097957
0.842 	30.717381
0.843 	31.311823
0.844 	31.713513
0.845 	32.099614
0.846 	32.040505
0.847 	30.972210
0.848 	30.145214
0.849 	30.561204
0.850 	31.328955
0.851 	31.355748
0.852 	30.756494
0.853 	30.259808
0.854 	30.355280
0.855 	30.837750
0.856 	31.039096
0.857 	30.370236
0.858 	29.267901
0.859 	29.241996
0.860 	30.062761
0.861 	30.468601
0.862 	30.276319
0.863 	30.334339
0.864 	30.398704
0.865 	30.032609
0.866 	29.936503
0.867 	30.674834
0.868 	31.567532
0.869 	31.661199
0.870 	30.812934
0.871 	29.819720
0.872 	29.546977
0.873 	30.291839
0.874 	30.741434
0.875 	30.044875
0.876 	29.346464
0.877 	29.488883
0.878 	29.661240
0.879 	29.660252
0.880 	29.957433
0.881 	30.677365
0.882 	31.383295
0.883 	31.118961
0.884 	29.993405
0.885 	28.836255
0.886 	28.628322
0.887 	29.075640
0.888 	29.616187
0.889 	29.924410
0.890 	30.057910
0.891 	30.108477
0.892 	30.090459
0.893 	30.034571
0.894 	30.135967
0.895 	30.342346
0.896 	30.362178
0.897 	30.293281
0.898 	30.041600
0.899 	29.388105
0.900 	28.759036
0.901 	28.439243
0.902 	28.361003
0.903 	28.641105
0.904 	29.288318
0.905 	29.971430
0.906 	30.314915
0.907 	30.010958
0.908 	29.017714
0.909 	28.399234
0.910 	28.710265
0.911 	29.132437
0.912 	29.381077
0.913 	29.697222
0.914 	29.979073
0.915 	30.025156
0.916 	29.842191
0.917 	29.648669
0.918 	29.424232
0.919 	29.057941
0.920 	28.765812
0.921 	28.559670
0.922 	28.329443
0.923 	28.407498
0.924 	29.102644
0.925 	29.883092
0.926 	30.142823
0.927 	29.801196
0.928 	29.321324
0.929 	29.003771
0.930 	28.846113
0.931 	28.547390
0.932 	28.051544
0.933 	27.417712
0.934 	26.989343
0.935 	26.977197
0.936 	27.425337
0.937 	28.150849
0.938 	28.633955
0.939 	28.501832
0.940 	28.002540
0.941 	27.896704
0.942 	28.059090
0.943 	27.899349
0.944 	27.694271
0.945 	27.683728
0.946 	27.916346
0.947 	28.321298
0.948 	28.808006
0.949 	28.668976
0.950 	27.905401
0.951 	27.395074
0.952 	26.928642
0.953 	26.746319
0.954 	27.177851
0.955 	27.462575
0.956 	27.450239
0.957 	27.396479
0.958 	27.688722
0.959 	28.059539
0.960 	28.018352
0.961 	27.766143
0.962 	27.629612
0.963 	27.330648
0.964 	26.780165
0.965 	26.530757
0.966 	26.802565
0.967 	27.348448
0.968 	27.605591
0.969 	27.354934
0.970 	27.899785
0.971 	28.004918
0.972 	27.239445
0.973 	26.806879
0.974 	26.468118
0.975 	26.341301
0.976 	26.358484
0.977 	26.147276
0.978 	26.306273
0.979 	26.604073
0.980 	26.775958
0.981 	27.167373
0.982 	27.847810
0.983 	27.898030
0.984 	27.533531
0.985 	26.893667
0.986 	26.046140
0.987 	25.938160
0.988 	25.900238
0.989 	25.839354
0.990 	26.527027
0.991 	26.781362
0.992 	26.342093
0.993 	26.588105
0.994 	26.920832
0.995 	26.339881
0.996 	25.843892
0.997 	26.346034
0.998 	27.022832
0.999 	26.770899
1.000 	26.272853
1.001 	25.982324
1.002 	25.838021
1.003 	26.386006
1.004 	27.232467
1.005 	27.341966
1.006 	27.043358
1.007 	27.162370
1.008 	27.333666
1.009 	26.506974
1.010 	25.431151
1.011 	25.051358
1.012 	25.043955
1.013 	25.377293
1.014 	25.496325
1.015 	25.559222
1.016 	26.051022
1.017 	26.463808
1.018 	26.621816
1.019 	26.769157
1.020 	26.671992
1.021 	26.284989
1.022 	26.020789
1.023 	25.974141
1.024 	26.255069
1.025 	26.519261
1.026 	26.543414
1.027 	26.457056
1.028 	26.050557
1.029 	25.972857
1.030 	26.078059
1.031 	25.865743
1.032 	25.628541
1.033 	25.366184
1.034 	25.012760
1.035 	24.601588
1.036 	24.770582
1.037 	26.357633
1.038 	27.802509
1.039 	27.428663
1.040 	26.344875
1.041 	26.092251
1.042 	26.306279
1.043 	26.153077
1.044 	25.503927
1.045 	24.962491
1.046 	25.378315
1.047 	26.169633
1.048 	26.471172
1.049 	26.604779
1.050 	26.869054
1.051 	26.798761
1.052 	26.127543
1.053 	25.187765
1.054 	24.835034
1.055 	25.317675
1.056 	26.237630
1.057 	27.030985
1.058 	27.167046
1.059 	26.609136
1.060 	26.188808
1.061 	26.652083
1.062 	27.343960
1.063 	27.014156
1.064 	25.884851
1.065 	25.388402
1.066 	25.689008
1.067 	26.041052
1.068 	26.233179
1.069 	26.007963
1.070 	25.384458
1.071 	25.135282
1.072 	25.225689
1.073 	24.792661
1.074 	24.230441
1.075 	24.553349
1.076 	25.605061
1.077 	26.061248
1.078 	25.708266
1.079 	25.575344
1.080 	25.631883
1.081 	25.443638
1.082 	25.642628
1.083 	26.184178
1.084 	26.248614
1.085 	25.866457
1.086 	25.717369
1.087 	26.138366
1.088 	26.342805
1.089 	25.618060
1.090 	24.848604
1.091 	25.008064
1.092 	25.498495
1.093 	25.458481
1.094 	24.953174
1.095 	24.231867
1.096 	23.802743
1.097 	24.065490
1.098 	24.624358
1.099 	24.930869
1.100 	25.380428
1.101 	25.961826
1.102 	26.157648
1.103 	25.845850
1.104 	25.229518
1.105 	24.814628
1.106 	25.178514
1.107 	25.767225
1.108 	25.749889
1.109 	25.566443
1.110 	25.563504
1.111 	25.195724
1.112 	24.572569
1.113 	24.413514
1.114 	24.198174
1.115 	23.573062
1.116 	23.216820
1.117 	23.246704
1.118 	23.405579
1.119 	23.660405
1.120 	23.875905
1.121 	23.815771
1.122 	23.916410
1.123 	24.573272
1.124 	24.922236
1.125 	24.460259
1.126 	23.702977
1.127 	23.117676
1.128 	22.758746
1.129 	22.439687
1.130 	21.989941
1.131 	21.744426
1.132 	21.808787
1.133 	21.748560
1.134 	21.729082
1.135 	22.018779
1.136 	22.207221
1.137 	22.238204
1.138 	22.297244
1.139 	22.214733
1.140 	22.154232
1.141 	22.388947
1.142 	22.979594
1.143 	23.535402
1.144 	22.966405
1.145 	21.257206
1.146 	20.163887
1.147 	20.363456
1.148 	20.828425
1.149 	20.743078
1.150 	20.559945
1.151 	20.688917
1.152 	21.070527
1.153 	21.357413
1.154 	21.434936
1.155 	21.074294
1.156 	20.364882
1.157 	20.149483
1.158 	20.848501
1.159 	21.694872
1.160 	22.072197
1.161 	21.930935
1.162 	21.650270
1.163 	21.559801
1.164 	21.693284
1.165 	21.937341
1.166 	21.703831
1.167 	20.631647
1.168 	19.631138
1.169 	19.505669
1.170 	20.017869
1.171 	20.519282
1.172 	20.806717
1.173 	20.829009
1.174 	20.542127
1.175 	20.113288
1.176 	20.038059
1.177 	20.393413
1.178 	20.929749
1.179 	21.234848
1.180 	21.390645
1.181 	21.343641
1.182 	20.795967
1.183 	20.297190
1.184 	20.268641
1.185 	20.367049
1.186 	20.160521
1.187 	19.781357
1.188 	19.873222
1.189 	20.501224
1.190 	20.832506
1.191 	20.602931
1.192 	20.959955
1.193 	22.180950
1.194 	23.023311
1.195 	22.798085
1.196 	22.201417
1.197 	21.261830
1.198 	20.108502
1.199 	19.647206
1.200 	19.913893
1.201 	20.009007
1.202 	19.853579
1.203 	20.168988
1.204 	20.927355
1.205 	21.327616
1.206 	21.422678
1.207 	21.685351
1.208 	21.839363
1.209 	21.434655
1.210 	20.782071
1.211 	20.478921
1.212 	20.543244
1.213 	20.773881
1.214 	21.232607
1.215 	22.028327
1.216 	22.705479
1.217 	22.789201
1.218 	22.030202
1.219 	20.660627
1.220 	19.603139
1.221 	19.929551
1.222 	20.872856
1.223 	21.128515
1.224 	20.214953
1.225 	19.427741
1.226 	19.421893
1.227 	19.891275
1.228 	20.578676
1.229 	21.398795
1.230 	21.933778
1.231 	21.778490
1.232 	21.424663
1.233 	21.188735
1.234 	21.148968
1.235 	21.299788
1.236 	21.371061
1.237 	21.145720
1.238 	21.046988
1.239 	21.407291
1.240 	21.684471
1.241 	21.413811
1.242 	21.214065
1.243 	21.595498
1.244 	22.578793
1.245 	23.226804
1.246 	22.606902
1.247 	21.244273
1.248 	20.639310
1.249 	21.056974
1.250 	21.839577
1.251 	22.222659
1.252 	22.005379
1.253 	21.715819
1.254 	21.787013
1.255 	21.929840
1.256 	21.651746
1.257 	21.185990
1.258 	21.167379
1.259 	21.473776
1.260 	21.636914
1.261 	21.532851
1.262 	21.328516
1.263 	21.369244
1.264 	21.584688
1.265 	21.330652
1.266 	20.360393
1.267 	19.374136
1.268 	19.896401
1.269 	21.826792
1.270 	23.102716
1.271 	22.934202
1.272 	22.022382
1.273 	21.183811
1.274 	20.447500
1.275 	19.852317
1.276 	19.848147
1.277 	20.408816
1.278 	21.003533
1.279 	21.435114
1.280 	21.829665
1.281 	21.965290
1.282 	21.490006
1.283 	20.530256
1.284 	19.934034
1.285 	20.180900
1.286 	20.821183
1.287 	21.402992
1.288 	21.765168
1.289 	21.596724
1.290 	21.018910
1.291 	20.599003
1.292 	20.916184
1.293 	21.838417
1.294 	22.018944
1.295 	20.733436
1.296 	18.869589
1.297 	18.106904
1.298 	18.830011
1.299 	20.270157
1.300 	21.138837
1.301 	21.241624
1.302 	20.953506
1.303 	20.418281
1.304 	19.803214
1.305 	19.259161
1.306 	18.965828
1.307 	19.061167
1.308 	19.263759
1.309 	19.221188
1.310 	18.773305
1.311 	18.389395
1.312 	18.670009
1.313 	19.669998
1.314 	20.564008
1.315 	20.695603
1.316 	19.999966
1.317 	19.309361
1.318 	19.418801
1.319 	19.993893
1.320 	20.098555
1.321 	19.406933
1.322 	18.540874
1.323 	18.192395
1.324 	18.501499
1.325 	18.617447
1.326 	17.860758
1.327 	16.849590
1.328 	16.774944
1.329 	17.453981
1.330 	18.075053
1.331 	18.512445
1.332 	18.901002
1.333 	18.909182
1.334 	18.575818
1.335 	18.446688
1.336 	18.415268
1.337 	18.265080
1.338 	18.386704
1.339 	18.788737
1.340 	18.745617
1.341 	17.848420
1.342 	16.733015
1.343 	16.175590
1.344 	16.024488
1.345 	15.590690
1.346 	15.088259
1.347 	15.197455
1.348 	16.084175
1.349 	17.515284
1.350 	18.729576
1.351 	18.602071
1.352 	17.083626
1.353 	15.541333
1.354 	15.799322
1.355 	16.715114
1.356 	16.562887
1.357 	15.694266
1.358 	15.518338
1.359 	15.856204
1.360 	16.313480
1.361 	16.965326
1.362 	17.490803
1.363 	17.323614
1.364 	16.524621
1.365 	15.448420
1.366 	14.524068
1.367 	14.315145
1.368 	14.436980
1.369 	14.321962
1.370 	13.919952
1.371 	13.269644
1.372 	12.325032
1.373 	11.792801
1.374 	12.148210
1.375 	12.820613
1.376 	13.034783
1.377 	12.662329
1.378 	12.081300
1.379 	12.106789
1.380 	12.782450
1.381 	13.249278
1.382 	12.736208
1.383 	11.729301
1.384 	11.252385
1.385 	11.165126
1.386 	10.956363
1.387 	10.644964
1.388 	10.181447
1.389 	10.257802
1.390 	11.061133
1.391 	11.653017
1.392 	11.490118
1.393 	11.051271
1.394 	10.598190
1.395 	10.331584
1.396 	10.102205
1.397 	9.395930
1.398 	8.357372
1.399 	8.463874
1.400 	9.829453
1.401 	10.680068
1.402 	10.274452
1.403 	9.297312
1.404 	9.003969
1.405 	9.428938
1.406 	9.869869
1.407 	9.928799
1.408 	9.721405
1.409 	9.250711
1.410 	8.645055
1.411 	8.395702
1.412 	8.603333
1.413 	8.612394
1.414 	8.628676
1.415 	9.035994
1.416 	9.249525
1.417 	9.437729
1.418 	9.775212
1.419 	9.199487
1.420 	7.940241
1.421 	7.582171
1.422 	8.602350
1.423 	10.121463
1.424 	10.893998
1.425 	10.649878
1.426 	10.210882
1.427 	10.043852
1.428 	9.902435
1.429 	9.455555
1.430 	8.499984
1.431 	7.402902
1.432 	6.930859
1.433 	7.478382
1.434 	8.213404
1.435 	8.179417
1.436 	7.123001
1.437 	6.078685
1.438 	6.868439
1.439 	9.054664
1.440 	11.079400
1.441 	11.899945
1.442 	11.621578
1.443 	10.116980
1.444 	8.292577
1.445 	7.380513
1.446 	7.881422
1.447 	8.647707
1.448 	8.323454
1.449 	7.414159
1.450 	7.583963
1.451 	9.020610
1.452 	10.020785
1.453 	9.482871
1.454 	8.384190
1.455 	8.095582
1.456 	8.499953
1.457 	8.355496
1.458 	7.181101
1.459 	6.449955
1.460 	6.786775
1.461 	7.311953
1.462 	7.785588
1.463 	8.199189
1.464 	8.501144
1.465 	8.728721
1.466 	9.085933
1.467 	9.763352
1.468 	10.542219
1.469 	10.477111
1.470 	8.957853
1.471 	7.731820
1.472 	7.993635
1.473 	8.191645
1.474 	8.469609
1.475 	9.374360
1.476 	9.854957
1.477 	9.107206
1.478 	7.750989
1.479 	7.233109
1.480 	7.764801
1.481 	8.892507
1.482 	10.296521
1.483 	11.212957
1.484 	10.877007
1.485 	10.309533
1.486 	10.108493
1.487 	10.081925
1.488 	9.881052
1.489 	9.240639
1.490 	8.703817
1.491 	9.120032
1.492 	9.645927
1.493 	9.229824
1.494 	8.967997
1.495 	9.770068
1.496 	10.299817
1.497 	9.914486
1.498 	9.360692
1.499 	8.975805
1.500 	9.127128
1.501 	10.054010
1.502 	11.276881
1.503 	11.578991
1.504 	10.112076
1.505 	8.505727
1.506 	8.649842
1.507 	10.246234
1.508 	12.029483
1.509 	12.433352
1.510 	10.694459
1.511 	9.189115
1.512 	9.579649
1.513 	9.430246
1.514 	8.602612
1.515 	8.803418
1.516 	9.658349
1.517 	10.229584
1.518 	10.488532
1.519 	10.788901
1.520 	10.371994
1.521 	9.533346
1.522 	9.778478
1.523 	10.795366
1.524 	11.949493
1.525 	12.756240
1.526 	12.695016
1.527 	12.215122
1.528 	11.647120
1.529 	10.366234
1.530 	8.626033
1.531 	8.835130
1.532 	10.979071
1.533 	12.538734
1.534 	12.878506
1.535 	12.906715
1.536 	12.915824
1.537 	12.038606
1.538 	11.446075
1.539 	11.762231
1.540 	11.129405
1.541 	10.640765
1.542 	10.936924
1.543 	11.036158
1.544 	11.254079
1.545 	11.146201
1.546 	11.065040
1.547 	12.361410
1.548 	13.727383
1.549 	13.622449
1.550 	12.859601
1.551 	12.192819
1.552 	10.750217
1.553 	8.900392
1.554 	8.872568
1.555 	10.498112
1.556 	12.798846
1.557 	15.025611
1.558 	14.872575
1.559 	11.683710
1.560 	9.328462
1.561 	10.038201
1.562 	11.228062
1.563 	11.611036
1.564 	11.643031
1.565 	11.335492
1.566 	10.527568
1.567 	10.677132
1.568 	11.946140
1.569 	12.914134
1.570 	12.914014
1.571 	13.187228
1.572 	13.143303
1.573 	12.428602
1.574 	11.874805
1.575 	11.466213
1.576 	11.808103
1.577 	13.402356
1.578 	14.036501
1.579 	13.080240
1.580 	13.011644
1.581 	13.246523
1.582 	12.489836
1.583 	11.598417
1.584 	12.620812
1.585 	13.573264
1.586 	13.039169
1.587 	12.810966
1.588 	12.909219
1.589 	12.087988
1.590 	11.321336
1.591 	13.209206
1.592 	17.643356
1.593 	18.724564
1.594 	16.458912
1.595 	14.078273
1.596 	13.211272
1.597 	12.306032
1.598 	11.123215
1.599 	11.342238
1.600 	13.473724
1.601 	15.287797
1.602 	14.823642
1.603 	12.854564
1.604 	10.267487
1.605 	10.029768
1.606 	11.828097
1.607 	11.875322
1.608 	12.033858
1.609 	13.794862
1.610 	15.294198
1.611 	14.374686
1.612 	11.112882
1.613 	10.148464
1.614 	13.217258
1.615 	15.985785
1.616 	15.509381
1.617 	14.615372
1.618 	15.701190
1.619 	16.243076
1.620 	14.605195
1.621 	13.550009
1.622 	14.207099
1.623 	14.247781
1.624 	14.031797
1.625 	13.158710
1.626 	12.698319
1.627 	13.333006
1.628 	12.877818
1.629 	12.644678
1.630 	13.309759
1.631 	13.271622
1.632 	11.888876
1.633 	14.141454
1.634 	16.631542
1.635 	13.615171
1.636 	9.634412
1.637 	11.026661
1.638 	15.210737
1.639 	16.349005
1.640 	15.290263
1.641 	14.638365
1.642 	13.552447
1.643 	9.885417
1.644 	10.332588
1.645 	13.999759
1.646 	14.348350
1.647 	15.820551
1.648 	16.583269
1.649 	14.367252
1.650 	14.192319
1.651 	14.716083
1.652 	14.733914
1.653 	14.844397
1.654 	14.181845
1.655 	14.154260
1.656 	17.974066
1.657 	17.651462
1.658 	13.374570
1.659 	10.733657
1.660 	11.537173
1.661 	9.781406
1.662 	7.978250
1.663 	12.510333
1.664 	16.768492
1.665 	17.059092
1.666 	17.087458
1.667 	18.099999
1.668 	18.196073
1.669 	15.352456
1.670 	12.921794
1.671 	17.771216
1.672 	20.854624
1.673 	13.292591
1.674 	6.661197
1.675 	12.198854
1.676 	16.976803
1.677 	15.267830
1.678 	13.832487
1.679 	13.925657
1.680 	14.229343
1.681 	11.240837
1.682 	18.062478
1.683 	18.991484
1.684 	15.616439
1.685 	9.508987
1.686 	5.221416
1.687 	9.543793
1.688 	18.338696
1.689 	16.200312
1.690 	16.985536
1.691 	22.903065
1.692 	23.131301
1.693 	20.958587
1.694 	23.754004
1.695 	1.308541
1.696 	10.629733
1.697 	17.189083
1.698 	14.196432
1.699 	9.327158
1.700 	-7.894705
