0.660 	41.318986
0.661 	40.882673
0.662 	37.298564
0.663 	38.327161
0.664 	35.967668
0.665 	41.386683
0.666 	38.201467
0.667 	40.577881
0.668 	42.119351
0.669 	39.835070
0.670 	35.497944
0.671 	31.747941
0.672 	41.393020
0.673 	35.464577
0.674 	38.384891
0.675 	41.088536
0.676 	36.819167
0.677 	35.370346
0.678 	40.141337
0.679 	37.384629
0.680 	42.159500
0.681 	36.578962
0.682 	39.816596
0.683 	39.901293
0.684 	40.141897
0.685 	39.592307
0.686 	34.002107
0.687 	34.461620
0.688 	35.899497
0.689 	32.530544
0.690 	38.916007
0.691 	35.333710
0.692 	35.796219
0.693 	37.575368
0.694 	35.541525
0.695 	36.705299
0.696 	34.884903
0.697 	35.908552
0.698 	39.402480
0.699 	37.068568
0.700 	37.471494
0.701 	39.855516
0.702 	39.261020
0.703 	38.143057
0.704 	36.056812
0.705 	36.352072
0.706 	37.889919
0.707 	36.211753
0.708 	35.741181
0.709 	36.260812
0.710 	36.212778
0.711 	37.591795
0.712 	37.218961
0.713 	34.224996
0.714 	38.352680
0.715 	36.728920
0.716 	33.648594
0.717 	34.077925
0.718 	33.620012
0.719 	34.328452
0.720 	35.763830
0.721 	36.234311
0.722 	35.789017
0.723 	36.339926
0.724 	37.499226
0.725 	35.175437
0.726 	33.648924
0.727 	32.904957
0.728 	34.077946
0.729 	34.934440
0.730 	36.067011
0.731 	36.557682
0.732 	36.058227
0.733 	35.231643
0.734 	34.630298
0.735 	34.356026
0.736 	33.675168
0.737 	33.705248
0.738 	31.655474
0.739 	33.887996
0.740 	37.832269
0.741 	36.391225
0.742 	32.349406
0.743 	32.424524
0.744 	34.266516
0.745 	33.756885
0.746 	32.974636
0.747 	31.857251
0.748 	32.216052
0.749 	33.632967
0.750 	34.840138
0.751 	35.877828
0.752 	34.405120
0.753 	32.089527
0.754 	32.372341
0.755 	33.635376
0.756 	34.806444
0.757 	36.612383
0.758 	35.391111
0.759 	33.344089
0.760 	33.172228
0.761 	32.655947
0.762 	33.034804
0.763 	33.573793
0.764 	34.534917
0.765 	33.906975
0.766 	33.187468
0.767 	32.742551
0.768 	31.999429
0.769 	32.160088
0.770 	32.621031
0.771 	34.124473
0.772 	33.873315
0.773 	31.568411
0.774 	30.267852
0.775 	33.380588
0.776 	35.796718
0.777 	33.825462
0.778 	31.997367
0.779 	32.450537
0.780 	33.247897
0.781 	33.960195
0.782 	33.132149
0.783 	31.836698
0.784 	32.021455
0.785 	32.802541
0.786 	33.261693
0.787 	33.979554
0.788 	33.600570
0.789 	32.432575
0.790 	32.605539
0.791 	33.750513
0.792 	33.676065
0.793 	32.615499
0.794 	31.754652
0.795 	31.792999
0.796 	31.750230
0.797 	32.357727
0.798 	33.278520
0.799 	33.125783
0.800 	32.240725
0.801 	31.621110
0.802 	31.793886
0.803 	31.493954
0.804 	31.507961
0.805 	33.126944
0.806 	34.486959
0.807 	34.334369
0.808 	32.828078
0.809 	30.913860
0.810 	30.178178
0.811 	31.361365
0.812 	32.321522
0.813 	32.789624
0.814 	32.683763
0.815 	32.084507
0.816 	31.038317
0.817 	30.360144
0.818 	31.011287
0.819 	31.866191
0.820 	32.253596
0.821 	32.508175
0.822 	32.506820
0.823 	32.239912
0.824 	32.420274
0.825 	32.796867
0.826 	32.090442
0.827 	30.947235
0.828 	30.734273
0.829 	31.474882
0.830 	31.388426
0.831 	30.656767
0.832 	30.685135
0.833 	31.339314
0.834 	31.777478
0.835 	32.008908
0.836 	32.076889
0.837 	31.595469
0.838 	31.767626
0.839 	32.563189
0.840 	32.062501
0.841 	31.364042
0.842 	31.512869
0.843 	30.909517
0.844 	29.901158
0.845 	30.072665
0.846 	31.157218
0.847 	32.351263
0.848 	32.634092
0.849 	31.346027
0.850 	29.647841
0.851 	29.598208
0.852 	30.166289
0.853 	29.936480
0.854 	29.655231
0.855 	29.815604
0.856 	30.716759
0.857 	31.484228
0.858 	31.262806
0.859 	31.270825
0.860 	31.326296
0.861 	31.173738
0.862 	31.023891
0.863 	30.698435
0.864 	30.479894
0.865 	30.434987
0.866 	30.346547
0.867 	29.963736
0.868 	29.500337
0.869 	29.490185
0.870 	30.101104
0.871 	30.901703
0.872 	31.324592
0.873 	31.654516
0.874 	31.510101
0.875 	30.533208
0.876 	29.842233
0.877 	29.600415
0.878 	29.257402
0.879 	29.054835
0.880 	29.013726
0.881 	29.243837
0.882 	29.806275
0.883 	30.516695
0.884 	30.931664
0.885 	30.280832
0.886 	29.610162
0.887 	29.711332
0.888 	29.145960
0.889 	28.136686
0.890 	28.158210
0.891 	28.846518
0.892 	29.899111
0.893 	30.648654
0.894 	29.957242
0.895 	29.056744
0.896 	28.909667
0.897 	29.139445
0.898 	29.678122
0.899 	30.117528
0.900 	29.953844
0.901 	29.632703
0.902 	29.377775
0.903 	29.110534
0.904 	29.104358
0.905 	29.337161
0.906 	29.567630
0.907 	29.517253
0.908 	29.735277
0.909 	30.231522
0.910 	29.968847
0.911 	28.943385
0.912 	28.440721
0.913 	28.578840
0.914 	28.413523
0.915 	28.189226
0.916 	28.805501
0.917 	29.682363
0.918 	29.694439
0.919 	29.218170
0.920 	28.500740
0.921 	27.717453
0.922 	27.593558
0.923 	28.407020
0.924 	29.580961
0.925 	30.030067
0.926 	28.460630
0.927 	26.786801
0.928 	27.331160
0.929 	28.768620
0.930 	29.314280
0.931 	29.389553
0.932 	29.207675
0.933 	28.606540
0.934 	27.853114
0.935 	27.643220
0.936 	28.173454
0.937 	28.497947
0.938 	28.756372
0.939 	28.961244
0.940 	28.854651
0.941 	28.206090
0.942 	27.053429
0.943 	26.257137
0.944 	26.576018
0.945 	27.601382
0.946 	29.190477
0.947 	29.555447
0.948 	28.288732
0.949 	27.533611
0.950 	27.850135
0.951 	28.284598
0.952 	28.280799
0.953 	27.549923
0.954 	26.499361
0.955 	26.452727
0.956 	26.528456
0.957 	26.093721
0.958 	26.216066
0.959 	26.641446
0.960 	26.937135
0.961 	26.848863
0.962 	27.089419
0.963 	27.626368
0.964 	26.988800
0.965 	25.736342
0.966 	25.270641
0.967 	25.704007
0.968 	26.043518
0.969 	26.347123
0.970 	26.218506
0.971 	25.630806
0.972 	26.780900
0.973 	27.057925
0.974 	25.921808
0.975 	25.471867
0.976 	25.581828
0.977 	25.463631
0.978 	25.763926
0.979 	26.393621
0.980 	26.770752
0.981 	26.810998
0.982 	26.222483
0.983 	25.418028
0.984 	25.344143
0.985 	26.235459
0.986 	26.646527
0.987 	25.363818
0.988 	23.894296
0.989 	25.035040
0.990 	26.558135
0.991 	25.956501
0.992 	25.222014
0.993 	25.981636
0.994 	26.451015
0.995 	25.987657
0.996 	25.440473
0.997 	25.138216
0.998 	25.592289
0.999 	25.737393
1.000 	24.935601
1.001 	24.905747
1.002 	25.826844
1.003 	26.395543
1.004 	26.063872
1.005 	25.576827
1.006 	25.768943
1.007 	24.787156
1.008 	24.726667
1.009 	26.100837
1.010 	26.630793
1.011 	26.281590
1.012 	26.255788
1.013 	26.355089
1.014 	25.930225
1.015 	24.658520
1.016 	24.546584
1.017 	25.680968
1.018 	26.304302
1.019 	26.418025
1.020 	26.014222
1.021 	25.254946
1.022 	24.988125
1.023 	24.677524
1.024 	24.659120
1.025 	25.496425
1.026 	26.470201
1.027 	27.203349
1.028 	27.165175
1.029 	26.411763
1.030 	26.071657
1.031 	26.310912
1.032 	27.001168
1.033 	26.376955
1.034 	25.054888
1.035 	24.946148
1.036 	26.147051
1.037 	26.858924
1.038 	26.317794
1.039 	25.821090
1.040 	26.016011
1.041 	25.622875
1.042 	25.421622
1.043 	25.680003
1.044 	25.508195
1.045 	25.519986
1.046 	26.418596
1.047 	26.577906
1.048 	25.741356
1.049 	25.794470
1.050 	25.934152
1.051 	25.500268
1.052 	25.298590
1.053 	25.220188
1.054 	24.971580
1.055 	25.078182
1.056 	25.772834
1.057 	26.461931
1.058 	26.569473
1.059 	26.296164
1.060 	26.235305
1.061 	26.028401
1.062 	25.532291
1.063 	25.593147
1.064 	25.932235
1.065 	25.653705
1.066 	25.271466
1.067 	25.301473
1.068 	25.241121
1.069 	25.636857
1.070 	25.851738
1.071 	25.176269
1.072 	24.958534
1.073 	25.509723
1.074 	25.839975
1.075 	26.055635
1.076 	26.276256
1.077 	26.447090
1.078 	26.156145
1.079 	25.103458
1.080 	24.599131
1.081 	25.326206
1.082 	26.346544
1.083 	26.441461
1.084 	25.312650
1.085 	24.235002
1.086 	24.635597
1.087 	25.827777
1.088 	26.603785
1.089 	27.091906
1.090 	27.561593
1.091 	27.566246
1.092 	26.319193
1.093 	24.700520
1.094 	24.321620
1.095 	24.497083
1.096 	24.508198
1.097 	24.698591
1.098 	25.203299
1.099 	25.800130
1.100 	25.968614
1.101 	25.630973
1.102 	25.856365
1.103 	26.753504
1.104 	26.698047
1.105 	25.199695
1.106 	23.693368
1.107 	23.658296
1.108 	24.524646
1.109 	24.877946
1.110 	24.696759
1.111 	24.264731
1.112 	23.863440
1.113 	24.355201
1.114 	25.728388
1.115 	26.374026
1.116 	25.924692
1.117 	25.468296
1.118 	25.025708
1.119 	24.804969
1.120 	25.062140
1.121 	25.108933
1.122 	24.483926
1.123 	23.953657
1.124 	24.062753
1.125 	24.282854
1.126 	24.912813
1.127 	25.555843
1.128 	25.434821
1.129 	25.217714
1.130 	25.034778
1.131 	24.448201
1.132 	23.808693
1.133 	23.187829
1.134 	22.941551
1.135 	23.639040
1.136 	24.583313
1.137 	24.364297
1.138 	23.385968
1.139 	22.773757
1.140 	22.394947
1.141 	22.027393
1.142 	21.828818
1.143 	21.912969
1.144 	22.275221
1.145 	22.485957
1.146 	22.033756
1.147 	21.613618
1.148 	21.902525
1.149 	22.380429
1.150 	22.424144
1.151 	22.134376
1.152 	21.235635
1.153 	20.068110
1.154 	20.078742
1.155 	21.442866
1.156 	22.196881
1.157 	21.230605
1.158 	19.915947
1.159 	19.793154
1.160 	20.367281
1.161 	20.740958
1.162 	21.092517
1.163 	21.193052
1.164 	21.177616
1.165 	21.676657
1.166 	22.244849
1.167 	21.654824
1.168 	20.114832
1.169 	19.602656
1.170 	20.396891
1.171 	21.030117
1.172 	21.060117
1.173 	20.690026
1.174 	20.247278
1.175 	20.053711
1.176 	20.358062
1.177 	20.753463
1.178 	20.748055
1.179 	20.547309
1.180 	19.891086
1.181 	18.996377
1.182 	18.926226
1.183 	19.870625
1.184 	20.624811
1.185 	20.228334
1.186 	19.668521
1.187 	19.976971
1.188 	20.774739
1.189 	21.305258
1.190 	21.102233
1.191 	20.486555
1.192 	20.201649
1.193 	20.314241
1.194 	20.284002
1.195 	19.986836
1.196 	19.795687
1.197 	20.073818
1.198 	20.161718
1.199 	19.969474
1.200 	20.176929
1.201 	20.494203
1.202 	20.397057
1.203 	20.127690
1.204 	20.327894
1.205 	21.028732
1.206 	21.284077
1.207 	20.820654
1.208 	20.254956
1.209 	19.704605
1.210 	19.009567
1.211 	18.490564
1.212 	18.636296
1.213 	19.149917
1.214 	19.461699
1.215 	20.234283
1.216 	21.370334
1.217 	21.586308
1.218 	20.891837
1.219 	20.356456
1.220 	20.221852
1.221 	20.285921
1.222 	20.489726
1.223 	20.607618
1.224 	20.500612
1.225 	19.817526
1.226 	19.225899
1.227 	19.773160
1.228 	21.069779
1.229 	21.818516
1.230 	21.560164
1.231 	20.851900
1.232 	20.389966
1.233 	20.747537
1.234 	20.995605
1.235 	20.603866
1.236 	20.051174
1.237 	19.525657
1.238 	19.826624
1.239 	21.328841
1.240 	22.736134
1.241 	22.532169
1.242 	21.519074
1.243 	20.737452
1.244 	20.117076
1.245 	19.644168
1.246 	19.755677
1.247 	20.069077
1.248 	20.412708
1.249 	21.097399
1.250 	21.804684
1.251 	21.787430
1.252 	21.251064
1.253 	20.726970
1.254 	20.613347
1.255 	20.719969
1.256 	20.860834
1.257 	21.161801
1.258 	21.659826
1.259 	22.166051
1.260 	22.195903
1.261 	21.624398
1.262 	20.982184
1.263 	20.738314
1.264 	20.728161
1.265 	20.408575
1.266 	19.993725
1.267 	20.398822
1.268 	21.513246
1.269 	22.546857
1.270 	22.812954
1.271 	22.083701
1.272 	20.939222
1.273 	20.266073
1.274 	20.231329
1.275 	20.456739
1.276 	20.748360
1.277 	20.992283
1.278 	21.039400
1.279 	20.819308
1.280 	20.680919
1.281 	20.818340
1.282 	21.028772
1.283 	20.925560
1.284 	20.412966
1.285 	20.241749
1.286 	20.655736
1.287 	20.742850
1.288 	20.131159
1.289 	19.485577
1.290 	19.148924
1.291 	19.083275
1.292 	19.553095
1.293 	20.545321
1.294 	21.297698
1.295 	21.877878
1.296 	22.609647
1.297 	22.516264
1.298 	21.066224
1.299 	19.723175
1.300 	19.672703
1.301 	20.510285
1.302 	20.544607
1.303 	19.765250
1.304 	19.560353
1.305 	20.166655
1.306 	20.889355
1.307 	20.993004
1.308 	20.258716
1.309 	19.222457
1.310 	18.820851
1.311 	19.214867
1.312 	20.067975
1.313 	20.567952
1.314 	20.580387
1.315 	20.906259
1.316 	21.256576
1.317 	20.412702
1.318 	19.150946
1.319 	18.646238
1.320 	18.823334
1.321 	19.450268
1.322 	20.099468
1.323 	20.056355
1.324 	19.522185
1.325 	18.746098
1.326 	17.934672
1.327 	17.870710
1.328 	18.738848
1.329 	19.467191
1.330 	19.041354
1.331 	17.795613
1.332 	16.962433
1.333 	17.168200
1.334 	17.766609
1.335 	18.242484
1.336 	18.228191
1.337 	17.689078
1.338 	17.132044
1.339 	17.197000
1.340 	17.870776
1.341 	18.431888
1.342 	18.124392
1.343 	16.984740
1.344 	15.979605
1.345 	15.795521
1.346 	16.597643
1.347 	17.722176
1.348 	18.486203
1.349 	18.650389
1.350 	18.123712
1.351 	16.925653
1.352 	16.259219
1.353 	16.848108
1.354 	17.657910
1.355 	17.342766
1.356 	16.521764
1.357 	16.189000
1.358 	16.039173
1.359 	16.168836
1.360 	16.244285
1.361 	15.685744
1.362 	15.061905
1.363 	14.779012
1.364 	14.738709
1.365 	14.989240
1.366 	15.417639
1.367 	15.683728
1.368 	15.810572
1.369 	15.585929
1.370 	15.551462
1.371 	15.995950
1.372 	15.237827
1.373 	13.563237
1.374 	13.718737
1.375 	15.196715
1.376 	15.551035
1.377 	14.346469
1.378 	13.050703
1.379 	12.473355
1.380 	12.557502
1.381 	13.235342
1.382 	13.788216
1.383 	13.576375
1.384 	13.311580
1.385 	13.113787
1.386 	12.394104
1.387 	11.498036
1.388 	10.985073
1.389 	11.264445
1.390 	12.530021
1.391 	13.714307
1.392 	13.337141
1.393 	11.817074
1.394 	10.166548
1.395 	9.230993
1.396 	9.211118
1.397 	9.460365
1.398 	9.173930
1.399 	9.156927
1.400 	9.987924
1.401 	10.777533
1.402 	10.794978
1.403 	10.154444
1.404 	9.207268
1.405 	8.350853
1.406 	8.421389
1.407 	9.281333
1.408 	9.359734
1.409 	8.645912
1.410 	8.314890
1.411 	7.919605
1.412 	7.206225
1.413 	7.177784
1.414 	7.597555
1.415 	7.595621
1.416 	7.691520
1.417 	8.476296
1.418 	8.918206
1.419 	8.664037
1.420 	8.608039
1.421 	9.346646
1.422 	10.007840
1.423 	9.556550
1.424 	9.004754
1.425 	9.243828
1.426 	8.937676
1.427 	7.478032
1.428 	6.252840
1.429 	5.688284
1.430 	6.028548
1.431 	7.543563
1.432 	8.818143
1.433 	8.837367
1.434 	8.429474
1.435 	8.431917
1.436 	8.502473
1.437 	8.347618
1.438 	8.377599
1.439 	8.975480
1.440 	9.303579
1.441 	8.438516
1.442 	7.855467
1.443 	8.561333
1.444 	9.531290
1.445 	9.506601
1.446 	8.166630
1.447 	7.418123
1.448 	7.363733
1.449 	6.994013
1.450 	6.993061
1.451 	7.076477
1.452 	7.452836
1.453 	8.483086
1.454 	9.345349
1.455 	9.919934
1.456 	9.600703
1.457 	8.416497
1.458 	7.285290
1.459 	7.013614
1.460 	7.655336
1.461 	7.721845
1.462 	7.583984
1.463 	9.029989
1.464 	10.018415
1.465 	8.388714
1.466 	6.326007
1.467 	5.883346
1.468 	6.685395
1.469 	7.253112
1.470 	7.050791
1.471 	7.648797
1.472 	8.331424
1.473 	7.986387
1.474 	8.700632
1.475 	9.598495
1.476 	8.671768
1.477 	7.580712
1.478 	6.682731
1.479 	5.296581
1.480 	5.048850
1.481 	6.459620
1.482 	7.432881
1.483 	7.839512
1.484 	8.909726
1.485 	10.068746
1.486 	9.971559
1.487 	9.229285
1.488 	8.799677
1.489 	8.992400
1.490 	9.650494
1.491 	8.851937
1.492 	7.605669
1.493 	7.703397
1.494 	8.289046
1.495 	9.319252
1.496 	9.585923
1.497 	8.701761
1.498 	8.396642
1.499 	9.009645
1.500 	9.002477
1.501 	8.424894
1.502 	9.050519
1.503 	9.995614
1.504 	9.190151
1.505 	7.693233
1.506 	7.599424
1.507 	9.138181
1.508 	10.676985
1.509 	10.426659
1.510 	9.952188
1.511 	10.319093
1.512 	9.472163
1.513 	8.222521
1.514 	8.549903
1.515 	9.690118
1.516 	10.839388
1.517 	11.293181
1.518 	10.891911
1.519 	10.628773
1.520 	10.667517
1.521 	10.076988
1.522 	8.477792
1.523 	7.680886
1.524 	7.972831
1.525 	7.895457
1.526 	8.223531
1.527 	8.958165
1.528 	9.211494
1.529 	9.337181
1.530 	9.000532
1.531 	8.580233
1.532 	8.799798
1.533 	8.984988
1.534 	10.252620
1.535 	12.256249
1.536 	12.559705
1.537 	11.439458
1.538 	10.739231
1.539 	10.403204
1.540 	9.379041
1.541 	7.928001
1.542 	7.415174
1.543 	8.920566
1.544 	10.491599
1.545 	11.693411
1.546 	13.035714
1.547 	13.242924
1.548 	11.673536
1.549 	10.116431
1.550 	8.704652
1.551 	9.614397
1.552 	12.672432
1.553 	13.342285
1.554 	11.989831
1.555 	10.219384
1.556 	9.238686
1.557 	10.454463
1.558 	12.933036
1.559 	13.288290
1.560 	11.939165
1.561 	10.818871
1.562 	10.093577
1.563 	10.478278
1.564 	11.889919
1.565 	12.246182
1.566 	12.048704
1.567 	13.399395
1.568 	15.895656
1.569 	15.467000
1.570 	13.123258
1.571 	10.974408
1.572 	9.728900
1.573 	10.483289
1.574 	10.880675
1.575 	10.406526
1.576 	11.925237
1.577 	14.590458
1.578 	14.171232
1.579 	10.888070
1.580 	9.983275
1.581 	12.616873
1.582 	15.054372
1.583 	13.364709
1.584 	10.556224
1.585 	11.838495
1.586 	15.134135
1.587 	14.201830
1.588 	9.903400
1.589 	7.613605
1.590 	8.865235
1.591 	11.311214
1.592 	12.235515
1.593 	12.808240
1.594 	13.426312
1.595 	15.678418
1.596 	17.951122
1.597 	15.976838
1.598 	11.602885
1.599 	10.784038
1.600 	13.199420
1.601 	12.920558
1.602 	11.601469
1.603 	11.550833
1.604 	11.899804
1.605 	10.998787
1.606 	13.727049
1.607 	16.214144
1.608 	13.469889
1.609 	12.510397
1.610 	13.117955
1.611 	12.286936
1.612 	11.673467
1.613 	11.936951
1.614 	12.684805
1.615 	13.503474
1.616 	14.733758
1.617 	14.853439
1.618 	12.842294
1.619 	13.196335
1.620 	13.296685
1.621 	12.629329
1.622 	14.844868
1.623 	15.621536
1.624 	14.814054
1.625 	13.254054
1.626 	9.897446
1.627 	10.721600
1.628 	13.671069
1.629 	14.580861
1.630 	14.001609
1.631 	13.975021
1.632 	14.570899
1.633 	16.880559
1.634 	15.242592
1.635 	12.745219
1.636 	15.166297
1.637 	16.967951
1.638 	16.111790
1.639 	14.969288
1.640 	13.480969
1.641 	11.266526
1.642 	9.611144
1.643 	10.812721
1.644 	13.404898
1.645 	16.526728
1.646 	14.487765
1.647 	10.233116
1.648 	11.898491
1.649 	13.534741
1.650 	12.061760
1.651 	13.203503
1.652 	18.275941
1.653 	17.544821
1.654 	14.336690
1.655 	13.021173
1.656 	16.710820
1.657 	16.931558
1.658 	12.952419
1.659 	14.984526
1.660 	18.728178
1.661 	15.848979
1.662 	13.096668
1.663 	12.321043
1.664 	12.389657
1.665 	17.170951
1.666 	17.799125
1.667 	11.543578
1.668 	16.255769
1.669 	19.410935
1.670 	19.326353
1.671 	17.733071
1.672 	12.590896
1.673 	10.863537
1.674 	12.199476
1.675 	10.696639
1.676 	11.616469
1.677 	15.604960
1.678 	13.334765
1.679 	17.307766
1.680 	22.585744
1.681 	21.101355
1.682 	15.291875
1.683 	13.059677
1.684 	6.216979
1.685 	16.352542
1.686 	30.726624
1.687 	18.333075
1.688 	8.051670
1.689 	6.387680
1.690 	24.545873
1.691 	29.936979
1.692 	19.657892
1.693 	3.572709
1.694 	10.668219
1.695 	27.193065
1.696 	32.922202
1.697 	22.963367
1.698 	4.542548
1.699 	8.321105
1.700 	21.970328
