0.660 	34.291689
0.661 	38.058599
0.662 	34.947978
0.663 	32.070525
0.664 	37.094994
0.665 	28.242670
0.666 	33.378240
0.667 	32.642829
0.668 	34.383080
0.669 	26.628795
0.670 	20.078928
0.671 	28.434229
0.672 	29.127948
0.673 	30.255143
0.674 	30.741599
0.675 	27.814298
0.676 	23.858888
0.677 	35.845280
0.678 	26.367526
0.679 	25.927066
0.680 	30.273758
0.681 	29.927373
0.682 	31.791621
0.683 	26.344675
0.684 	28.640980
0.685 	32.948469
0.686 	29.375716
0.687 	33.279041
0.688 	27.222867
0.689 	29.524041
0.690 	31.350827
0.691 	31.774507
0.692 	30.396571
0.693 	32.823572
0.694 	34.741013
0.695 	29.026428
0.696 	26.757420
0.697 	30.050305
0.698 	27.886247
0.699 	25.998630
0.700 	31.842848
0.701 	32.339780
0.702 	30.103561
0.703 	29.771550
0.704 	29.953360
0.705 	28.563730
0.706 	28.892110
0.707 	28.971016
0.708 	30.514060
0.709 	29.699871
0.710 	24.634958
0.711 	26.541431
0.712 	26.857393
0.713 	28.040734
0.714 	32.006089
0.715 	30.978069
0.716 	28.473265
0.717 	27.070595
0.718 	31.077094
0.719 	31.978011
0.720 	29.378732
0.721 	27.009482
0.722 	24.510761
0.723 	28.541949
0.724 	31.790599
0.725 	31.208877
0.726 	31.617464
0.727 	30.142044
0.728 	27.248227
0.729 	29.401005
0.730 	32.689897
0.731 	29.714581
0.732 	25.089280
0.733 	25.350168
0.734 	27.363297
0.735 	29.851612
0.736 	29.474505
0.737 	29.903581
0.738 	31.101082
0.739 	28.791641
0.740 	27.013133
0.741 	28.634595
0.742 	30.201387
0.743 	26.516465
0.744 	24.181143
0.745 	25.204260
0.746 	25.378928
0.747 	26.681224
0.748 	28.222956
0.749 	28.574094
0.750 	28.709802
0.751 	28.289733
0.752 	30.273199
0.753 	29.984249
0.754 	27.180360
0.755 	25.443863
0.756 	26.982943
0.757 	28.592617
0.758 	28.381930
0.759 	28.723918
0.760 	28.918651
0.761 	28.437239
0.762 	29.605093
0.763 	30.270351
0.764 	28.287972
0.765 	25.796911
0.766 	23.897930
0.767 	25.365784
0.768 	29.741278
0.769 	30.807967
0.770 	26.730547
0.771 	24.795237
0.772 	28.069347
0.773 	31.175250
0.774 	30.451289
0.775 	26.559219
0.776 	24.178852
0.777 	26.503819
0.778 	27.837342
0.779 	26.073217
0.780 	25.308808
0.781 	25.266873
0.782 	25.008873
0.783 	26.377198
0.784 	27.618953
0.785 	27.492670
0.786 	27.754535
0.787 	28.703367
0.788 	28.744240
0.789 	27.076213
0.790 	26.894098
0.791 	28.207480
0.792 	28.164321
0.793 	25.354632
0.794 	23.959461
0.795 	25.225665
0.796 	26.373080
0.797 	26.382082
0.798 	26.545330
0.799 	27.726505
0.800 	28.864074
0.801 	29.401324
0.802 	28.521443
0.803 	26.155097
0.804 	25.540260
0.805 	26.037523
0.806 	26.334139
0.807 	26.738298
0.808 	26.423018
0.809 	26.910688
0.810 	28.752924
0.811 	29.029648
0.812 	28.099785
0.813 	27.878424
0.814 	28.179343
0.815 	27.918896
0.816 	27.311903
0.817 	26.637947
0.818 	25.597914
0.819 	23.753630
0.820 	23.780751
0.821 	26.372973
0.822 	27.877932
0.823 	27.585819
0.824 	26.501069
0.825 	25.894849
0.826 	25.497667
0.827 	24.619000
0.828 	24.896526
0.829 	25.623415
0.830 	26.006859
0.831 	26.804745
0.832 	27.550757
0.833 	26.237046
0.834 	23.886732
0.835 	23.547882
0.836 	25.668232
0.837 	27.865952
0.838 	27.474498
0.839 	25.193381
0.840 	24.171104
0.841 	25.329565
0.842 	26.885519
0.843 	28.605831
0.844 	29.621506
0.845 	26.960463
0.846 	24.434739
0.847 	25.481810
0.848 	26.569404
0.849 	26.320749
0.850 	25.361755
0.851 	24.366310
0.852 	24.674783
0.853 	25.438865
0.854 	24.832065
0.855 	24.368484
0.856 	25.006232
0.857 	25.758224
0.858 	25.754404
0.859 	24.844530
0.860 	25.115677
0.861 	27.074681
0.862 	27.944938
0.863 	26.862397
0.864 	26.449164
0.865 	26.985236
0.866 	27.211071
0.867 	27.152744
0.868 	26.991304
0.869 	26.928184
0.870 	26.857683
0.871 	26.941823
0.872 	27.105275
0.873 	26.402397
0.874 	24.989392
0.875 	24.138871
0.876 	24.290348
0.877 	25.215561
0.878 	26.051036
0.879 	25.944109
0.880 	25.703900
0.881 	25.637683
0.882 	25.321704
0.883 	25.209480
0.884 	24.835831
0.885 	24.344679
0.886 	24.864648
0.887 	25.537174
0.888 	24.814326
0.889 	24.477500
0.890 	25.406679
0.891 	26.092141
0.892 	25.918763
0.893 	25.443346
0.894 	25.302854
0.895 	25.393231
0.896 	24.948454
0.897 	23.977191
0.898 	23.627863
0.899 	24.184500
0.900 	25.093127
0.901 	26.067516
0.902 	26.909124
0.903 	26.927650
0.904 	26.082228
0.905 	24.948855
0.906 	24.240799
0.907 	24.559031
0.908 	25.142023
0.909 	25.295988
0.910 	24.856728
0.911 	24.078820
0.912 	24.618159
0.913 	26.178025
0.914 	26.397667
0.915 	25.365068
0.916 	24.623272
0.917 	24.712692
0.918 	25.589360
0.919 	25.878852
0.920 	25.552597
0.921 	25.437759
0.922 	25.376999
0.923 	25.655717
0.924 	25.861125
0.925 	25.047367
0.926 	23.673510
0.927 	23.312507
0.928 	24.161764
0.929 	23.926088
0.930 	22.662609
0.931 	22.914902
0.932 	24.450169
0.933 	25.599574
0.934 	26.210755
0.935 	26.192620
0.936 	24.634505
0.937 	23.107727
0.938 	23.600791
0.939 	24.314062
0.940 	24.064895
0.941 	23.927437
0.942 	23.805119
0.943 	23.320833
0.944 	23.420829
0.945 	23.792312
0.946 	23.918119
0.947 	23.701749
0.948 	23.291524
0.949 	22.462291
0.950 	22.131894
0.951 	23.134711
0.952 	23.676216
0.953 	23.473279
0.954 	23.138179
0.955 	22.427709
0.956 	22.237112
0.957 	23.340983
0.958 	23.841721
0.959 	23.850725
0.960 	22.801229
0.961 	22.212962
0.962 	21.715868
0.963 	20.380575
0.964 	20.361023
0.965 	20.912034
0.966 	21.400482
0.967 	23.081127
0.968 	22.862875
0.969 	21.520955
0.970 	21.709274
0.971 	21.913821
0.972 	22.144738
0.973 	22.662685
0.974 	22.238612
0.975 	20.557086
0.976 	19.928840
0.977 	20.865035
0.978 	21.757023
0.979 	21.288577
0.980 	20.995465
0.981 	20.879125
0.982 	20.718790
0.983 	21.457467
0.984 	22.069080
0.985 	21.702142
0.986 	21.508648
0.987 	20.571730
0.988 	20.990568
0.989 	23.051506
0.990 	22.665245
0.991 	20.859394
0.992 	19.168677
0.993 	19.161852
0.994 	21.482923
0.995 	22.419991
0.996 	20.461036
0.997 	20.737203
0.998 	21.450260
0.999 	20.396874
1.000 	20.015568
1.001 	19.688742
1.002 	19.468810
1.003 	20.799019
1.004 	21.440935
1.005 	21.748983
1.006 	21.585313
1.007 	20.510290
1.008 	20.224518
1.009 	20.877320
1.010 	21.730845
1.011 	21.440676
1.012 	20.733549
1.013 	19.510890
1.014 	18.206823
1.015 	18.989974
1.016 	20.286832
1.017 	21.665886
1.018 	22.468626
1.019 	21.657228
1.020 	22.085248
1.021 	22.131998
1.022 	21.227128
1.023 	20.332050
1.024 	20.988551
1.025 	23.242439
1.026 	23.777577
1.027 	21.713247
1.028 	19.960451
1.029 	20.056065
1.030 	20.464865
1.031 	20.138249
1.032 	19.492928
1.033 	19.262471
1.034 	19.351553
1.035 	19.731524
1.036 	20.728991
1.037 	21.175575
1.038 	20.872105
1.039 	21.978478
1.040 	22.747368
1.041 	21.853544
1.042 	20.677681
1.043 	19.835437
1.044 	20.008709
1.045 	19.726878
1.046 	19.369926
1.047 	19.389218
1.048 	21.331273
1.049 	23.292538
1.050 	22.789896
1.051 	22.051973
1.052 	22.152954
1.053 	21.893296
1.054 	20.540896
1.055 	19.014713
1.056 	19.048516
1.057 	19.895174
1.058 	20.546949
1.059 	21.191583
1.060 	20.638822
1.061 	19.135097
1.062 	19.342425
1.063 	20.626425
1.064 	20.344550
1.065 	19.597973
1.066 	20.490379
1.067 	22.012738
1.068 	21.912255
1.069 	21.150033
1.070 	21.709686
1.071 	22.799656
1.072 	22.518182
1.073 	21.230510
1.074 	20.431063
1.075 	19.847385
1.076 	19.428122
1.077 	20.298369
1.078 	21.708526
1.079 	22.533801
1.080 	22.662491
1.081 	22.110372
1.082 	21.481045
1.083 	21.766749
1.084 	22.238683
1.085 	21.365079
1.086 	19.726682
1.087 	19.284637
1.088 	19.640214
1.089 	19.577964
1.090 	19.689776
1.091 	19.981332
1.092 	20.529370
1.093 	21.423421
1.094 	21.970291
1.095 	21.942224
1.096 	21.015216
1.097 	19.090858
1.098 	17.925051
1.099 	18.918636
1.100 	20.830930
1.101 	21.426893
1.102 	20.774871
1.103 	20.476145
1.104 	20.679035
1.105 	20.882430
1.106 	20.357841
1.107 	19.564172
1.108 	19.470537
1.109 	20.157207
1.110 	21.144489
1.111 	21.155115
1.112 	19.793668
1.113 	19.277699
1.114 	20.824275
1.115 	21.653546
1.116 	20.923411
1.117 	20.712724
1.118 	21.247180
1.119 	21.276977
1.120 	20.497520
1.121 	19.904715
1.122 	20.127837
1.123 	20.014846
1.124 	18.857188
1.125 	17.701688
1.126 	17.877682
1.127 	18.919362
1.128 	19.944550
1.129 	21.023662
1.130 	21.290686
1.131 	20.129834
1.132 	18.469455
1.133 	17.515679
1.134 	17.814028
1.135 	19.132786
1.136 	20.324412
1.137 	21.330253
1.138 	21.551767
1.139 	18.934835
1.140 	15.834917
1.141 	15.604507
1.142 	17.334439
1.143 	18.834222
1.144 	19.050249
1.145 	18.791816
1.146 	18.527549
1.147 	18.181758
1.148 	18.345659
1.149 	18.696163
1.150 	18.663515
1.151 	18.538833
1.152 	18.462989
1.153 	18.152172
1.154 	17.165179
1.155 	15.933437
1.156 	15.381086
1.157 	16.134769
1.158 	17.502680
1.159 	17.932944
1.160 	17.255008
1.161 	16.547054
1.162 	16.870745
1.163 	17.452946
1.164 	17.096272
1.165 	16.589509
1.166 	16.660667
1.167 	16.456363
1.168 	16.068408
1.169 	16.301801
1.170 	16.992506
1.171 	17.661426
1.172 	18.250296
1.173 	18.177371
1.174 	16.991652
1.175 	15.840496
1.176 	15.758242
1.177 	16.222462
1.178 	17.025481
1.179 	18.311435
1.180 	19.439431
1.181 	18.936118
1.182 	16.999476
1.183 	15.750037
1.184 	15.144577
1.185 	14.635348
1.186 	15.357952
1.187 	17.350835
1.188 	18.454153
1.189 	17.440285
1.190 	15.424311
1.191 	14.692089
1.192 	15.884876
1.193 	17.440000
1.194 	17.825520
1.195 	17.196781
1.196 	17.187472
1.197 	17.834363
1.198 	17.798184
1.199 	16.567777
1.200 	15.114333
1.201 	15.034887
1.202 	16.061140
1.203 	16.335973
1.204 	16.008953
1.205 	16.565571
1.206 	17.600387
1.207 	17.983959
1.208 	17.565697
1.209 	16.749625
1.210 	15.838704
1.211 	15.176741
1.212 	15.517948
1.213 	16.908426
1.214 	18.170772
1.215 	18.244065
1.216 	17.965935
1.217 	17.767135
1.218 	16.920433
1.219 	15.486410
1.220 	14.177016
1.221 	14.052644
1.222 	15.795145
1.223 	18.174663
1.224 	18.892127
1.225 	18.187499
1.226 	17.976072
1.227 	18.524861
1.228 	18.558345
1.229 	17.169602
1.230 	15.570867
1.231 	16.345772
1.232 	18.386173
1.233 	18.977061
1.234 	18.089990
1.235 	17.173522
1.236 	16.667094
1.237 	15.907601
1.238 	15.123028
1.239 	15.166816
1.240 	15.825089
1.241 	16.796705
1.242 	17.561418
1.243 	17.604871
1.244 	17.457426
1.245 	17.501774
1.246 	17.085086
1.247 	16.361561
1.248 	16.285949
1.249 	16.982852
1.250 	17.292035
1.251 	16.720633
1.252 	16.060753
1.253 	15.845948
1.254 	16.084333
1.255 	17.058911
1.256 	18.342378
1.257 	19.053893
1.258 	18.651786
1.259 	17.478044
1.260 	16.255490
1.261 	15.827507
1.262 	16.271564
1.263 	16.976404
1.264 	17.706055
1.265 	18.777476
1.266 	19.924212
1.267 	19.872846
1.268 	18.315080
1.269 	17.157440
1.270 	17.444447
1.271 	18.705191
1.272 	19.335275
1.273 	18.826409
1.274 	17.949494
1.275 	17.914199
1.276 	18.114010
1.277 	17.015627
1.278 	15.574949
1.279 	15.672411
1.280 	16.626875
1.281 	16.980187
1.282 	16.462896
1.283 	15.951915
1.284 	15.780263
1.285 	15.840337
1.286 	15.824760
1.287 	15.871985
1.288 	16.399351
1.289 	16.895693
1.290 	16.600781
1.291 	16.920362
1.292 	18.656725
1.293 	19.278416
1.294 	17.442349
1.295 	14.927240
1.296 	14.524725
1.297 	15.852411
1.298 	17.164462
1.299 	17.936324
1.300 	18.842953
1.301 	19.737075
1.302 	19.786368
1.303 	18.649106
1.304 	16.401336
1.305 	14.157206
1.306 	13.192289
1.307 	13.790106
1.308 	15.068393
1.309 	16.352428
1.310 	17.188891
1.311 	17.463970
1.312 	16.965039
1.313 	15.997378
1.314 	15.410750
1.315 	15.876354
1.316 	16.652355
1.317 	17.054527
1.318 	17.460687
1.319 	18.103948
1.320 	17.785521
1.321 	16.090974
1.322 	14.092915
1.323 	12.619908
1.324 	11.662406
1.325 	11.761227
1.326 	13.370121
1.327 	15.486207
1.328 	16.986316
1.329 	16.955737
1.330 	16.295298
1.331 	16.069957
1.332 	15.792042
1.333 	15.195026
1.334 	14.854973
1.335 	15.213101
1.336 	16.598812
1.337 	17.543364
1.338 	16.568955
1.339 	14.428954
1.340 	12.204709
1.341 	10.709911
1.342 	12.031399
1.343 	15.589999
1.344 	18.717551
1.345 	19.088696
1.346 	17.391253
1.347 	14.845429
1.348 	12.413576
1.349 	10.952768
1.350 	11.915659
1.351 	13.617310
1.352 	13.951515
1.353 	12.956466
1.354 	11.853473
1.355 	11.207179
1.356 	12.144050
1.357 	14.365060
1.358 	15.173989
1.359 	13.721241
1.360 	11.525247
1.361 	10.729254
1.362 	11.550507
1.363 	13.020333
1.364 	14.902981
1.365 	16.897038
1.366 	16.802071
1.367 	15.030208
1.368 	13.224744
1.369 	12.112363
1.370 	11.648347
1.371 	11.949102
1.372 	12.935808
1.373 	13.693837
1.374 	12.623644
1.375 	10.935383
1.376 	9.903255
1.377 	8.768862
1.378 	8.372851
1.379 	11.029592
1.380 	14.739115
1.381 	16.592880
1.382 	14.906996
1.383 	11.657291
1.384 	10.016213
1.385 	10.096049
1.386 	10.786584
1.387 	11.539821
1.388 	11.776746
1.389 	10.932912
1.390 	10.234407
1.391 	10.720764
1.392 	11.168160
1.393 	10.841366
1.394 	9.917760
1.395 	8.823532
1.396 	8.016338
1.397 	6.636141
1.398 	5.679639
1.399 	6.823325
1.400 	8.877927
1.401 	10.871567
1.402 	11.418524
1.403 	9.382076
1.404 	7.658656
1.405 	8.478318
1.406 	9.103711
1.407 	8.006374
1.408 	6.999878
1.409 	7.533417
1.410 	8.988408
1.411 	9.155325
1.412 	7.054044
1.413 	5.634392
1.414 	7.105359
1.415 	8.819633
1.416 	9.020154
1.417 	8.124354
1.418 	7.625596
1.419 	7.894652
1.420 	8.045212
1.421 	7.846924
1.422 	7.848154
1.423 	8.249852
1.424 	8.035163
1.425 	6.903975
1.426 	6.505076
1.427 	7.839959
1.428 	9.502583
1.429 	9.467155
1.430 	7.573657
1.431 	6.303039
1.432 	7.652949
1.433 	10.430938
1.434 	12.015442
1.435 	12.239034
1.436 	11.891383
1.437 	10.089071
1.438 	6.375830
1.439 	3.780350
1.440 	4.295859
1.441 	4.537695
1.442 	3.731575
1.443 	4.038967
1.444 	5.994976
1.445 	8.567363
1.446 	9.665735
1.447 	7.893095
1.448 	5.460402
1.449 	4.503866
1.450 	4.907831
1.451 	7.175575
1.452 	8.870749
1.453 	8.585794
1.454 	8.569563
1.455 	9.800672
1.456 	11.240804
1.457 	11.663080
1.458 	10.636041
1.459 	9.360927
1.460 	7.918983
1.461 	6.065819
1.462 	5.676833
1.463 	7.721024
1.464 	9.738076
1.465 	8.952132
1.466 	6.321634
1.467 	5.159542
1.468 	6.610658
1.469 	8.546454
1.470 	8.802707
1.471 	7.920196
1.472 	7.150936
1.473 	7.150725
1.474 	7.977531
1.475 	7.897076
1.476 	6.689616
1.477 	7.109041
1.478 	9.931523
1.479 	11.501711
1.480 	11.081774
1.481 	10.115476
1.482 	8.594831
1.483 	8.215211
1.484 	9.145681
1.485 	8.280313
1.486 	5.502004
1.487 	3.717259
1.488 	4.320857
1.489 	6.894833
1.490 	9.188917
1.491 	9.474472
1.492 	8.981918
1.493 	9.179072
1.494 	9.709360
1.495 	10.215743
1.496 	9.408911
1.497 	7.316435
1.498 	6.370752
1.499 	7.699665
1.500 	9.449628
1.501 	10.089250
1.502 	9.586884
1.503 	8.718905
1.504 	8.839944
1.505 	9.240965
1.506 	9.717643
1.507 	10.679980
1.508 	9.919038
1.509 	7.724237
1.510 	6.369191
1.511 	6.215151
1.512 	7.825104
1.513 	9.013225
1.514 	9.061081
1.515 	9.394842
1.516 	8.917072
1.517 	8.058765
1.518 	8.462453
1.519 	9.621465
1.520 	9.165053
1.521 	8.233498
1.522 	8.486629
1.523 	8.848458
1.524 	9.587081
1.525 	10.025385
1.526 	10.054188
1.527 	9.355503
1.528 	8.225683
1.529 	9.621778
1.530 	10.949193
1.531 	9.780084
1.532 	8.597763
1.533 	8.609981
1.534 	10.069064
1.535 	11.012171
1.536 	9.501258
1.537 	8.424875
1.538 	9.898551
1.539 	9.706815
1.540 	8.135951
1.541 	8.620983
1.542 	9.462620
1.543 	9.826819
1.544 	10.381117
1.545 	10.849429
1.546 	11.258700
1.547 	10.966704
1.548 	8.944501
1.549 	7.945749
1.550 	9.230526
1.551 	10.893285
1.552 	11.369478
1.553 	11.403076
1.554 	11.824643
1.555 	12.400903
1.556 	12.002812
1.557 	10.951073
1.558 	11.163992
1.559 	11.804788
1.560 	10.457770
1.561 	7.784623
1.562 	8.933338
1.563 	13.132101
1.564 	14.015752
1.565 	11.172897
1.566 	8.574070
1.567 	6.837023
1.568 	7.218750
1.569 	9.081182
1.570 	10.069539
1.571 	8.733786
1.572 	8.939082
1.573 	10.930784
1.574 	10.772393
1.575 	10.785505
1.576 	9.859366
1.577 	8.386885
1.578 	9.638127
1.579 	10.485550
1.580 	10.091365
1.581 	9.497818
1.582 	8.862566
1.583 	9.943831
1.584 	12.956303
1.585 	13.525552
1.586 	12.972703
1.587 	13.391977
1.588 	13.195437
1.589 	12.977893
1.590 	11.983961
1.591 	8.675881
1.592 	5.963911
1.593 	7.271539
1.594 	9.460368
1.595 	11.667488
1.596 	12.254499
1.597 	11.057948
1.598 	11.142808
1.599 	9.675003
1.600 	8.413314
1.601 	8.438978
1.602 	8.425385
1.603 	8.138210
1.604 	8.916805
1.605 	9.821237
1.606 	9.215181
1.607 	11.271262
1.608 	13.076780
1.609 	13.430710
1.610 	13.947591
1.611 	13.448861
1.612 	11.036940
1.613 	9.628722
1.614 	13.149863
1.615 	17.108571
1.616 	14.971709
1.617 	11.476203
1.618 	10.083573
1.619 	10.066181
1.620 	11.391663
1.621 	13.548806
1.622 	14.258314
1.623 	11.798416
1.624 	7.883275
1.625 	5.926534
1.626 	6.699925
1.627 	9.188114
1.628 	10.542098
1.629 	12.251756
1.630 	17.386042
1.631 	18.284233
1.632 	14.181688
1.633 	15.981294
1.634 	19.951712
1.635 	16.577875
1.636 	12.359556
1.637 	9.576047
1.638 	8.261128
1.639 	7.114209
1.640 	8.994959
1.641 	8.598710
1.642 	5.841632
1.643 	6.779806
1.644 	6.534712
1.645 	10.289359
1.646 	17.633550
1.647 	17.191592
1.648 	12.301630
1.649 	11.972251
1.650 	13.781664
1.651 	10.951014
1.652 	11.687670
1.653 	15.478598
1.654 	11.646847
1.655 	6.652043
1.656 	9.146125
1.657 	13.276267
1.658 	14.716576
1.659 	15.375285
1.660 	13.878235
1.661 	13.735470
1.662 	15.023046
1.663 	15.770040
1.664 	14.578090
1.665 	12.936929
1.666 	11.403248
1.667 	5.377836
1.668 	2.344061
1.669 	3.891168
1.670 	6.237911
1.671 	10.795654
1.672 	17.649004
1.673 	23.283966
1.674 	28.542124
1.675 	15.978459
1.676 	6.605986
1.677 	7.383312
1.678 	7.694748
1.679 	11.316816
1.680 	6.214235
1.681 	2.302960
1.682 	15.569651
1.683 	30.134414
1.684 	16.409535
1.685 	6.651885
1.686 	5.232900
1.687 	17.196440
1.688 	15.996555
1.689 	12.483963
1.690 	3.820278
1.691 	21.227397
1.692 	30.282399
1.693 	30.190966
1.694 	-1.898170
1.695 	1.635116
1.696 	11.676241
1.697 	9.382112
1.698 	25.707420
1.699 	33.133927
1.700 	19.482552
