0.660 	36.910507
0.661 	35.477703
0.662 	36.641038
0.663 	37.235747
0.664 	36.723528
0.665 	34.351330
0.666 	40.981430
0.667 	33.553431
0.668 	28.674595
0.669 	40.084626
0.670 	29.450978
0.671 	38.555971
0.672 	35.706849
0.673 	34.298825
0.674 	37.053757
0.675 	37.740869
0.676 	30.963997
0.677 	29.844556
0.678 	32.029041
0.679 	33.153696
0.680 	34.333866
0.681 	32.445182
0.682 	32.817236
0.683 	29.656918
0.684 	37.468474
0.685 	40.596966
0.686 	32.870243
0.687 	34.668458
0.688 	29.649761
0.689 	33.718406
0.690 	36.011531
0.691 	32.064886
0.692 	34.213769
0.693 	37.280120
0.694 	34.523241
0.695 	33.634783
0.696 	31.959531
0.697 	31.344255
0.698 	34.627901
0.699 	33.576283
0.700 	34.776244
0.701 	35.583232
0.702 	35.707832
0.703 	34.634452
0.704 	36.192946
0.705 	36.878062
0.706 	33.722738
0.707 	32.300544
0.708 	34.011691
0.709 	36.275315
0.710 	37.413014
0.711 	32.817834
0.712 	30.346496
0.713 	31.730332
0.714 	34.438634
0.715 	33.850389
0.716 	33.231259
0.717 	34.139710
0.718 	35.322165
0.719 	34.838061
0.720 	34.505644
0.721 	35.214349
0.722 	34.953310
0.723 	33.551845
0.724 	32.637676
0.725 	32.119939
0.726 	33.393945
0.727 	31.169322
0.728 	31.747687
0.729 	33.671808
0.730 	34.739731
0.731 	31.176299
0.732 	31.137042
0.733 	31.887724
0.734 	33.471757
0.735 	34.477108
0.736 	29.869941
0.737 	29.859779
0.738 	32.576202
0.739 	31.872532
0.740 	29.863616
0.741 	32.488860
0.742 	34.804163
0.743 	33.389979
0.744 	30.052381
0.745 	28.474551
0.746 	29.360298
0.747 	32.162620
0.748 	34.598394
0.749 	33.523287
0.750 	31.492730
0.751 	32.600178
0.752 	33.781529
0.753 	32.577169
0.754 	31.810642
0.755 	31.220135
0.756 	30.462635
0.757 	32.440727
0.758 	34.840367
0.759 	34.019497
0.760 	31.846852
0.761 	30.657356
0.762 	30.266561
0.763 	31.386697
0.764 	32.402661
0.765 	31.465048
0.766 	30.701971
0.767 	31.298787
0.768 	33.250963
0.769 	31.356419
0.770 	28.206523
0.771 	29.775250
0.772 	33.071280
0.773 	33.393388
0.774 	31.457491
0.775 	29.176433
0.776 	27.885590
0.777 	29.597310
0.778 	32.384573
0.779 	32.487207
0.780 	30.787771
0.781 	29.875786
0.782 	28.911673
0.783 	27.901691
0.784 	28.626296
0.785 	31.036951
0.786 	33.094036
0.787 	33.196007
0.788 	31.815774
0.789 	30.731331
0.790 	30.590203
0.791 	31.843633
0.792 	33.556371
0.793 	31.316233
0.794 	28.835424
0.795 	29.138646
0.796 	29.521510
0.797 	30.538284
0.798 	31.784493
0.799 	32.011721
0.800 	32.154865
0.801 	32.600288
0.802 	31.211035
0.803 	28.914221
0.804 	29.873595
0.805 	30.028179
0.806 	28.830076
0.807 	29.707362
0.808 	31.376062
0.809 	32.563820
0.810 	32.608626
0.811 	31.215512
0.812 	28.900144
0.813 	27.864669
0.814 	29.509560
0.815 	30.651188
0.816 	30.570953
0.817 	30.692473
0.818 	30.970066
0.819 	30.158472
0.820 	29.844815
0.821 	31.928668
0.822 	31.769344
0.823 	28.328840
0.824 	27.285736
0.825 	28.218685
0.826 	28.901726
0.827 	29.081569
0.828 	29.498357
0.829 	30.142456
0.830 	29.673641
0.831 	29.318413
0.832 	30.848633
0.833 	32.569381
0.834 	32.508101
0.835 	31.038668
0.836 	29.727574
0.837 	29.895123
0.838 	29.717758
0.839 	28.784078
0.840 	28.365608
0.841 	27.899975
0.842 	27.648136
0.843 	29.090060
0.844 	31.344890
0.845 	30.816186
0.846 	28.621010
0.847 	28.385478
0.848 	29.315781
0.849 	29.736098
0.850 	29.076831
0.851 	27.989555
0.852 	27.651663
0.853 	27.843262
0.854 	29.133977
0.855 	31.224066
0.856 	31.755257
0.857 	30.404258
0.858 	29.222880
0.859 	28.867247
0.860 	28.930182
0.861 	29.609788
0.862 	29.940106
0.863 	28.988720
0.864 	28.288130
0.865 	28.167097
0.866 	28.723798
0.867 	29.971542
0.868 	30.596949
0.869 	30.080485
0.870 	29.369854
0.871 	29.559896
0.872 	29.414488
0.873 	28.626598
0.874 	28.163485
0.875 	27.519702
0.876 	27.152562
0.877 	27.782956
0.878 	28.737527
0.879 	29.452308
0.880 	29.744676
0.881 	29.436357
0.882 	28.978340
0.883 	28.576555
0.884 	28.300508
0.885 	28.376132
0.886 	29.031984
0.887 	29.535397
0.888 	27.913464
0.889 	25.715966
0.890 	25.713517
0.891 	27.003567
0.892 	28.512316
0.893 	29.958533
0.894 	30.557470
0.895 	29.929719
0.896 	28.929305
0.897 	28.092285
0.898 	28.117796
0.899 	28.592058
0.900 	28.473380
0.901 	28.117631
0.902 	28.537976
0.903 	29.222238
0.904 	29.111288
0.905 	28.403194
0.906 	27.817768
0.907 	27.527816
0.908 	27.514586
0.909 	27.909309
0.910 	28.429611
0.911 	29.212741
0.912 	29.765027
0.913 	28.800062
0.914 	27.532143
0.915 	27.862120
0.916 	28.853764
0.917 	29.350689
0.918 	29.360201
0.919 	28.962468
0.920 	28.329410
0.921 	28.005479
0.922 	27.948036
0.923 	28.000098
0.924 	28.252529
0.925 	28.184476
0.926 	27.093513
0.927 	25.938452
0.928 	26.155791
0.929 	25.925564
0.930 	24.602294
0.931 	24.588355
0.932 	26.384413
0.933 	28.579030
0.934 	29.684816
0.935 	29.484618
0.936 	28.520003
0.937 	27.956401
0.938 	27.717183
0.939 	26.952502
0.940 	25.797662
0.941 	25.870846
0.942 	27.349580
0.943 	27.912942
0.944 	26.545637
0.945 	25.025731
0.946 	25.077676
0.947 	25.453987
0.948 	25.596204
0.949 	25.909315
0.950 	26.029705
0.951 	25.153651
0.952 	24.606963
0.953 	24.755880
0.954 	25.663255
0.955 	25.971409
0.956 	25.114003
0.957 	25.302247
0.958 	25.654712
0.959 	24.777983
0.960 	23.501070
0.961 	23.555152
0.962 	23.937345
0.963 	23.998607
0.964 	23.361434
0.965 	22.884513
0.966 	23.495115
0.967 	24.357155
0.968 	25.172201
0.969 	25.132572
0.970 	22.645247
0.971 	21.272324
0.972 	21.964582
0.973 	23.007556
0.974 	23.104069
0.975 	22.854298
0.976 	23.269037
0.977 	23.462973
0.978 	23.453423
0.979 	23.051116
0.980 	22.598067
0.981 	22.282001
0.982 	21.903518
0.983 	21.582084
0.984 	22.235768
0.985 	23.293530
0.986 	23.222075
0.987 	22.259857
0.988 	22.293746
0.989 	23.175147
0.990 	23.297371
0.991 	22.538221
0.992 	22.131772
0.993 	21.462649
0.994 	22.631363
0.995 	23.798639
0.996 	22.463728
0.997 	22.613132
0.998 	23.201650
0.999 	22.449176
1.000 	20.985139
1.001 	20.383277
1.002 	21.545307
1.003 	24.123425
1.004 	23.699091
1.005 	22.431574
1.006 	23.133834
1.007 	22.553222
1.008 	20.782996
1.009 	20.338752
1.010 	21.633315
1.011 	23.058647
1.012 	23.127410
1.013 	22.144995
1.014 	22.274146
1.015 	23.741195
1.016 	23.827338
1.017 	23.590827
1.018 	23.311698
1.019 	22.806292
1.020 	23.012495
1.021 	23.223836
1.022 	23.089867
1.023 	23.208928
1.024 	23.964111
1.025 	24.433914
1.026 	23.833000
1.027 	21.832685
1.028 	20.772452
1.029 	21.503902
1.030 	22.080362
1.031 	22.034096
1.032 	22.394463
1.033 	22.770932
1.034 	22.900340
1.035 	23.591504
1.036 	24.296308
1.037 	24.713660
1.038 	24.767538
1.039 	24.318526
1.040 	23.894654
1.041 	23.797086
1.042 	22.729063
1.043 	21.779639
1.044 	22.456523
1.045 	22.794578
1.046 	21.738984
1.047 	21.041423
1.048 	22.535454
1.049 	23.875490
1.050 	24.126231
1.051 	24.659823
1.052 	24.926420
1.053 	24.804454
1.054 	23.813486
1.055 	22.365789
1.056 	22.059482
1.057 	22.313586
1.058 	22.679876
1.059 	23.157191
1.060 	22.937706
1.061 	22.230174
1.062 	22.184328
1.063 	22.831478
1.064 	23.193596
1.065 	23.313923
1.066 	23.332818
1.067 	23.263969
1.068 	22.989433
1.069 	23.098021
1.070 	24.231323
1.071 	25.554610
1.072 	25.244301
1.073 	24.447474
1.074 	24.308168
1.075 	23.381330
1.076 	21.827021
1.077 	21.278951
1.078 	22.214335
1.079 	23.394535
1.080 	23.835526
1.081 	24.173942
1.082 	23.580014
1.083 	22.438351
1.084 	22.801909
1.085 	23.886206
1.086 	24.038878
1.087 	23.099034
1.088 	21.769759
1.089 	20.617419
1.090 	20.583906
1.091 	21.668484
1.092 	22.505182
1.093 	22.453969
1.094 	21.990728
1.095 	22.112369
1.096 	22.966023
1.097 	23.172518
1.098 	22.669792
1.099 	22.730183
1.100 	23.000094
1.101 	22.578423
1.102 	22.223451
1.103 	22.473152
1.104 	22.846922
1.105 	23.414022
1.106 	23.185782
1.107 	21.747673
1.108 	20.753086
1.109 	21.618693
1.110 	22.745750
1.111 	22.024739
1.112 	21.262417
1.113 	22.453041
1.114 	23.559518
1.115 	22.746910
1.116 	21.437981
1.117 	21.421295
1.118 	22.522670
1.119 	22.983493
1.120 	22.698531
1.121 	22.870035
1.122 	23.343089
1.123 	23.571740
1.124 	23.064575
1.125 	21.855777
1.126 	21.300312
1.127 	21.459900
1.128 	21.835152
1.129 	22.771203
1.130 	23.769252
1.131 	23.244287
1.132 	21.154525
1.133 	19.192594
1.134 	18.842137
1.135 	20.011255
1.136 	21.018304
1.137 	21.079711
1.138 	20.495411
1.139 	19.089780
1.140 	17.993632
1.141 	18.283976
1.142 	19.159420
1.143 	19.648824
1.144 	19.345898
1.145 	18.350216
1.146 	17.230373
1.147 	17.127421
1.148 	18.526901
1.149 	20.040561
1.150 	20.406770
1.151 	20.056596
1.152 	19.611028
1.153 	19.141179
1.154 	19.034777
1.155 	19.005169
1.156 	17.791797
1.157 	15.736526
1.158 	14.850419
1.159 	16.333134
1.160 	18.223914
1.161 	18.732671
1.162 	18.147979
1.163 	17.378034
1.164 	17.416509
1.165 	18.039329
1.166 	18.010767
1.167 	17.268331
1.168 	16.561573
1.169 	16.296183
1.170 	16.021306
1.171 	15.591228
1.172 	15.649883
1.173 	15.948617
1.174 	15.695928
1.175 	15.342391
1.176 	15.516790
1.177 	16.320645
1.178 	17.579625
1.179 	18.453335
1.180 	18.536766
1.181 	17.894537
1.182 	16.481240
1.183 	15.787831
1.184 	15.916222
1.185 	16.050564
1.186 	16.636764
1.187 	17.779539
1.188 	18.502555
1.189 	18.084318
1.190 	16.818627
1.191 	16.104667
1.192 	16.232725
1.193 	15.912906
1.194 	15.072319
1.195 	14.981259
1.196 	15.916238
1.197 	17.107160
1.198 	17.391763
1.199 	16.714607
1.200 	15.964452
1.201 	15.558239
1.202 	15.677407
1.203 	16.173467
1.204 	16.571210
1.205 	16.886423
1.206 	16.989804
1.207 	16.853416
1.208 	16.694268
1.209 	16.534650
1.210 	16.286324
1.211 	15.995384
1.212 	16.752229
1.213 	18.662049
1.214 	19.473621
1.215 	18.202451
1.216 	17.207655
1.217 	17.167029
1.218 	17.019405
1.219 	16.236753
1.220 	14.824852
1.221 	14.136147
1.222 	15.826714
1.223 	19.250647
1.224 	20.688639
1.225 	18.985996
1.226 	16.795887
1.227 	15.977790
1.228 	16.661506
1.229 	17.739959
1.230 	18.386087
1.231 	18.884285
1.232 	19.301120
1.233 	18.525118
1.234 	16.908488
1.235 	15.869230
1.236 	15.835764
1.237 	15.826610
1.238 	15.681613
1.239 	16.399689
1.240 	17.952203
1.241 	18.569159
1.242 	17.634373
1.243 	16.716370
1.244 	17.508499
1.245 	18.728633
1.246 	18.570970
1.247 	17.460727
1.248 	17.317322
1.249 	18.075866
1.250 	17.727785
1.251 	15.979364
1.252 	14.543803
1.253 	14.597714
1.254 	16.051669
1.255 	18.122651
1.256 	19.617102
1.257 	19.587113
1.258 	18.600849
1.259 	17.931883
1.260 	17.952289
1.261 	18.546431
1.262 	19.196805
1.263 	19.020326
1.264 	18.513203
1.265 	18.078222
1.266 	17.731072
1.267 	17.528841
1.268 	17.518138
1.269 	17.587775
1.270 	17.211655
1.271 	16.395346
1.272 	16.496114
1.273 	18.068494
1.274 	19.430593
1.275 	19.754499
1.276 	19.170978
1.277 	17.876516
1.278 	17.036691
1.279 	16.983052
1.280 	16.945681
1.281 	17.352263
1.282 	17.782317
1.283 	17.202339
1.284 	16.418727
1.285 	16.207517
1.286 	16.047091
1.287 	15.810348
1.288 	15.794681
1.289 	16.196151
1.290 	16.352169
1.291 	16.150910
1.292 	16.599484
1.293 	17.428277
1.294 	17.792948
1.295 	17.907336
1.296 	18.184100
1.297 	18.077753
1.298 	17.104905
1.299 	16.479021
1.300 	16.948003
1.301 	17.524918
1.302 	17.112564
1.303 	16.369581
1.304 	16.725462
1.305 	17.452576
1.306 	17.144136
1.307 	15.455058
1.308 	13.720791
1.309 	13.601856
1.310 	14.688688
1.311 	15.736745
1.312 	16.229360
1.313 	16.311163
1.314 	16.782843
1.315 	18.042381
1.316 	18.746403
1.317 	17.971923
1.318 	16.503822
1.319 	15.659199
1.320 	15.279043
1.321 	14.218807
1.322 	12.313225
1.323 	10.812376
1.324 	11.106977
1.325 	12.984054
1.326 	15.044790
1.327 	16.900769
1.328 	18.059102
1.329 	17.490291
1.330 	16.364002
1.331 	15.873748
1.332 	15.170189
1.333 	13.882281
1.334 	12.898284
1.335 	12.323283
1.336 	11.786633
1.337 	11.390908
1.338 	11.871847
1.339 	13.199807
1.340 	13.671245
1.341 	13.219826
1.342 	13.708079
1.343 	15.020882
1.344 	15.286045
1.345 	13.848417
1.346 	12.390386
1.347 	12.336770
1.348 	12.940526
1.349 	13.111840
1.350 	12.928820
1.351 	12.496805
1.352 	11.826899
1.353 	11.672452
1.354 	12.359764
1.355 	13.695030
1.356 	15.230729
1.357 	15.750498
1.358 	13.948010
1.359 	10.853373
1.360 	8.630353
1.361 	9.804304
1.362 	12.429805
1.363 	13.240589
1.364 	11.881667
1.365 	10.871090
1.366 	11.069600
1.367 	11.140875
1.368 	10.721805
1.369 	10.858647
1.370 	11.630601
1.371 	12.133115
1.372 	13.169945
1.373 	14.630782
1.374 	13.572469
1.375 	10.202453
1.376 	7.880874
1.377 	7.795326
1.378 	8.433556
1.379 	9.746485
1.380 	11.257557
1.381 	11.502866
1.382 	10.052815
1.383 	8.467347
1.384 	8.232059
1.385 	8.439905
1.386 	9.188572
1.387 	11.059782
1.388 	11.607406
1.389 	9.883076
1.390 	8.479203
1.391 	8.418119
1.392 	9.775639
1.393 	11.544300
1.394 	11.167319
1.395 	8.274123
1.396 	5.778635
1.397 	5.856740
1.398 	5.953575
1.399 	4.878790
1.400 	4.387126
1.401 	5.113248
1.402 	6.080612
1.403 	6.153164
1.404 	5.371261
1.405 	5.662483
1.406 	6.662953
1.407 	5.933460
1.408 	4.629526
1.409 	5.262733
1.410 	6.959230
1.411 	7.724976
1.412 	7.330470
1.413 	6.524353
1.414 	6.217707
1.415 	7.170508
1.416 	8.632831
1.417 	8.367311
1.418 	6.352708
1.419 	5.028921
1.420 	4.660710
1.421 	3.666507
1.422 	3.340078
1.423 	4.935776
1.424 	6.485517
1.425 	6.443866
1.426 	6.177265
1.427 	7.238379
1.428 	8.599417
1.429 	9.056999
1.430 	8.567937
1.431 	7.474861
1.432 	7.581706
1.433 	9.438986
1.434 	10.866191
1.435 	10.078944
1.436 	7.877567
1.437 	6.022259
1.438 	4.446452
1.439 	3.567023
1.440 	4.264140
1.441 	4.884759
1.442 	4.784797
1.443 	4.763887
1.444 	5.932196
1.445 	8.027890
1.446 	8.454073
1.447 	6.009417
1.448 	3.148206
1.449 	2.713097
1.450 	4.431596
1.451 	7.488553
1.452 	10.198823
1.453 	10.346062
1.454 	8.414856
1.455 	6.463346
1.456 	6.026995
1.457 	6.280832
1.458 	6.659831
1.459 	7.880776
1.460 	9.251295
1.461 	9.983988
1.462 	9.244990
1.463 	7.111527
1.464 	5.430101
1.465 	5.532079
1.466 	7.026509
1.467 	7.295242
1.468 	6.093920
1.469 	6.735741
1.470 	8.630705
1.471 	8.141168
1.472 	5.864857
1.473 	5.729010
1.474 	8.001713
1.475 	7.678751
1.476 	4.218435
1.477 	2.421751
1.478 	4.813143
1.479 	8.102202
1.480 	9.014909
1.481 	8.668696
1.482 	8.424789
1.483 	7.831111
1.484 	6.190616
1.485 	4.499858
1.486 	4.205611
1.487 	4.795042
1.488 	5.384004
1.489 	6.525894
1.490 	8.151958
1.491 	9.131412
1.492 	9.871448
1.493 	10.175613
1.494 	10.033261
1.495 	10.299593
1.496 	8.869473
1.497 	4.920238
1.498 	2.928763
1.499 	5.419016
1.500 	8.635732
1.501 	9.196054
1.502 	7.519623
1.503 	6.411383
1.504 	7.027324
1.505 	7.932075
1.506 	8.071029
1.507 	7.837915
1.508 	7.862875
1.509 	7.887394
1.510 	7.182840
1.511 	7.020619
1.512 	8.300196
1.513 	8.926334
1.514 	8.729704
1.515 	7.961309
1.516 	7.028966
1.517 	7.376163
1.518 	8.729185
1.519 	9.065735
1.520 	9.044261
1.521 	8.590094
1.522 	7.797479
1.523 	7.770178
1.524 	8.832086
1.525 	9.619467
1.526 	8.354471
1.527 	4.723112
1.528 	1.360247
1.529 	2.745945
1.530 	7.689361
1.531 	11.246658
1.532 	11.931045
1.533 	10.274771
1.534 	8.121338
1.535 	7.299544
1.536 	7.394391
1.537 	6.092525
1.538 	4.642718
1.539 	4.962709
1.540 	7.636824
1.541 	10.179247
1.542 	11.081436
1.543 	10.239803
1.544 	8.052320
1.545 	5.575987
1.546 	5.105206
1.547 	7.245596
1.548 	9.101807
1.549 	8.166915
1.550 	6.211478
1.551 	7.501143
1.552 	9.499566
1.553 	9.073823
1.554 	7.464024
1.555 	6.797502
1.556 	7.590859
1.557 	8.454933
1.558 	9.707388
1.559 	9.663227
1.560 	7.648780
1.561 	6.957132
1.562 	9.396927
1.563 	11.107850
1.564 	10.492087
1.565 	8.533127
1.566 	6.527788
1.567 	5.897165
1.568 	7.964444
1.569 	10.905995
1.570 	10.876764
1.571 	9.086468
1.572 	9.630411
1.573 	10.284122
1.574 	8.552218
1.575 	8.057867
1.576 	8.345410
1.577 	7.238636
1.578 	8.281693
1.579 	12.124359
1.580 	14.158411
1.581 	9.024968
1.582 	2.345443
1.583 	4.890348
1.584 	10.088153
1.585 	9.758837
1.586 	7.878151
1.587 	8.196021
1.588 	10.055248
1.589 	10.981948
1.590 	10.224617
1.591 	8.633844
1.592 	7.653285
1.593 	8.223251
1.594 	8.746457
1.595 	8.954066
1.596 	8.646042
1.597 	8.823836
1.598 	10.281465
1.599 	9.263352
1.600 	8.003565
1.601 	8.682618
1.602 	7.979936
1.603 	5.193062
1.604 	4.335465
1.605 	5.876202
1.606 	9.188460
1.607 	12.244341
1.608 	12.060289
1.609 	12.584355
1.610 	11.985112
1.611 	8.728572
1.612 	7.387556
1.613 	11.354873
1.614 	17.303913
1.615 	15.517701
1.616 	6.220481
1.617 	1.983598
1.618 	5.459669
1.619 	10.057943
1.620 	13.386218
1.621 	14.108216
1.622 	12.271727
1.623 	10.045089
1.624 	8.831768
1.625 	8.880213
1.626 	9.393943
1.627 	11.222002
1.628 	10.475204
1.629 	7.813493
1.630 	11.259002
1.631 	13.861684
1.632 	9.883089
1.633 	8.014157
1.634 	16.494183
1.635 	19.154000
1.636 	9.827338
1.637 	6.183619
1.638 	13.443710
1.639 	13.822139
1.640 	7.904749
1.641 	5.570479
1.642 	6.242906
1.643 	7.621235
1.644 	6.390899
1.645 	9.931847
1.646 	13.038059
1.647 	8.980630
1.648 	6.932901
1.649 	9.124809
1.650 	11.592172
1.651 	10.505458
1.652 	9.748065
1.653 	8.141220
1.654 	7.313661
1.655 	6.995745
1.656 	9.575769
1.657 	12.055199
1.658 	14.138307
1.659 	13.239889
1.660 	10.158753
1.661 	10.978567
1.662 	13.432369
1.663 	11.893032
1.664 	11.187792
1.665 	13.764911
1.666 	11.176702
1.667 	4.816594
1.668 	-0.802059
1.669 	-0.449841
1.670 	10.798263
1.671 	12.084405
1.672 	12.228138
1.673 	19.067583
1.674 	19.704359
1.675 	12.812061
1.676 	7.306834
1.677 	9.313791
1.678 	11.183358
1.679 	6.502306
1.680 	8.010010
1.681 	6.654750
1.682 	10.382213
1.683 	15.438281
1.684 	11.292512
1.685 	3.999883
1.686 	-1.689309
1.687 	17.491387
1.688 	20.039330
1.689 	20.830238
1.690 	5.884684
1.691 	-4.468202
1.692 	11.189293
1.693 	40.347728
1.694 	17.911640
1.695 	-5.554628
1.696 	-1.218376
1.697 	11.669932
1.698 	20.089863
1.699 	24.248762
1.700 	27.265128
