0.660 	30.315614
0.661 	32.045763
0.662 	33.580373
0.663 	30.929453
0.664 	33.512279
0.665 	30.185099
0.666 	28.657352
0.667 	32.166243
0.668 	34.592997
0.669 	31.103893
0.670 	32.939592
0.671 	31.134645
0.672 	28.975315
0.673 	32.105805
0.674 	33.178677
0.675 	32.497743
0.676 	29.808906
0.677 	30.723461
0.678 	31.991987
0.679 	28.728390
0.680 	32.521839
0.681 	30.184120
0.682 	28.325050
0.683 	31.262733
0.684 	32.713433
0.685 	33.275385
0.686 	32.546146
0.687 	30.439407
0.688 	30.960603
0.689 	30.909750
0.690 	29.957529
0.691 	32.278730
0.692 	31.033041
0.693 	28.891018
0.694 	30.937541
0.695 	31.435449
0.696 	29.639872
0.697 	30.533696
0.698 	30.296572
0.699 	33.035656
0.700 	31.532509
0.701 	30.413045
0.702 	31.879587
0.703 	30.630777
0.704 	30.576353
0.705 	30.764332
0.706 	30.258425
0.707 	31.145455
0.708 	29.681255
0.709 	29.890287
0.710 	29.960136
0.711 	30.549002
0.712 	31.726831
0.713 	30.856633
0.714 	29.935805
0.715 	29.931423
0.716 	31.243005
0.717 	32.290010
0.718 	30.307093
0.719 	28.700502
0.720 	29.140581
0.721 	31.896528
0.722 	32.899960
0.723 	31.357448
0.724 	30.763810
0.725 	29.725382
0.726 	30.723222
0.727 	32.435920
0.728 	30.993830
0.729 	30.530491
0.730 	29.549061
0.731 	29.593097
0.732 	29.850319
0.733 	29.913620
0.734 	29.829477
0.735 	30.124111
0.736 	30.607879
0.737 	29.102912
0.738 	28.380456
0.739 	29.595998
0.740 	30.555187
0.741 	29.810411
0.742 	29.558532
0.743 	30.795959
0.744 	30.573542
0.745 	30.273228
0.746 	30.196496
0.747 	30.239883
0.748 	29.859383
0.749 	29.105344
0.750 	29.081260
0.751 	29.181224
0.752 	29.149688
0.753 	29.057772
0.754 	29.233037
0.755 	29.343433
0.756 	29.386633
0.757 	29.513412
0.758 	29.935879
0.759 	30.260612
0.760 	29.670326
0.761 	29.422895
0.762 	31.146123
0.763 	31.095880
0.764 	29.613196
0.765 	29.997705
0.766 	30.394794
0.767 	29.797057
0.768 	29.066508
0.769 	28.644174
0.770 	28.970824
0.771 	29.131650
0.772 	29.934811
0.773 	29.516163
0.774 	28.520892
0.775 	28.158506
0.776 	28.292832
0.777 	29.671791
0.778 	29.828749
0.779 	28.486649
0.780 	28.068010
0.781 	27.872123
0.782 	28.411882
0.783 	29.155328
0.784 	29.385809
0.785 	28.991578
0.786 	28.785424
0.787 	29.296784
0.788 	29.376947
0.789 	28.333629
0.790 	27.926431
0.791 	29.038188
0.792 	30.453367
0.793 	30.678871
0.794 	30.094354
0.795 	29.395728
0.796 	28.810874
0.797 	28.417705
0.798 	28.342616
0.799 	28.018203
0.800 	27.764688
0.801 	27.545406
0.802 	28.087125
0.803 	29.518608
0.804 	29.950490
0.805 	29.503767
0.806 	29.236984
0.807 	28.632967
0.808 	28.077686
0.809 	27.812288
0.810 	28.299922
0.811 	28.927968
0.812 	28.797753
0.813 	28.605116
0.814 	28.331329
0.815 	28.066073
0.816 	27.972197
0.817 	27.969694
0.818 	28.148403
0.819 	27.955079
0.820 	27.947464
0.821 	28.048126
0.822 	27.742630
0.823 	28.128658
0.824 	28.911019
0.825 	29.121051
0.826 	28.620526
0.827 	28.205623
0.828 	28.243032
0.829 	27.652490
0.830 	26.786904
0.831 	27.096431
0.832 	27.906208
0.833 	28.121959
0.834 	28.341459
0.835 	28.698246
0.836 	28.313814
0.837 	27.712361
0.838 	27.797340
0.839 	27.996567
0.840 	27.816789
0.841 	27.930189
0.842 	28.343574
0.843 	28.742442
0.844 	28.978128
0.845 	28.073681
0.846 	26.993829
0.847 	26.785901
0.848 	27.071337
0.849 	27.362850
0.850 	27.716315
0.851 	28.251637
0.852 	28.362767
0.853 	28.094036
0.854 	28.248480
0.855 	28.573221
0.856 	28.303955
0.857 	27.230644
0.858 	26.334909
0.859 	26.347087
0.860 	26.808652
0.861 	27.487936
0.862 	27.704928
0.863 	27.653925
0.864 	28.100600
0.865 	28.406884
0.866 	27.716331
0.867 	26.901236
0.868 	26.760170
0.869 	27.212437
0.870 	27.676957
0.871 	27.825532
0.872 	27.681116
0.873 	27.384673
0.874 	27.049870
0.875 	26.595229
0.876 	26.065473
0.877 	26.129117
0.878 	27.261402
0.879 	28.181643
0.880 	27.781727
0.881 	27.115391
0.882 	26.921148
0.883 	26.692435
0.884 	26.158624
0.885 	26.083471
0.886 	26.466541
0.887 	26.694208
0.888 	26.968009
0.889 	27.318474
0.890 	27.411729
0.891 	27.238989
0.892 	27.171507
0.893 	27.397215
0.894 	27.736801
0.895 	27.800588
0.896 	27.477151
0.897 	27.119639
0.898 	26.402582
0.899 	25.495478
0.900 	25.457597
0.901 	26.331960
0.902 	27.177134
0.903 	27.624399
0.904 	27.412788
0.905 	26.443493
0.906 	25.488076
0.907 	25.443296
0.908 	25.994542
0.909 	26.344956
0.910 	26.455713
0.911 	26.666717
0.912 	26.747212
0.913 	26.505343
0.914 	26.223988
0.915 	26.236526
0.916 	26.620394
0.917 	26.954185
0.918 	27.001797
0.919 	26.902626
0.920 	26.674781
0.921 	26.290756
0.922 	25.844275
0.923 	25.501596
0.924 	25.450458
0.925 	25.749673
0.926 	26.369072
0.927 	26.791580
0.928 	26.513865
0.929 	25.894451
0.930 	25.691168
0.931 	25.758495
0.932 	25.944578
0.933 	26.009091
0.934 	25.683525
0.935 	25.171975
0.936 	24.807678
0.937 	24.682068
0.938 	24.454730
0.939 	24.323200
0.940 	24.781957
0.941 	25.208219
0.942 	25.244483
0.943 	25.030100
0.944 	24.991747
0.945 	24.845777
0.946 	24.678041
0.947 	24.688697
0.948 	24.357699
0.949 	23.788621
0.950 	23.845313
0.951 	24.024502
0.952 	24.412525
0.953 	24.762633
0.954 	24.445755
0.955 	24.321261
0.956 	24.165665
0.957 	24.083291
0.958 	24.310711
0.959 	24.449314
0.960 	23.903501
0.961 	23.370157
0.962 	23.283156
0.963 	23.618131
0.964 	23.684508
0.965 	23.468540
0.966 	23.717039
0.967 	23.640733
0.968 	23.448575
0.969 	23.594186
0.970 	23.231608
0.971 	22.899875
0.972 	22.978446
0.973 	22.659989
0.974 	22.737761
0.975 	23.403671
0.976 	22.954969
0.977 	22.027437
0.978 	21.833354
0.979 	22.466968
0.980 	23.121157
0.981 	23.285760
0.982 	23.419825
0.983 	23.102027
0.984 	23.097659
0.985 	23.390719
0.986 	23.122491
0.987 	22.708336
0.988 	22.163123
0.989 	21.804038
0.990 	22.398364
0.991 	23.151399
0.992 	23.034350
0.993 	22.444012
0.994 	22.143674
0.995 	22.185948
0.996 	22.619317
0.997 	22.505781
0.998 	22.708781
0.999 	23.192059
1.000 	23.051880
1.001 	22.649932
1.002 	22.705595
1.003 	22.912187
1.004 	22.104610
1.005 	21.749125
1.006 	22.099379
1.007 	22.370014
1.008 	22.947084
1.009 	22.529899
1.010 	21.766090
1.011 	21.866238
1.012 	22.443203
1.013 	22.479489
1.014 	21.893989
1.015 	21.594844
1.016 	21.938996
1.017 	22.823981
1.018 	23.237675
1.019 	23.191317
1.020 	23.481499
1.021 	23.356342
1.022 	22.754380
1.023 	22.282101
1.024 	22.323989
1.025 	22.381528
1.026 	22.544914
1.027 	22.836848
1.028 	22.631812
1.029 	22.159242
1.030 	21.904279
1.031 	21.930342
1.032 	22.269560
1.033 	23.057440
1.034 	23.696689
1.035 	23.133535
1.036 	22.395332
1.037 	22.219692
1.038 	22.268610
1.039 	22.546975
1.040 	22.669478
1.041 	22.425177
1.042 	22.672492
1.043 	22.890913
1.044 	22.835431
1.045 	22.472765
1.046 	21.919047
1.047 	22.106306
1.048 	22.876933
1.049 	22.946366
1.050 	22.103451
1.051 	21.716041
1.052 	22.147419
1.053 	22.260478
1.054 	22.611527
1.055 	22.818547
1.056 	22.655389
1.057 	23.287034
1.058 	23.836429
1.059 	23.531142
1.060 	23.134760
1.061 	22.693023
1.062 	22.543857
1.063 	22.446321
1.064 	22.135317
1.065 	22.208813
1.066 	22.820960
1.067 	23.028530
1.068 	22.222928
1.069 	21.450678
1.070 	21.663433
1.071 	22.610161
1.072 	23.182091
1.073 	23.002415
1.074 	22.667042
1.075 	22.551064
1.076 	22.377553
1.077 	22.327636
1.078 	22.866265
1.079 	23.097203
1.080 	22.767368
1.081 	22.566049
1.082 	22.720324
1.083 	22.659380
1.084 	22.255055
1.085 	21.919364
1.086 	22.060468
1.087 	21.952948
1.088 	21.271805
1.089 	21.349791
1.090 	22.098735
1.091 	22.372596
1.092 	22.341620
1.093 	22.491633
1.094 	22.472664
1.095 	22.150718
1.096 	22.163604
1.097 	22.581109
1.098 	22.858271
1.099 	22.739224
1.100 	22.364049
1.101 	22.063149
1.102 	22.296335
1.103 	22.661315
1.104 	22.468851
1.105 	21.902078
1.106 	21.299033
1.107 	21.068123
1.108 	21.191981
1.109 	21.837373
1.110 	22.726207
1.111 	22.823681
1.112 	22.444077
1.113 	22.174218
1.114 	21.962691
1.115 	21.876557
1.116 	21.818451
1.117 	21.692124
1.118 	21.478302
1.119 	21.472779
1.120 	21.584907
1.121 	21.426622
1.122 	21.123931
1.123 	21.064129
1.124 	21.222136
1.125 	21.511938
1.126 	21.629084
1.127 	20.971029
1.128 	20.391303
1.129 	20.676622
1.130 	20.955602
1.131 	20.729967
1.132 	20.345283
1.133 	20.062708
1.134 	19.477758
1.135 	18.537495
1.136 	18.184438
1.137 	18.902491
1.138 	19.972296
1.139 	20.151642
1.140 	19.450707
1.141 	18.749759
1.142 	18.454784
1.143 	18.774648
1.144 	19.080339
1.145 	18.593514
1.146 	18.205112
1.147 	18.767590
1.148 	19.585039
1.149 	19.829617
1.150 	19.863099
1.151 	19.670046
1.152 	19.291548
1.153 	19.085634
1.154 	18.957082
1.155 	18.889859
1.156 	18.578384
1.157 	17.799344
1.158 	16.982726
1.159 	16.641266
1.160 	17.267755
1.161 	18.321105
1.162 	19.063446
1.163 	19.683530
1.164 	20.176973
1.165 	20.161169
1.166 	19.494129
1.167 	18.484585
1.168 	17.632890
1.169 	17.403766
1.170 	17.645063
1.171 	18.039084
1.172 	18.594018
1.173 	18.808428
1.174 	18.552171
1.175 	18.332902
1.176 	18.384679
1.177 	18.436285
1.178 	18.502082
1.179 	18.472384
1.180 	18.036201
1.181 	17.620373
1.182 	17.947018
1.183 	18.619041
1.184 	18.543131
1.185 	17.905072
1.186 	17.738060
1.187 	18.089319
1.188 	18.067237
1.189 	17.578039
1.190 	17.585736
1.191 	18.350103
1.192 	19.190637
1.193 	19.559054
1.194 	19.210969
1.195 	18.662638
1.196 	18.371963
1.197 	18.160540
1.198 	18.004037
1.199 	17.950897
1.200 	18.032126
1.201 	18.047462
1.202 	17.968563
1.203 	18.160332
1.204 	18.463911
1.205 	18.915258
1.206 	19.291576
1.207 	18.843818
1.208 	18.044743
1.209 	18.082459
1.210 	18.537539
1.211 	18.421395
1.212 	17.925674
1.213 	17.510747
1.214 	17.331226
1.215 	17.849527
1.216 	19.037876
1.217 	19.922392
1.218 	19.869268
1.219 	19.133140
1.220 	18.605103
1.221 	18.556619
1.222 	18.773357
1.223 	18.800640
1.224 	18.373789
1.225 	18.028945
1.226 	18.276200
1.227 	18.888633
1.228 	19.383953
1.229 	19.331477
1.230 	18.669806
1.231 	17.782352
1.232 	17.420735
1.233 	18.019069
1.234 	19.081908
1.235 	19.873302
1.236 	20.134431
1.237 	20.115107
1.238 	19.810253
1.239 	19.338072
1.240 	18.835332
1.241 	18.656894
1.242 	18.851542
1.243 	18.695659
1.244 	17.973617
1.245 	17.445719
1.246 	17.756731
1.247 	18.445195
1.248 	18.854275
1.249 	18.920464
1.250 	18.875249
1.251 	18.995453
1.252 	19.310125
1.253 	19.551327
1.254 	19.368469
1.255 	19.129137
1.256 	19.215828
1.257 	19.458272
1.258 	19.355233
1.259 	18.536457
1.260 	17.842954
1.261 	17.964136
1.262 	18.442849
1.263 	18.810024
1.264 	18.926023
1.265 	18.596397
1.266 	18.079834
1.267 	17.809016
1.268 	17.808873
1.269 	18.301573
1.270 	19.323592
1.271 	20.184570
1.272 	19.950559
1.273 	18.869253
1.274 	18.187665
1.275 	18.355861
1.276 	18.669102
1.277 	18.518403
1.278 	17.927011
1.279 	17.294324
1.280 	17.315972
1.281 	17.965291
1.282 	18.737570
1.283 	19.429827
1.284 	19.624773
1.285 	19.583240
1.286 	19.414733
1.287 	18.647342
1.288 	17.489315
1.289 	16.770013
1.290 	16.743475
1.291 	17.355483
1.292 	18.147505
1.293 	18.413146
1.294 	18.188388
1.295 	18.134135
1.296 	18.147783
1.297 	17.528802
1.298 	16.557080
1.299 	16.216499
1.300 	16.554160
1.301 	17.777661
1.302 	18.978173
1.303 	18.887493
1.304 	18.348904
1.305 	18.077104
1.306 	17.399016
1.307 	16.290829
1.308 	15.417793
1.309 	15.482697
1.310 	16.607261
1.311 	17.703524
1.312 	17.727945
1.313 	16.740843
1.314 	16.059123
1.315 	16.486992
1.316 	17.255012
1.317 	17.229009
1.318 	16.763643
1.319 	16.960613
1.320 	17.696835
1.321 	17.836589
1.322 	17.348172
1.323 	17.011139
1.324 	16.749062
1.325 	16.224152
1.326 	15.451428
1.327 	14.712387
1.328 	14.670102
1.329 	15.331989
1.330 	16.153766
1.331 	16.551797
1.332 	16.490828
1.333 	16.279930
1.334 	15.863972
1.335 	15.458754
1.336 	15.580609
1.337 	15.904126
1.338 	15.576194
1.339 	14.884712
1.340 	14.836028
1.341 	15.154385
1.342 	15.172438
1.343 	14.854901
1.344 	14.282566
1.345 	13.779406
1.346 	13.762087
1.347 	14.505078
1.348 	15.342224
1.349 	15.506269
1.350 	15.151542
1.351 	14.918579
1.352 	15.202582
1.353 	15.469430
1.354 	15.274129
1.355 	14.706140
1.356 	14.255543
1.357 	14.353596
1.358 	14.406575
1.359 	14.289450
1.360 	14.606700
1.361 	15.095121
1.362 	14.678133
1.363 	13.699951
1.364 	13.343270
1.365 	13.439016
1.366 	13.518699
1.367 	13.621284
1.368 	13.968592
1.369 	14.408707
1.370 	14.203579
1.371 	13.094407
1.372 	11.904823
1.373 	11.686952
1.374 	12.308060
1.375 	12.542163
1.376 	11.906847
1.377 	10.967004
1.378 	10.244119
1.379 	10.254163
1.380 	11.045049
1.381 	11.933701
1.382 	12.258465
1.383 	11.984594
1.384 	11.102669
1.385 	10.196225
1.386 	9.823893
1.387 	9.821298
1.388 	10.363544
1.389 	11.040775
1.390 	10.654764
1.391 	9.309356
1.392 	8.824386
1.393 	10.165458
1.394 	11.350002
1.395 	11.497963
1.396 	11.702170
1.397 	11.361910
1.398 	10.354028
1.399 	10.029922
1.400 	10.196454
1.401 	9.806312
1.402 	9.384291
1.403 	9.612853
1.404 	10.360678
1.405 	10.886716
1.406 	10.092817
1.407 	8.795458
1.408 	8.705074
1.409 	9.379254
1.410 	9.713423
1.411 	9.410392
1.412 	9.280604
1.413 	9.856715
1.414 	10.036062
1.415 	9.691891
1.416 	9.666498
1.417 	9.643462
1.418 	9.411345
1.419 	9.708157
1.420 	10.365152
1.421 	10.811374
1.422 	10.636244
1.423 	9.788645
1.424 	9.670287
1.425 	10.219708
1.426 	9.712487
1.427 	8.644339
1.428 	8.825070
1.429 	9.166701
1.430 	8.831866
1.431 	9.268300
1.432 	10.454423
1.433 	11.094728
1.434 	10.892249
1.435 	10.490121
1.436 	10.268423
1.437 	10.061888
1.438 	9.931750
1.439 	10.068839
1.440 	10.236327
1.441 	10.524497
1.442 	10.582285
1.443 	9.660491
1.444 	8.753632
1.445 	9.038544
1.446 	9.826903
1.447 	10.313507
1.448 	10.031722
1.449 	9.278986
1.450 	8.949997
1.451 	9.218712
1.452 	9.541366
1.453 	10.429073
1.454 	11.970435
1.455 	12.261715
1.456 	10.997013
1.457 	9.566590
1.458 	8.770140
1.459 	8.987613
1.460 	9.600787
1.461 	9.570105
1.462 	9.251622
1.463 	9.332916
1.464 	9.766352
1.465 	10.051304
1.466 	9.773773
1.467 	9.199180
1.468 	9.609271
1.469 	10.897983
1.470 	10.840226
1.471 	9.553837
1.472 	9.839967
1.473 	11.111107
1.474 	11.012973
1.475 	9.586703
1.476 	8.243102
1.477 	8.334913
1.478 	9.019986
1.479 	8.912907
1.480 	8.730808
1.481 	10.134296
1.482 	12.119113
1.483 	12.069111
1.484 	9.704960
1.485 	8.319924
1.486 	10.156006
1.487 	11.639420
1.488 	10.430342
1.489 	9.218216
1.490 	9.807474
1.491 	10.733275
1.492 	9.816592
1.493 	8.983118
1.494 	10.156957
1.495 	11.633683
1.496 	12.145073
1.497 	11.901493
1.498 	12.495024
1.499 	12.831550
1.500 	10.884523
1.501 	9.085846
1.502 	9.034598
1.503 	9.917863
1.504 	11.094450
1.505 	11.251618
1.506 	10.283742
1.507 	9.311172
1.508 	9.586228
1.509 	11.361085
1.510 	12.359110
1.511 	11.378612
1.512 	10.509684
1.513 	10.350272
1.514 	9.684114
1.515 	9.936428
1.516 	11.297285
1.517 	12.244101
1.518 	12.560995
1.519 	12.247627
1.520 	12.317725
1.521 	12.752715
1.522 	12.264498
1.523 	10.891867
1.524 	10.035408
1.525 	10.469005
1.526 	11.157140
1.527 	11.189847
1.528 	10.749039
1.529 	10.964663
1.530 	11.548132
1.531 	12.332671
1.532 	12.365338
1.533 	11.255428
1.534 	10.186122
1.535 	9.350431
1.536 	9.509046
1.537 	9.653464
1.538 	9.707118
1.539 	10.712210
1.540 	11.534486
1.541 	12.476493
1.542 	13.089991
1.543 	11.853601
1.544 	11.909972
1.545 	13.941207
1.546 	13.437208
1.547 	11.963806
1.548 	11.925712
1.549 	12.151568
1.550 	11.054059
1.551 	9.665774
1.552 	9.509754
1.553 	9.986609
1.554 	10.383240
1.555 	11.761402
1.556 	12.506540
1.557 	12.887005
1.558 	13.333119
1.559 	13.449833
1.560 	13.636854
1.561 	13.612832
1.562 	13.289749
1.563 	11.944679
1.564 	10.502211
1.565 	10.970784
1.566 	12.360849
1.567 	13.260907
1.568 	12.487975
1.569 	11.656714
1.570 	11.077095
1.571 	11.093051
1.572 	12.502240
1.573 	13.128042
1.574 	13.009779
1.575 	11.725965
1.576 	9.702260
1.577 	9.741498
1.578 	11.752217
1.579 	12.214893
1.580 	11.945505
1.581 	11.545059
1.582 	11.832558
1.583 	13.043333
1.584 	13.843174
1.585 	14.370002
1.586 	13.411057
1.587 	10.803425
1.588 	10.321676
1.589 	10.084384
1.590 	10.369574
1.591 	12.448870
1.592 	13.627843
1.593 	13.686475
1.594 	12.695199
1.595 	12.199394
1.596 	13.626332
1.597 	12.956483
1.598 	12.230041
1.599 	11.731460
1.600 	12.624028
1.601 	14.146227
1.602 	14.394451
1.603 	14.619880
1.604 	14.440188
1.605 	12.484976
1.606 	11.973465
1.607 	12.575171
1.608 	11.558516
1.609 	12.553412
1.610 	14.939782
1.611 	14.956594
1.612 	13.090847
1.613 	11.244607
1.614 	13.774745
1.615 	14.468116
1.616 	12.275219
1.617 	11.314101
1.618 	12.140974
1.619 	12.316125
1.620 	12.289153
1.621 	12.597605
1.622 	13.646956
1.623 	15.931060
1.624 	12.688590
1.625 	9.759099
1.626 	13.536001
1.627 	16.518530
1.628 	13.733665
1.629 	10.791233
1.630 	10.145965
1.631 	9.690348
1.632 	9.336053
1.633 	14.722107
1.634 	19.013251
1.635 	16.558304
1.636 	11.424222
1.637 	11.851354
1.638 	13.989051
1.639 	13.306747
1.640 	12.716241
1.641 	11.864144
1.642 	11.087733
1.643 	12.064036
1.644 	15.002033
1.645 	13.607675
1.646 	13.258831
1.647 	11.513813
1.648 	11.288010
1.649 	13.507009
1.650 	14.246954
1.651 	14.436204
1.652 	13.590204
1.653 	11.266001
1.654 	12.164876
1.655 	14.092882
1.656 	11.733263
1.657 	10.052235
1.658 	16.081716
1.659 	15.503507
1.660 	13.299090
1.661 	16.048007
1.662 	14.136072
1.663 	11.242449
1.664 	11.328400
1.665 	13.958898
1.666 	16.106829
1.667 	10.137721
1.668 	5.969806
1.669 	16.689577
1.670 	15.003124
1.671 	9.158934
1.672 	7.532902
1.673 	4.916831
1.674 	18.765790
1.675 	23.624555
1.676 	15.501528
1.677 	4.320116
1.678 	8.269023
1.679 	11.724005
1.680 	9.701828
1.681 	10.661241
1.682 	12.850927
1.683 	11.904998
1.684 	20.830240
1.685 	19.964162
1.686 	11.199923
1.687 	2.228037
1.688 	-2.114571
1.689 	15.941953
1.690 	28.818449
1.691 	17.320829
1.692 	6.526751
1.693 	9.774649
1.694 	20.651371
1.695 	24.932896
1.696 	15.343839
1.697 	-6.973785
1.698 	4.242446
1.699 	3.249587
1.700 	9.387861
