0.660 	25.770577
0.661 	26.234692
0.662 	26.167494
0.663 	24.676617
0.664 	29.029210
0.665 	28.971244
0.666 	27.111659
0.667 	25.115192
0.668 	31.466980
0.669 	25.696967
0.670 	26.593854
0.671 	24.725620
0.672 	25.099136
0.673 	26.712898
0.674 	28.296443
0.675 	26.665341
0.676 	25.773627
0.677 	26.554571
0.678 	28.407770
0.679 	28.965002
0.680 	26.193797
0.681 	25.366608
0.682 	24.977984
0.683 	27.063854
0.684 	27.594107
0.685 	27.518622
0.686 	27.408858
0.687 	27.333913
0.688 	25.989592
0.689 	26.676661
0.690 	25.720377
0.691 	27.684948
0.692 	28.130279
0.693 	23.912317
0.694 	26.580966
0.695 	26.597257
0.696 	25.864881
0.697 	26.660362
0.698 	25.614231
0.699 	25.858428
0.700 	29.062164
0.701 	27.509646
0.702 	24.992818
0.703 	25.888053
0.704 	25.849328
0.705 	25.326931
0.706 	25.274801
0.707 	26.034724
0.708 	25.509880
0.709 	27.295004
0.710 	28.009605
0.711 	24.690124
0.712 	26.453214
0.713 	27.927750
0.714 	25.468854
0.715 	25.645172
0.716 	25.977059
0.717 	25.875841
0.718 	26.715364
0.719 	24.957768
0.720 	24.765366
0.721 	27.544425
0.722 	27.691077
0.723 	26.533264
0.724 	25.810486
0.725 	25.680710
0.726 	26.585974
0.727 	25.013925
0.728 	23.867554
0.729 	25.302128
0.730 	25.327233
0.731 	25.771676
0.732 	24.850352
0.733 	23.933028
0.734 	24.829148
0.735 	24.584492
0.736 	23.742980
0.737 	25.370823
0.738 	25.681252
0.739 	25.338418
0.740 	25.070061
0.741 	25.039359
0.742 	26.013920
0.743 	25.926621
0.744 	24.687764
0.745 	25.274894
0.746 	25.950506
0.747 	25.028282
0.748 	25.771368
0.749 	25.749367
0.750 	23.757260
0.751 	24.316993
0.752 	25.552873
0.753 	24.418398
0.754 	23.410737
0.755 	23.654499
0.756 	24.411877
0.757 	24.719203
0.758 	24.775220
0.759 	25.408393
0.760 	26.077510
0.761 	25.398184
0.762 	24.941815
0.763 	25.501128
0.764 	25.838274
0.765 	25.064785
0.766 	24.494699
0.767 	24.421619
0.768 	24.030822
0.769 	23.970276
0.770 	24.593342
0.771 	25.047899
0.772 	25.665881
0.773 	24.973374
0.774 	24.371015
0.775 	24.445617
0.776 	23.432559
0.777 	24.464901
0.778 	25.610495
0.779 	24.533323
0.780 	23.460077
0.781 	23.273886
0.782 	23.875066
0.783 	24.292987
0.784 	24.831462
0.785 	24.551698
0.786 	23.964040
0.787 	24.428319
0.788 	24.882631
0.789 	23.916879
0.790 	23.034628
0.791 	23.329917
0.792 	24.040535
0.793 	24.533710
0.794 	24.718928
0.795 	25.213109
0.796 	25.172275
0.797 	24.091213
0.798 	23.427591
0.799 	23.580393
0.800 	23.732003
0.801 	23.950188
0.802 	24.299567
0.803 	23.900413
0.804 	23.691665
0.805 	23.936844
0.806 	23.520795
0.807 	23.383869
0.808 	23.350364
0.809 	23.314582
0.810 	23.716406
0.811 	23.641729
0.812 	23.478902
0.813 	24.009076
0.814 	23.861732
0.815 	23.201996
0.816 	23.159791
0.817 	23.274821
0.818 	23.478885
0.819 	23.200146
0.820 	22.467214
0.821 	22.359129
0.822 	23.219259
0.823 	24.324308
0.824 	24.402794
0.825 	23.868981
0.826 	23.947669
0.827 	24.602914
0.828 	24.634304
0.829 	23.260423
0.830 	22.049514
0.831 	22.683015
0.832 	23.740635
0.833 	23.432789
0.834 	22.810718
0.835 	23.170316
0.836 	23.465258
0.837 	22.991586
0.838 	22.770609
0.839 	23.085114
0.840 	22.737744
0.841 	22.442422
0.842 	23.139459
0.843 	23.734878
0.844 	23.739125
0.845 	23.279597
0.846 	23.176731
0.847 	23.042043
0.848 	22.167266
0.849 	21.852820
0.850 	23.230128
0.851 	24.366909
0.852 	23.703151
0.853 	22.893713
0.854 	23.262751
0.855 	23.329672
0.856 	22.240607
0.857 	21.324132
0.858 	21.846396
0.859 	23.186563
0.860 	23.925524
0.861 	23.534001
0.862 	22.652774
0.863 	21.966775
0.864 	22.285668
0.865 	23.082655
0.866 	23.284559
0.867 	22.828429
0.868 	21.848051
0.869 	21.434727
0.870 	22.186234
0.871 	23.064775
0.872 	23.134796
0.873 	22.564474
0.874 	22.382098
0.875 	22.489265
0.876 	22.220011
0.877 	22.105759
0.878 	22.384230
0.879 	22.129296
0.880 	21.311576
0.881 	21.479715
0.882 	22.209271
0.883 	22.113881
0.884 	22.077354
0.885 	22.623237
0.886 	22.625680
0.887 	22.062639
0.888 	21.957450
0.889 	22.363526
0.890 	22.452759
0.891 	22.330106
0.892 	22.712334
0.893 	22.830310
0.894 	22.412296
0.895 	22.316201
0.896 	22.617678
0.897 	22.958163
0.898 	22.658839
0.899 	21.445192
0.900 	20.768882
0.901 	21.114063
0.902 	21.378464
0.903 	21.714200
0.904 	22.262089
0.905 	21.930698
0.906 	21.040936
0.907 	21.011834
0.908 	21.801273
0.909 	22.432911
0.910 	22.313588
0.911 	21.669517
0.912 	21.175866
0.913 	21.201171
0.914 	21.582918
0.915 	22.072063
0.916 	22.641467
0.917 	22.683205
0.918 	21.985932
0.919 	21.301246
0.920 	20.875892
0.921 	20.428293
0.922 	20.313932
0.923 	20.581211
0.924 	20.903716
0.925 	21.523507
0.926 	22.372138
0.927 	22.495800
0.928 	21.718179
0.929 	20.738143
0.930 	20.297407
0.931 	20.347233
0.932 	20.954712
0.933 	21.607735
0.934 	21.740011
0.935 	21.220534
0.936 	20.392792
0.937 	19.853839
0.938 	19.916034
0.939 	20.619697
0.940 	21.363991
0.941 	21.257460
0.942 	20.658083
0.943 	20.154862
0.944 	20.150855
0.945 	20.348002
0.946 	20.098328
0.947 	19.609110
0.948 	19.446809
0.949 	19.588383
0.950 	19.847238
0.951 	19.694968
0.952 	19.617953
0.953 	20.125011
0.954 	20.734531
0.955 	20.814560
0.956 	20.047580
0.957 	20.055123
0.958 	20.384656
0.959 	20.344770
0.960 	19.303120
0.961 	18.910377
0.962 	19.399666
0.963 	19.408426
0.964 	19.492325
0.965 	19.707538
0.966 	19.715072
0.967 	19.841649
0.968 	19.797894
0.969 	19.557055
0.970 	19.336867
0.971 	18.933413
0.972 	18.765230
0.973 	19.144582
0.974 	19.629543
0.975 	20.429392
0.976 	19.754612
0.977 	18.021591
0.978 	18.159489
0.979 	18.930909
0.980 	19.588074
0.981 	19.856896
0.982 	19.422356
0.983 	19.390785
0.984 	19.614795
0.985 	19.176496
0.986 	18.789298
0.987 	19.238503
0.988 	19.614784
0.989 	19.307182
0.990 	19.156408
0.991 	19.639198
0.992 	19.320775
0.993 	18.537561
0.994 	18.588429
0.995 	19.071798
0.996 	19.119465
0.997 	18.537868
0.998 	18.906125
0.999 	19.665038
1.000 	19.543305
1.001 	18.784537
1.002 	18.754850
1.003 	19.488291
1.004 	19.448419
1.005 	19.004080
1.006 	18.765362
1.007 	19.123955
1.008 	19.941664
1.009 	19.729754
1.010 	19.392118
1.011 	19.206664
1.012 	18.670659
1.013 	18.561508
1.014 	19.148298
1.015 	18.917812
1.016 	18.604468
1.017 	18.884234
1.018 	18.770331
1.019 	18.918714
1.020 	19.799186
1.021 	20.097992
1.022 	19.375880
1.023 	18.913963
1.024 	19.223276
1.025 	19.481386
1.026 	19.586038
1.027 	19.256835
1.028 	18.737731
1.029 	18.274649
1.030 	18.695896
1.031 	19.347004
1.032 	19.236094
1.033 	19.545567
1.034 	20.647035
1.035 	20.642582
1.036 	19.270772
1.037 	19.099012
1.038 	19.786242
1.039 	20.128942
1.040 	20.156625
1.041 	19.597011
1.042 	19.273282
1.043 	19.085307
1.044 	18.882561
1.045 	19.083744
1.046 	19.558565
1.047 	19.839013
1.048 	19.614028
1.049 	19.523558
1.050 	19.182585
1.051 	19.072196
1.052 	19.426262
1.053 	19.246795
1.054 	19.346214
1.055 	19.527057
1.056 	19.506684
1.057 	19.960150
1.058 	20.482579
1.059 	20.724765
1.060 	20.633730
1.061 	20.131178
1.062 	19.637083
1.063 	18.860759
1.064 	18.058718
1.065 	18.457492
1.066 	19.771722
1.067 	20.596059
1.068 	19.996325
1.069 	19.194976
1.070 	18.706730
1.071 	18.908652
1.072 	19.218712
1.073 	19.191931
1.074 	19.279683
1.075 	19.241200
1.076 	19.355543
1.077 	19.841435
1.078 	19.986641
1.079 	19.988182
1.080 	20.175036
1.081 	20.207002
1.082 	20.075464
1.083 	19.459820
1.084 	18.393185
1.085 	17.914625
1.086 	18.636679
1.087 	19.172061
1.088 	18.624470
1.089 	18.477417
1.090 	19.388697
1.091 	20.000655
1.092 	19.797074
1.093 	19.227668
1.094 	18.834689
1.095 	18.948496
1.096 	18.846308
1.097 	18.445875
1.098 	18.528411
1.099 	19.145446
1.100 	19.882739
1.101 	20.121132
1.102 	19.776443
1.103 	19.499553
1.104 	19.393763
1.105 	19.177188
1.106 	18.792284
1.107 	18.714653
1.108 	18.885693
1.109 	19.256183
1.110 	19.629941
1.111 	19.096894
1.112 	18.244746
1.113 	18.165195
1.114 	18.810380
1.115 	19.356398
1.116 	19.360667
1.117 	19.171473
1.118 	19.012379
1.119 	18.733035
1.120 	18.188242
1.121 	17.917798
1.122 	18.095364
1.123 	18.142769
1.124 	18.073676
1.125 	18.213900
1.126 	18.303730
1.127 	17.757956
1.128 	17.023231
1.129 	16.972540
1.130 	17.295775
1.131 	17.353813
1.132 	16.994001
1.133 	16.823231
1.134 	17.192043
1.135 	17.429135
1.136 	17.119628
1.137 	16.497728
1.138 	16.082048
1.139 	15.941918
1.140 	15.728389
1.141 	15.602222
1.142 	15.852670
1.143 	16.080970
1.144 	15.923737
1.145 	15.733605
1.146 	15.754898
1.147 	15.717477
1.148 	15.899248
1.149 	15.888190
1.150 	15.355697
1.151 	14.988945
1.152 	15.248792
1.153 	15.729217
1.154 	15.838884
1.155 	15.901054
1.156 	15.785617
1.157 	15.091141
1.158 	14.522680
1.159 	14.476061
1.160 	14.748765
1.161 	15.191503
1.162 	15.463878
1.163 	15.483086
1.164 	15.276387
1.165 	14.788185
1.166 	14.481831
1.167 	14.682933
1.168 	15.123612
1.169 	15.565153
1.170 	15.516737
1.171 	15.076422
1.172 	14.840196
1.173 	14.718450
1.174 	14.716866
1.175 	15.136437
1.176 	15.364323
1.177 	14.786970
1.178 	14.144788
1.179 	14.176471
1.180 	14.395057
1.181 	14.357463
1.182 	14.417517
1.183 	14.814991
1.184 	14.939716
1.185 	14.816657
1.186 	14.919347
1.187 	14.954949
1.188 	14.424386
1.189 	13.936495
1.190 	14.189370
1.191 	14.774268
1.192 	15.170915
1.193 	15.108517
1.194 	14.614818
1.195 	14.005577
1.196 	13.669485
1.197 	13.958048
1.198 	14.463337
1.199 	14.300906
1.200 	13.683928
1.201 	13.469389
1.202 	13.928920
1.203 	14.478851
1.204 	14.592396
1.205 	14.891034
1.206 	15.222074
1.207 	14.841881
1.208 	14.006533
1.209 	13.446753
1.210 	14.147869
1.211 	15.511268
1.212 	15.745274
1.213 	14.844371
1.214 	14.275622
1.215 	14.469565
1.216 	14.831029
1.217 	15.258313
1.218 	15.589448
1.219 	15.464000
1.220 	15.109658
1.221 	15.044197
1.222 	15.388307
1.223 	15.744765
1.224 	15.761560
1.225 	15.316419
1.226 	14.599434
1.227 	14.461590
1.228 	15.017522
1.229 	15.422167
1.230 	15.327486
1.231 	14.987420
1.232 	15.014510
1.233 	15.687628
1.234 	16.429876
1.235 	16.662684
1.236 	16.788518
1.237 	17.181014
1.238 	16.891483
1.239 	16.073506
1.240 	15.773438
1.241 	16.173142
1.242 	16.344221
1.243 	15.802478
1.244 	15.384400
1.245 	15.570862
1.246 	16.139963
1.247 	16.443902
1.248 	16.096519
1.249 	15.826646
1.250 	15.741647
1.251 	15.602655
1.252 	16.013739
1.253 	16.862384
1.254 	17.271053
1.255 	16.857659
1.256 	16.167168
1.257 	15.880959
1.258 	15.931007
1.259 	15.928280
1.260 	15.980944
1.261 	16.116374
1.262 	15.922353
1.263 	15.525417
1.264 	15.569801
1.265 	15.735615
1.266 	15.440264
1.267 	15.070638
1.268 	15.122824
1.269 	15.696386
1.270 	16.389598
1.271 	16.766793
1.272 	16.748965
1.273 	16.712218
1.274 	16.495914
1.275 	15.913747
1.276 	15.638964
1.277 	15.817524
1.278 	15.598971
1.279 	14.878378
1.280 	14.648489
1.281 	15.172883
1.282 	15.833177
1.283 	16.126086
1.284 	15.984211
1.285 	16.137410
1.286 	16.467099
1.287 	16.148131
1.288 	15.456506
1.289 	14.829342
1.290 	14.046933
1.291 	13.729290
1.292 	14.615375
1.293 	15.969820
1.294 	16.656946
1.295 	16.658453
1.296 	16.066029
1.297 	15.334103
1.298 	14.784848
1.299 	14.436011
1.300 	14.344435
1.301 	14.918009
1.302 	15.779262
1.303 	16.249588
1.304 	16.160279
1.305 	15.550394
1.306 	14.827735
1.307 	14.551189
1.308 	14.549613
1.309 	14.386863
1.310 	14.148880
1.311 	14.092417
1.312 	13.996652
1.313 	13.538126
1.314 	13.246154
1.315 	13.700552
1.316 	14.686599
1.317 	15.346748
1.318 	14.654518
1.319 	13.644121
1.320 	13.682006
1.321 	14.172592
1.322 	14.407370
1.323 	14.507938
1.324 	14.505224
1.325 	14.092332
1.326 	13.469024
1.327 	13.134447
1.328 	12.851096
1.329 	12.376952
1.330 	12.584960
1.331 	13.264459
1.332 	13.618513
1.333 	13.395158
1.334 	12.814290
1.335 	12.480162
1.336 	12.790311
1.337 	13.228932
1.338 	12.654762
1.339 	11.198120
1.340 	10.629506
1.341 	11.450828
1.342 	12.484631
1.343 	12.685273
1.344 	12.218266
1.345 	11.778977
1.346 	11.555052
1.347 	11.638872
1.348 	11.822895
1.349 	11.697044
1.350 	11.296999
1.351 	11.180475
1.352 	11.658266
1.353 	12.442240
1.354 	12.951442
1.355 	12.581629
1.356 	11.391864
1.357 	10.555929
1.358 	10.559949
1.359 	10.929780
1.360 	11.083849
1.361 	11.024923
1.362 	11.140827
1.363 	11.203997
1.364 	10.719096
1.365 	10.034675
1.366 	9.901308
1.367 	10.237090
1.368 	10.713767
1.369 	11.162465
1.370 	10.940443
1.371 	9.954147
1.372 	9.007036
1.373 	8.546343
1.374 	8.402229
1.375 	8.380744
1.376 	8.440499
1.377 	8.495716
1.378 	8.330953
1.379 	8.420529
1.380 	8.685511
1.381 	8.651676
1.382 	8.455450
1.383 	8.028745
1.384 	7.437821
1.385 	6.919751
1.386 	6.540733
1.387 	6.425545
1.388 	6.670253
1.389 	6.876269
1.390 	6.647509
1.391 	6.389612
1.392 	6.540119
1.393 	7.127625
1.394 	7.411544
1.395 	7.395930
1.396 	7.805211
1.397 	7.510854
1.398 	6.039493
1.399 	5.445499
1.400 	6.059164
1.401 	6.468394
1.402 	6.648784
1.403 	6.801211
1.404 	6.755764
1.405 	6.882609
1.406 	7.241698
1.407 	6.930045
1.408 	5.878985
1.409 	5.108239
1.410 	5.307387
1.411 	6.163100
1.412 	6.794454
1.413 	7.351256
1.414 	8.009743
1.415 	7.981020
1.416 	7.138723
1.417 	6.227452
1.418 	6.135520
1.419 	7.055604
1.420 	7.914171
1.421 	7.945484
1.422 	6.724444
1.423 	4.549889
1.424 	4.038500
1.425 	5.787553
1.426 	6.947246
1.427 	6.581529
1.428 	6.095175
1.429 	5.635121
1.430 	5.080529
1.431 	5.672232
1.432 	7.089083
1.433 	7.515452
1.434 	6.667809
1.435 	6.199607
1.436 	6.766553
1.437 	7.052348
1.438 	6.712271
1.439 	6.740215
1.440 	6.872276
1.441 	6.159717
1.442 	5.218954
1.443 	4.825089
1.444 	5.032974
1.445 	5.785696
1.446 	6.307337
1.447 	6.287876
1.448 	6.157426
1.449 	6.394886
1.450 	7.096652
1.451 	7.147118
1.452 	6.556062
1.453 	6.759446
1.454 	7.735435
1.455 	8.532280
1.456 	8.460106
1.457 	7.509714
1.458 	6.492129
1.459 	5.721893
1.460 	5.548482
1.461 	5.938190
1.462 	5.997274
1.463 	5.928535
1.464 	6.433364
1.465 	6.919391
1.466 	6.624314
1.467 	6.070738
1.468 	6.542676
1.469 	7.549632
1.470 	7.433021
1.471 	6.875365
1.472 	7.288060
1.473 	7.778653
1.474 	7.762104
1.475 	7.266078
1.476 	6.463243
1.477 	6.141223
1.478 	5.820799
1.479 	5.183479
1.480 	5.065723
1.481 	6.452708
1.482 	7.917488
1.483 	7.850373
1.484 	7.112935
1.485 	7.030073
1.486 	7.875916
1.487 	8.387086
1.488 	7.223048
1.489 	6.005543
1.490 	6.974819
1.491 	8.163562
1.492 	7.248805
1.493 	5.931815
1.494 	6.509599
1.495 	8.509480
1.496 	9.941718
1.497 	9.480828
1.498 	8.156521
1.499 	7.406447
1.500 	6.821642
1.501 	5.768267
1.502 	4.911548
1.503 	5.257986
1.504 	6.468153
1.505 	6.764041
1.506 	6.040385
1.507 	5.839532
1.508 	6.781271
1.509 	8.049940
1.510 	8.497407
1.511 	8.118054
1.512 	8.608888
1.513 	8.822905
1.514 	7.794758
1.515 	7.140030
1.516 	7.265545
1.517 	7.839473
1.518 	8.278466
1.519 	8.628838
1.520 	9.686203
1.521 	10.010284
1.522 	8.841561
1.523 	7.119098
1.524 	5.752676
1.525 	6.440884
1.526 	8.613043
1.527 	8.940552
1.528 	7.465647
1.529 	6.794890
1.530 	7.681093
1.531 	8.403710
1.532 	8.486073
1.533 	8.128726
1.534 	7.409538
1.535 	7.016022
1.536 	7.979972
1.537 	8.090603
1.538 	7.446887
1.539 	8.318659
1.540 	9.264504
1.541 	9.388405
1.542 	9.212169
1.543 	8.231693
1.544 	8.014486
1.545 	8.827159
1.546 	8.541163
1.547 	6.940604
1.548 	7.773939
1.549 	10.562192
1.550 	10.061196
1.551 	6.966228
1.552 	5.044003
1.553 	6.042904
1.554 	6.589670
1.555 	7.423474
1.556 	8.207218
1.557 	9.070195
1.558 	10.296307
1.559 	9.805277
1.560 	9.323254
1.561 	10.100492
1.562 	11.071397
1.563 	10.470330
1.564 	8.279153
1.565 	7.675287
1.566 	9.175610
1.567 	10.150337
1.568 	8.784980
1.569 	8.197602
1.570 	8.798406
1.571 	8.366527
1.572 	7.591390
1.573 	8.169770
1.574 	9.325464
1.575 	8.702743
1.576 	7.623653
1.577 	8.166844
1.578 	8.984836
1.579 	9.212643
1.580 	9.369449
1.581 	9.403408
1.582 	10.621626
1.583 	11.594932
1.584 	10.070292
1.585 	9.384191
1.586 	9.683808
1.587 	7.483499
1.588 	6.363763
1.589 	6.073683
1.590 	6.621481
1.591 	8.889561
1.592 	9.578513
1.593 	9.004563
1.594 	9.400681
1.595 	8.978479
1.596 	9.176854
1.597 	11.469620
1.598 	13.198003
1.599 	11.868731
1.600 	11.466008
1.601 	11.965483
1.602 	10.452679
1.603 	8.567601
1.604 	7.897286
1.605 	7.878718
1.606 	9.201097
1.607 	10.588872
1.608 	9.597924
1.609 	10.330624
1.610 	11.626227
1.611 	10.886413
1.612 	9.765961
1.613 	9.069641
1.614 	9.046364
1.615 	9.545093
1.616 	11.194350
1.617 	11.504883
1.618 	10.074927
1.619 	9.435478
1.620 	8.621487
1.621 	9.162748
1.622 	11.085210
1.623 	12.857634
1.624 	9.481901
1.625 	5.267242
1.626 	8.816261
1.627 	14.165338
1.628 	14.457200
1.629 	10.598203
1.630 	6.942285
1.631 	7.644834
1.632 	7.261279
1.633 	7.731975
1.634 	11.184095
1.635 	13.596129
1.636 	10.616684
1.637 	9.500089
1.638 	9.595225
1.639 	8.893986
1.640 	10.082855
1.641 	11.347807
1.642 	12.544642
1.643 	10.624774
1.644 	8.926904
1.645 	8.961152
1.646 	8.999906
1.647 	8.058829
1.648 	10.364672
1.649 	14.207997
1.650 	11.217841
1.651 	8.329984
1.652 	9.210361
1.653 	9.905970
1.654 	11.947486
1.655 	9.674152
1.656 	8.502161
1.657 	9.733965
1.658 	11.240562
1.659 	10.522788
1.660 	9.365424
1.661 	12.100256
1.662 	8.992203
1.663 	7.035545
1.664 	8.961222
1.665 	6.850033
1.666 	6.028328
1.667 	5.945998
1.668 	10.044791
1.669 	11.744441
1.670 	8.273641
1.671 	5.792340
1.672 	3.326492
1.673 	3.208107
1.674 	13.063945
1.675 	12.055774
1.676 	10.177595
1.677 	7.367950
1.678 	11.652465
1.679 	11.140055
1.680 	5.218022
1.681 	5.071156
1.682 	9.879620
1.683 	0.210397
1.684 	9.230545
1.685 	15.206014
1.686 	11.226811
1.687 	2.609577
1.688 	2.208419
1.689 	9.511835
1.690 	12.638674
1.691 	24.610525
1.692 	-4.892781
1.693 	18.804705
1.694 	16.380777
1.695 	5.267386
1.696 	3.348280
1.697 	-4.348801
1.698 	4.824475
1.699 	17.615044
1.700 	18.610686
