0.660 	34.013445
0.661 	35.783443
0.662 	36.404398
0.663 	37.695069
0.664 	37.409935
0.665 	35.825175
0.666 	39.774502
0.667 	35.730288
0.668 	36.610286
0.669 	38.674879
0.670 	35.209785
0.671 	36.813847
0.672 	36.194196
0.673 	37.042139
0.674 	36.162839
0.675 	37.023113
0.676 	35.327314
0.677 	36.634175
0.678 	34.250119
0.679 	31.896469
0.680 	33.885087
0.681 	37.413400
0.682 	34.204871
0.683 	34.750878
0.684 	35.711732
0.685 	37.872749
0.686 	35.737636
0.687 	36.675426
0.688 	35.631612
0.689 	34.843401
0.690 	34.852352
0.691 	36.147853
0.692 	36.382513
0.693 	35.321615
0.694 	36.580225
0.695 	37.444512
0.696 	35.846815
0.697 	33.437215
0.698 	33.174117
0.699 	32.172934
0.700 	36.326173
0.701 	37.180613
0.702 	34.431632
0.703 	36.291666
0.704 	36.568900
0.705 	34.293574
0.706 	34.542179
0.707 	34.665606
0.708 	35.376901
0.709 	36.115918
0.710 	34.753996
0.711 	34.525324
0.712 	36.192671
0.713 	34.907406
0.714 	34.904239
0.715 	35.579421
0.716 	35.481277
0.717 	36.331259
0.718 	34.554830
0.719 	33.471730
0.720 	33.458785
0.721 	33.822125
0.722 	34.309469
0.723 	35.080352
0.724 	36.099184
0.725 	35.570056
0.726 	35.238502
0.727 	34.310724
0.728 	33.147647
0.729 	33.242444
0.730 	33.808857
0.731 	34.223674
0.732 	34.074995
0.733 	34.639297
0.734 	34.690646
0.735 	34.114536
0.736 	34.265143
0.737 	35.076278
0.738 	34.573759
0.739 	34.869626
0.740 	35.308316
0.741 	34.195882
0.742 	33.318664
0.743 	33.625431
0.744 	34.149948
0.745 	33.987701
0.746 	34.434572
0.747 	33.941033
0.748 	32.974336
0.749 	33.343997
0.750 	33.496052
0.751 	32.060899
0.752 	32.539125
0.753 	33.392079
0.754 	33.517844
0.755 	34.170262
0.756 	34.005563
0.757 	33.758470
0.758 	33.592642
0.759 	32.871239
0.760 	31.984577
0.761 	31.362073
0.762 	32.650458
0.763 	34.800237
0.764 	35.233378
0.765 	33.316494
0.766 	32.326150
0.767 	33.027742
0.768 	33.605683
0.769 	33.513438
0.770 	32.487695
0.771 	31.945691
0.772 	32.103544
0.773 	32.548759
0.774 	33.469158
0.775 	33.679080
0.776 	33.704670
0.777 	33.751921
0.778 	33.676626
0.779 	33.050038
0.780 	30.954961
0.781 	29.917230
0.782 	30.980288
0.783 	33.193087
0.784 	34.806964
0.785 	34.713111
0.786 	34.205676
0.787 	33.880852
0.788 	33.291061
0.789 	32.384612
0.790 	32.271257
0.791 	33.312250
0.792 	34.180472
0.793 	33.364579
0.794 	31.867918
0.795 	31.311675
0.796 	31.480639
0.797 	31.499003
0.798 	31.937522
0.799 	32.908859
0.800 	33.267184
0.801 	32.883845
0.802 	32.566209
0.803 	32.346025
0.804 	31.968945
0.805 	31.344330
0.806 	32.023989
0.807 	33.663394
0.808 	33.703272
0.809 	32.568324
0.810 	31.501526
0.811 	31.930484
0.812 	32.695660
0.813 	31.847217
0.814 	31.575840
0.815 	31.986100
0.816 	31.970458
0.817 	31.505142
0.818 	31.051011
0.819 	31.432963
0.820 	31.958548
0.821 	32.013136
0.822 	32.258745
0.823 	32.500134
0.824 	32.555491
0.825 	32.222325
0.826 	31.534223
0.827 	31.100892
0.828 	31.531253
0.829 	32.107702
0.830 	31.765851
0.831 	31.396009
0.832 	31.343015
0.833 	31.228923
0.834 	31.347952
0.835 	31.752626
0.836 	32.011314
0.837 	31.641284
0.838 	31.185069
0.839 	31.190889
0.840 	31.431951
0.841 	31.673085
0.842 	31.750848
0.843 	31.641080
0.844 	31.242024
0.845 	31.100129
0.846 	30.985995
0.847 	30.827613
0.848 	31.207779
0.849 	31.557799
0.850 	31.478999
0.851 	31.273287
0.852 	31.151235
0.853 	31.025158
0.854 	30.936533
0.855 	31.084233
0.856 	31.061404
0.857 	30.709492
0.858 	30.522831
0.859 	30.699145
0.860 	31.506104
0.861 	32.042514
0.862 	31.471926
0.863 	30.438483
0.864 	29.879005
0.865 	30.056986
0.866 	30.434583
0.867 	30.662374
0.868 	30.825462
0.869 	30.712520
0.870 	30.650531
0.871 	31.126059
0.872 	31.582482
0.873 	31.482847
0.874 	31.013662
0.875 	30.246974
0.876 	29.643404
0.877 	29.694778
0.878 	29.908131
0.879 	29.903325
0.880 	29.777110
0.881 	29.726276
0.882 	30.171719
0.883 	30.671940
0.884 	30.672510
0.885 	30.447773
0.886 	30.126403
0.887 	30.281623
0.888 	30.950771
0.889 	30.854174
0.890 	30.009042
0.891 	29.600677
0.892 	29.718166
0.893 	29.979746
0.894 	30.412799
0.895 	30.500284
0.896 	29.978043
0.897 	29.723108
0.898 	29.856827
0.899 	29.582667
0.900 	29.425121
0.901 	30.055210
0.902 	30.830895
0.903 	31.043001
0.904 	30.813104
0.905 	30.207113
0.906 	29.294118
0.907 	28.831676
0.908 	29.090031
0.909 	29.027975
0.910 	28.837126
0.911 	29.293529
0.912 	29.886294
0.913 	29.742685
0.914 	29.147122
0.915 	29.010197
0.916 	29.341241
0.917 	29.546698
0.918 	29.360519
0.919 	29.259040
0.920 	29.793987
0.921 	30.480848
0.922 	30.533984
0.923 	29.797468
0.924 	28.713705
0.925 	27.744529
0.926 	27.522755
0.927 	28.253495
0.928 	29.246815
0.929 	29.698148
0.930 	29.655579
0.931 	29.434188
0.932 	29.217919
0.933 	29.023964
0.934 	28.712433
0.935 	28.292033
0.936 	27.884058
0.937 	28.082199
0.938 	28.800411
0.939 	28.974458
0.940 	28.491961
0.941 	27.946436
0.942 	28.016155
0.943 	28.256692
0.944 	28.657554
0.945 	28.792873
0.946 	28.008681
0.947 	27.482643
0.948 	27.788020
0.949 	28.560532
0.950 	28.569923
0.951 	27.526012
0.952 	27.078413
0.953 	27.182231
0.954 	27.594884
0.955 	28.116063
0.956 	28.557427
0.957 	28.837596
0.958 	28.855281
0.959 	28.942534
0.960 	28.825924
0.961 	28.615678
0.962 	28.228192
0.963 	27.971978
0.964 	28.289795
0.965 	28.326555
0.966 	28.066140
0.967 	27.871705
0.968 	27.851522
0.969 	28.080038
0.970 	28.554477
0.971 	28.576664
0.972 	28.558820
0.973 	28.468976
0.974 	28.558247
0.975 	28.201284
0.976 	27.759530
0.977 	28.147813
0.978 	28.718941
0.979 	28.859611
0.980 	28.900672
0.981 	28.682382
0.982 	28.623231
0.983 	28.671416
0.984 	29.102767
0.985 	29.428772
0.986 	29.502355
0.987 	29.752433
0.988 	29.344038
0.989 	29.223177
0.990 	29.276166
0.991 	28.983922
0.992 	28.554255
0.993 	28.695561
0.994 	29.329291
0.995 	29.219501
0.996 	28.723047
0.997 	29.052007
0.998 	29.628954
0.999 	29.753709
1.000 	30.021502
1.001 	30.633216
1.002 	30.189649
1.003 	28.660154
1.004 	28.557851
1.005 	29.605830
1.006 	30.080293
1.007 	29.660917
1.008 	29.333154
1.009 	29.323344
1.010 	30.120347
1.011 	30.932707
1.012 	30.683432
1.013 	30.231461
1.014 	30.050312
1.015 	29.200791
1.016 	28.010002
1.017 	27.939255
1.018 	29.781363
1.019 	31.251888
1.020 	31.146122
1.021 	30.687899
1.022 	30.238260
1.023 	29.887950
1.024 	30.069167
1.025 	30.312987
1.026 	30.884440
1.027 	30.974411
1.028 	30.261507
1.029 	29.558846
1.030 	29.518329
1.031 	30.482837
1.032 	31.013569
1.033 	30.153099
1.034 	29.763711
1.035 	30.344791
1.036 	30.952830
1.037 	30.483819
1.038 	30.085282
1.039 	30.465982
1.040 	30.723504
1.041 	30.653611
1.042 	30.302572
1.043 	30.631613
1.044 	31.180601
1.045 	30.957894
1.046 	30.830921
1.047 	30.654858
1.048 	30.647802
1.049 	30.354109
1.050 	29.881924
1.051 	30.478374
1.052 	31.407545
1.053 	31.542688
1.054 	30.370822
1.055 	29.652633
1.056 	30.350193
1.057 	31.061066
1.058 	31.103917
1.059 	30.764016
1.060 	30.720910
1.061 	30.671370
1.062 	30.464726
1.063 	30.829718
1.064 	31.740216
1.065 	31.950476
1.066 	31.201402
1.067 	30.267093
1.068 	30.157878
1.069 	30.689972
1.070 	30.862601
1.071 	30.560864
1.072 	30.701850
1.073 	31.135438
1.074 	31.029721
1.075 	30.517356
1.076 	29.886696
1.077 	29.740899
1.078 	30.397599
1.079 	31.190050
1.080 	31.253907
1.081 	30.829847
1.082 	31.073326
1.083 	31.182709
1.084 	30.883280
1.085 	31.119572
1.086 	30.959110
1.087 	30.544035
1.088 	30.764408
1.089 	31.063135
1.090 	30.702958
1.091 	30.416921
1.092 	30.496204
1.093 	30.567407
1.094 	30.743192
1.095 	30.577356
1.096 	29.800215
1.097 	29.709132
1.098 	30.541140
1.099 	30.890651
1.100 	30.569943
1.101 	30.533746
1.102 	31.138714
1.103 	31.545984
1.104 	30.896838
1.105 	29.899598
1.106 	29.788903
1.107 	29.966880
1.108 	29.778128
1.109 	29.706308
1.110 	29.793074
1.111 	29.955685
1.112 	29.921616
1.113 	29.750858
1.114 	30.197963
1.115 	30.966540
1.116 	31.275950
1.117 	30.971093
1.118 	30.100355
1.119 	29.641308
1.120 	29.994306
1.121 	30.209599
1.122 	29.697525
1.123 	29.193693
1.124 	29.352511
1.125 	29.598645
1.126 	29.446410
1.127 	29.193335
1.128 	29.143561
1.129 	28.899639
1.130 	28.257221
1.131 	27.647213
1.132 	27.649707
1.133 	28.176441
1.134 	28.469972
1.135 	28.153641
1.136 	27.532461
1.137 	26.972777
1.138 	26.476442
1.139 	26.423506
1.140 	26.756606
1.141 	26.639060
1.142 	26.020625
1.143 	25.747781
1.144 	26.308019
1.145 	27.003536
1.146 	26.941671
1.147 	26.287380
1.148 	25.879819
1.149 	25.850312
1.150 	25.776383
1.151 	25.334181
1.152 	24.620354
1.153 	24.531691
1.154 	25.224742
1.155 	26.138120
1.156 	26.440246
1.157 	25.941097
1.158 	25.211747
1.159 	24.706694
1.160 	24.643780
1.161 	24.900141
1.162 	25.045205
1.163 	24.977679
1.164 	24.955988
1.165 	25.059054
1.166 	25.088984
1.167 	25.026643
1.168 	25.186221
1.169 	25.325972
1.170 	24.891035
1.171 	24.632373
1.172 	25.069929
1.173 	25.261712
1.174 	25.055501
1.175 	24.909988
1.176 	25.100698
1.177 	25.561107
1.178 	25.530237
1.179 	24.811255
1.180 	24.066840
1.181 	23.763537
1.182 	23.746582
1.183 	23.964747
1.184 	24.454800
1.185 	24.525835
1.186 	23.956520
1.187 	23.525982
1.188 	23.602882
1.189 	24.002186
1.190 	24.327087
1.191 	24.695238
1.192 	25.173820
1.193 	25.183703
1.194 	24.601207
1.195 	23.712022
1.196 	22.939156
1.197 	23.159464
1.198 	24.049845
1.199 	24.414158
1.200 	24.041778
1.201 	23.665068
1.202 	24.105612
1.203 	24.812589
1.204 	24.680145
1.205 	24.079391
1.206 	23.625960
1.207 	23.251895
1.208 	23.106671
1.209 	23.470131
1.210 	23.991158
1.211 	24.403618
1.212 	24.811866
1.213 	24.998464
1.214 	24.813617
1.215 	24.646748
1.216 	24.543293
1.217 	24.358572
1.218 	24.362012
1.219 	24.690584
1.220 	25.034731
1.221 	25.310521
1.222 	25.575986
1.223 	25.375265
1.224 	24.573103
1.225 	24.110036
1.226 	24.871370
1.227 	25.993291
1.228 	26.473688
1.229 	26.185045
1.230 	25.840960
1.231 	25.628072
1.232 	25.382576
1.233 	25.347191
1.234 	25.556559
1.235 	25.821356
1.236 	25.966558
1.237 	26.199867
1.238 	26.426297
1.239 	26.021089
1.240 	25.390174
1.241 	25.228438
1.242 	25.414735
1.243 	25.785881
1.244 	26.009683
1.245 	25.969218
1.246 	26.051734
1.247 	26.307237
1.248 	26.548911
1.249 	26.821691
1.250 	27.024269
1.251 	26.964565
1.252 	26.729226
1.253 	26.460873
1.254 	26.111799
1.255 	25.881770
1.256 	25.879388
1.257 	25.462545
1.258 	24.578079
1.259 	24.457478
1.260 	25.225831
1.261 	25.834717
1.262 	26.012346
1.263 	26.249963
1.264 	26.421547
1.265 	26.361778
1.266 	26.272956
1.267 	26.105381
1.268 	26.104640
1.269 	26.169517
1.270 	25.764362
1.271 	25.229996
1.272 	25.254518
1.273 	25.494630
1.274 	25.241011
1.275 	24.982131
1.276 	25.653988
1.277 	26.556638
1.278 	26.486773
1.279 	25.589338
1.280 	24.906062
1.281 	25.149977
1.282 	25.708811
1.283 	25.781991
1.284 	25.429719
1.285 	24.896448
1.286 	24.805065
1.287 	25.288309
1.288 	25.859667
1.289 	26.076428
1.290 	25.870886
1.291 	25.334035
1.292 	24.587074
1.293 	23.764253
1.294 	23.673392
1.295 	24.492152
1.296 	25.472456
1.297 	26.226934
1.298 	26.483157
1.299 	26.204088
1.300 	25.625733
1.301 	24.577657
1.302 	23.371690
1.303 	22.713068
1.304 	23.054950
1.305 	24.084034
1.306 	24.950315
1.307 	25.070977
1.308 	24.745700
1.309 	24.556290
1.310 	24.555748
1.311 	24.481652
1.312 	24.072291
1.313 	23.488351
1.314 	23.340716
1.315 	23.562272
1.316 	24.053917
1.317 	24.982509
1.318 	25.307515
1.319 	24.224738
1.320 	22.945449
1.321 	22.396359
1.322 	22.375742
1.323 	22.460557
1.324 	22.643209
1.325 	22.856518
1.326 	23.012685
1.327 	23.089252
1.328 	22.801435
1.329 	21.865594
1.330 	21.014473
1.331 	21.000905
1.332 	21.402255
1.333 	21.660703
1.334 	21.556054
1.335 	21.115718
1.336 	21.171387
1.337 	22.168190
1.338 	23.209518
1.339 	23.178017
1.340 	21.884032
1.341 	20.754382
1.342 	20.589859
1.343 	20.852059
1.344 	20.791021
1.345 	20.266887
1.346 	19.806176
1.347 	19.607137
1.348 	19.671501
1.349 	20.205700
1.350 	20.975883
1.351 	20.960952
1.352 	20.250628
1.353 	20.128006
1.354 	20.835653
1.355 	21.573742
1.356 	21.459636
1.357 	20.228962
1.358 	18.539553
1.359 	17.907083
1.360 	18.928140
1.361 	20.359316
1.362 	21.115488
1.363 	21.119924
1.364 	20.492522
1.365 	19.115005
1.366 	18.352412
1.367 	18.733626
1.368 	19.204426
1.369 	19.218876
1.370 	18.663273
1.371 	17.966614
1.372 	17.656019
1.373 	17.527237
1.374 	17.215079
1.375 	16.743450
1.376 	16.531882
1.377 	16.685095
1.378 	16.793837
1.379 	16.730915
1.380 	16.659263
1.381 	16.367367
1.382 	15.484770
1.383 	14.688183
1.384 	14.648650
1.385 	15.301110
1.386 	16.131975
1.387 	16.679331
1.388 	16.670276
1.389 	16.318483
1.390 	15.944970
1.391 	15.857152
1.392 	16.033573
1.393 	15.844359
1.394 	15.226981
1.395 	14.708035
1.396 	14.176570
1.397 	13.847069
1.398 	14.248807
1.399 	14.917487
1.400 	14.731570
1.401 	13.924179
1.402 	13.857914
1.403 	14.749555
1.404 	15.797582
1.405 	16.176594
1.406 	15.526626
1.407 	14.659015
1.408 	14.232526
1.409 	13.229153
1.410 	12.302171
1.411 	13.136015
1.412 	14.198003
1.413 	14.242824
1.414 	14.071759
1.415 	13.912476
1.416 	13.408662
1.417 	12.793490
1.418 	12.960065
1.419 	13.859718
1.420 	14.088271
1.421 	13.546988
1.422 	13.992136
1.423 	14.493813
1.424 	13.592739
1.425 	12.558906
1.426 	12.516953
1.427 	13.575606
1.428 	14.642588
1.429 	14.609385
1.430 	14.178421
1.431 	13.736366
1.432 	13.273966
1.433 	13.435022
1.434 	14.348261
1.435 	15.302087
1.436 	14.985907
1.437 	13.600271
1.438 	13.326862
1.439 	14.176318
1.440 	14.233389
1.441 	14.130975
1.442 	14.407702
1.443 	14.006073
1.444 	12.948180
1.445 	12.921213
1.446 	14.084500
1.447 	14.596352
1.448 	14.125397
1.449 	14.027363
1.450 	14.236585
1.451 	14.217258
1.452 	14.328963
1.453 	14.312295
1.454 	13.924690
1.455 	13.964426
1.456 	14.491856
1.457 	14.201562
1.458 	13.590662
1.459 	14.241622
1.460 	14.917425
1.461 	14.147946
1.462 	12.786755
1.463 	12.802627
1.464 	14.182241
1.465 	14.501903
1.466 	13.870487
1.467 	12.997937
1.468 	12.482582
1.469 	13.394987
1.470 	14.420353
1.471 	14.153178
1.472 	13.445101
1.473 	13.920915
1.474 	14.673188
1.475 	14.524328
1.476 	14.011220
1.477 	13.552036
1.478 	14.279501
1.479 	16.225752
1.480 	16.749310
1.481 	15.550302
1.482 	14.350016
1.483 	13.363123
1.484 	13.121834
1.485 	13.482514
1.486 	13.534572
1.487 	13.570001
1.488 	14.188638
1.489 	14.761996
1.490 	14.857099
1.491 	14.464929
1.492 	14.120358
1.493 	14.461309
1.494 	14.765372
1.495 	14.283105
1.496 	13.583435
1.497 	13.724673
1.498 	14.296079
1.499 	14.792800
1.500 	14.818428
1.501 	14.103034
1.502 	13.482012
1.503 	14.537823
1.504 	16.006868
1.505 	15.303664
1.506 	13.884424
1.507 	13.826257
1.508 	14.968065
1.509 	16.031726
1.510 	15.838372
1.511 	14.643047
1.512 	13.443750
1.513 	13.424656
1.514 	14.291231
1.515 	15.589298
1.516 	16.240693
1.517 	15.912529
1.518 	15.562291
1.519 	15.766547
1.520 	16.369408
1.521 	16.332131
1.522 	15.410182
1.523 	15.313579
1.524 	15.653624
1.525 	14.881833
1.526 	14.181368
1.527 	14.885389
1.528 	15.731015
1.529 	15.626151
1.530 	15.077512
1.531 	14.660755
1.532 	14.717603
1.533 	15.821005
1.534 	15.294124
1.535 	13.308684
1.536 	13.233495
1.537 	14.959470
1.538 	17.258199
1.539 	18.193675
1.540 	16.736501
1.541 	15.097297
1.542 	15.411642
1.543 	16.744783
1.544 	17.359597
1.545 	17.428650
1.546 	17.597513
1.547 	17.472841
1.548 	16.782023
1.549 	16.104569
1.550 	16.345085
1.551 	17.207393
1.552 	16.970288
1.553 	15.918584
1.554 	14.928997
1.555 	13.626937
1.556 	13.907650
1.557 	15.911016
1.558 	18.222712
1.559 	19.481111
1.560 	18.432969
1.561 	17.893723
1.562 	17.973902
1.563 	17.003906
1.564 	16.489354
1.565 	17.203048
1.566 	17.417525
1.567 	16.424779
1.568 	15.449621
1.569 	15.935639
1.570 	18.020888
1.571 	18.580255
1.572 	17.350127
1.573 	15.395750
1.574 	15.096681
1.575 	15.974470
1.576 	15.320158
1.577 	14.001275
1.578 	14.497902
1.579 	16.754360
1.580 	18.548115
1.581 	18.220947
1.582 	15.059332
1.583 	14.510080
1.584 	18.046548
1.585 	19.261000
1.586 	19.821756
1.587 	18.994681
1.588 	18.061912
1.589 	18.702983
1.590 	18.518819
1.591 	17.387092
1.592 	16.300790
1.593 	17.123877
1.594 	17.862966
1.595 	17.160509
1.596 	16.281263
1.597 	17.345073
1.598 	17.744920
1.599 	17.139170
1.600 	18.493525
1.601 	18.928320
1.602 	17.444495
1.603 	15.820040
1.604 	15.974749
1.605 	17.384179
1.606 	15.372811
1.607 	16.620017
1.608 	19.942703
1.609 	19.664107
1.610 	17.680096
1.611 	17.632273
1.612 	18.780055
1.613 	18.331407
1.614 	17.808089
1.615 	17.841833
1.616 	18.969726
1.617 	18.037703
1.618 	18.994055
1.619 	20.383787
1.620 	19.172440
1.621 	18.012621
1.622 	15.386164
1.623 	14.067958
1.624 	15.232569
1.625 	17.960913
1.626 	17.715183
1.627 	17.897053
1.628 	20.819773
1.629 	19.320667
1.630 	17.508205
1.631 	18.397908
1.632 	19.795575
1.633 	19.490756
1.634 	18.665320
1.635 	19.173079
1.636 	18.077285
1.637 	17.304462
1.638 	18.085734
1.639 	18.594078
1.640 	19.018406
1.641 	19.879602
1.642 	18.489808
1.643 	16.158375
1.644 	16.114054
1.645 	18.400452
1.646 	20.876005
1.647 	20.817571
1.648 	16.361861
1.649 	15.422060
1.650 	17.508972
1.651 	20.827143
1.652 	20.050646
1.653 	16.988810
1.654 	16.349789
1.655 	18.728468
1.656 	17.929660
1.657 	17.119715
1.658 	18.748343
1.659 	17.073494
1.660 	16.252517
1.661 	19.277398
1.662 	20.969679
1.663 	22.213749
1.664 	17.792369
1.665 	16.416716
1.666 	21.711234
1.667 	21.647258
1.668 	21.355776
1.669 	19.025333
1.670 	16.890348
1.671 	14.310948
1.672 	15.974250
1.673 	21.403873
1.674 	20.595055
1.675 	17.414467
1.676 	16.695730
1.677 	16.470634
1.678 	16.976899
1.679 	13.370425
1.680 	14.552676
1.681 	23.292635
1.682 	29.559467
1.683 	25.100496
1.684 	15.336245
1.685 	14.740245
1.686 	20.117698
1.687 	16.375827
1.688 	16.551365
1.689 	20.635050
1.690 	33.846779
1.691 	16.337114
1.692 	7.344057
1.693 	15.355565
1.694 	14.011604
1.695 	25.872994
1.696 	39.049800
1.697 	18.501287
1.698 	24.327992
1.699 	20.204155
1.700 	6.170512
