0.660 	39.745556
0.661 	39.008815
0.662 	39.543719
0.663 	41.803598
0.664 	38.987653
0.665 	37.019326
0.666 	40.232178
0.667 	36.212686
0.668 	40.021690
0.669 	42.410717
0.670 	35.030870
0.671 	38.199811
0.672 	38.913805
0.673 	38.015903
0.674 	38.876858
0.675 	40.253710
0.676 	41.484889
0.677 	38.322989
0.678 	39.621718
0.679 	37.464706
0.680 	38.461558
0.681 	39.981838
0.682 	37.795761
0.683 	37.041270
0.684 	39.118082
0.685 	40.176616
0.686 	39.225383
0.687 	39.811406
0.688 	38.389254
0.689 	34.660639
0.690 	37.685822
0.691 	36.987998
0.692 	36.259560
0.693 	36.654089
0.694 	37.280971
0.695 	40.371257
0.696 	36.930503
0.697 	37.662811
0.698 	37.448998
0.699 	37.660039
0.700 	38.484234
0.701 	38.194430
0.702 	37.781757
0.703 	35.834576
0.704 	35.541953
0.705 	36.401874
0.706 	37.913527
0.707 	38.007713
0.708 	38.144838
0.709 	38.635617
0.710 	37.416923
0.711 	36.339487
0.712 	36.437795
0.713 	36.032004
0.714 	37.206973
0.715 	38.266815
0.716 	37.453525
0.717 	37.786765
0.718 	36.843159
0.719 	36.779873
0.720 	37.734891
0.721 	36.910937
0.722 	37.094141
0.723 	36.111208
0.724 	34.906110
0.725 	35.148836
0.726 	36.081297
0.727 	35.797179
0.728 	34.375656
0.729 	34.198862
0.730 	35.046854
0.731 	35.237924
0.732 	35.602620
0.733 	36.663008
0.734 	35.882568
0.735 	35.429300
0.736 	35.835765
0.737 	36.196680
0.738 	35.284819
0.739 	34.676495
0.740 	35.260676
0.741 	36.133166
0.742 	36.086996
0.743 	35.107123
0.744 	35.833203
0.745 	34.512296
0.746 	34.229866
0.747 	34.181562
0.748 	34.015975
0.749 	34.366919
0.750 	34.999537
0.751 	35.102976
0.752 	35.045016
0.753 	34.821158
0.754 	35.010169
0.755 	34.797589
0.756 	35.274952
0.757 	35.939571
0.758 	34.122171
0.759 	33.011298
0.760 	33.720440
0.761 	34.442107
0.762 	34.771791
0.763 	34.890727
0.764 	35.101841
0.765 	34.970989
0.766 	34.378999
0.767 	34.305289
0.768 	34.753163
0.769 	34.157662
0.770 	33.223876
0.771 	33.372452
0.772 	33.748312
0.773 	34.240360
0.774 	35.128621
0.775 	35.436946
0.776 	35.784078
0.777 	35.136180
0.778 	33.810724
0.779 	33.399412
0.780 	34.244557
0.781 	34.137245
0.782 	32.988886
0.783 	33.239747
0.784 	34.779520
0.785 	34.883288
0.786 	33.810536
0.787 	33.148823
0.788 	33.634023
0.789 	34.139798
0.790 	34.425454
0.791 	34.575051
0.792 	34.199393
0.793 	33.787736
0.794 	33.519602
0.795 	33.461579
0.796 	33.566019
0.797 	34.013808
0.798 	33.989824
0.799 	33.400613
0.800 	33.675028
0.801 	34.134039
0.802 	34.201131
0.803 	34.139015
0.804 	34.148836
0.805 	33.707655
0.806 	33.359221
0.807 	33.707905
0.808 	33.897598
0.809 	33.721942
0.810 	33.396825
0.811 	33.300123
0.812 	33.344128
0.813 	33.085159
0.814 	32.866895
0.815 	32.512710
0.816 	32.566490
0.817 	32.685339
0.818 	31.926607
0.819 	31.736519
0.820 	32.565630
0.821 	33.549026
0.822 	33.789068
0.823 	33.368487
0.824 	33.707466
0.825 	34.168274
0.826 	33.669220
0.827 	33.300284
0.828 	33.267896
0.829 	32.978582
0.830 	32.442168
0.831 	32.031174
0.832 	32.056876
0.833 	32.133811
0.834 	32.013259
0.835 	31.986905
0.836 	32.068693
0.837 	32.262809
0.838 	32.796552
0.839 	33.264355
0.840 	32.948885
0.841 	32.103497
0.842 	31.856787
0.843 	32.565978
0.844 	32.967303
0.845 	32.581796
0.846 	32.317376
0.847 	32.376161
0.848 	32.461844
0.849 	32.667777
0.850 	32.857760
0.851 	32.414118
0.852 	31.722954
0.853 	31.605901
0.854 	32.021608
0.855 	32.406086
0.856 	32.225033
0.857 	31.642365
0.858 	31.676161
0.859 	32.478802
0.860 	33.036107
0.861 	32.776985
0.862 	31.876934
0.863 	31.459192
0.864 	31.479943
0.865 	31.288142
0.866 	31.031389
0.867 	30.827661
0.868 	31.197300
0.869 	31.774844
0.870 	32.009201
0.871 	32.256856
0.872 	32.328800
0.873 	31.939560
0.874 	31.259747
0.875 	30.657388
0.876 	30.803570
0.877 	31.733806
0.878 	32.313275
0.879 	32.226966
0.880 	31.883655
0.881 	31.543774
0.882 	31.528652
0.883 	31.641528
0.884 	31.435282
0.885 	31.025554
0.886 	30.850033
0.887 	31.363270
0.888 	32.066894
0.889 	32.045641
0.890 	31.415824
0.891 	30.687478
0.892 	30.449688
0.893 	30.710076
0.894 	31.033743
0.895 	31.184478
0.896 	30.886272
0.897 	30.420443
0.898 	30.483651
0.899 	31.002431
0.900 	31.340259
0.901 	31.178602
0.902 	30.779878
0.903 	30.634870
0.904 	30.897946
0.905 	30.821101
0.906 	30.156484
0.907 	29.703944
0.908 	30.165356
0.909 	30.973730
0.910 	31.391348
0.911 	31.489218
0.912 	31.278580
0.913 	30.600244
0.914 	29.842997
0.915 	29.824384
0.916 	30.327887
0.917 	30.553512
0.918 	30.324165
0.919 	30.177368
0.920 	30.653610
0.921 	31.323509
0.922 	31.571792
0.923 	31.139225
0.924 	30.291772
0.925 	29.717717
0.926 	29.345154
0.927 	29.050246
0.928 	29.330183
0.929 	29.920854
0.930 	30.328196
0.931 	30.673777
0.932 	31.163299
0.933 	30.984447
0.934 	30.094380
0.935 	29.350078
0.936 	29.257943
0.937 	29.157092
0.938 	28.732048
0.939 	28.587781
0.940 	29.052874
0.941 	29.674504
0.942 	29.981830
0.943 	29.767058
0.944 	29.131458
0.945 	28.788697
0.946 	28.895369
0.947 	29.149283
0.948 	29.270173
0.949 	29.372079
0.950 	29.034858
0.951 	28.293098
0.952 	28.344708
0.953 	28.610762
0.954 	28.507332
0.955 	28.255294
0.956 	28.998914
0.957 	29.598558
0.958 	29.428599
0.959 	28.876088
0.960 	28.217093
0.961 	28.328035
0.962 	28.429160
0.963 	28.382722
0.964 	28.496162
0.965 	28.483406
0.966 	27.893941
0.967 	27.217530
0.968 	27.364425
0.969 	27.989822
0.970 	28.857132
0.971 	28.823485
0.972 	28.059551
0.973 	27.546528
0.974 	27.501270
0.975 	27.104359
0.976 	27.544578
0.977 	28.166903
0.978 	27.803300
0.979 	27.802475
0.980 	28.030735
0.981 	27.968903
0.982 	27.923039
0.983 	27.893899
0.984 	28.675751
0.985 	29.291027
0.986 	28.488077
0.987 	27.959604
0.988 	28.351910
0.989 	28.799085
0.990 	28.323167
0.991 	27.635777
0.992 	27.522491
0.993 	27.555478
0.994 	27.764923
0.995 	28.230901
0.996 	28.377758
0.997 	28.043801
0.998 	28.260160
0.999 	28.771322
1.000 	28.384673
1.001 	28.348541
1.002 	28.631299
1.003 	27.647724
1.004 	26.672091
1.005 	27.320025
1.006 	28.582342
1.007 	28.606714
1.008 	27.995152
1.009 	27.768263
1.010 	28.222013
1.011 	29.188497
1.012 	29.231598
1.013 	28.503247
1.014 	27.707173
1.015 	27.006825
1.016 	27.546168
1.017 	28.047401
1.018 	28.119800
1.019 	28.773609
1.020 	28.770923
1.021 	28.300557
1.022 	27.915787
1.023 	27.695740
1.024 	27.840226
1.025 	27.993955
1.026 	28.395955
1.027 	28.250944
1.028 	27.707342
1.029 	27.728498
1.030 	28.022237
1.031 	28.649558
1.032 	29.127095
1.033 	28.562147
1.034 	27.861237
1.035 	28.055885
1.036 	28.453772
1.037 	28.077320
1.038 	27.703214
1.039 	28.366330
1.040 	29.121655
1.041 	29.038821
1.042 	28.688841
1.043 	28.663962
1.044 	28.160752
1.045 	27.509031
1.046 	27.909645
1.047 	28.842464
1.048 	29.372346
1.049 	29.334799
1.050 	28.715015
1.051 	28.333407
1.052 	28.830143
1.053 	29.045085
1.054 	28.083751
1.055 	27.562390
1.056 	28.199548
1.057 	28.807073
1.058 	28.932433
1.059 	28.643252
1.060 	28.299645
1.061 	28.238908
1.062 	28.319521
1.063 	28.412734
1.064 	28.609479
1.065 	28.468761
1.066 	28.212876
1.067 	27.978343
1.068 	28.107545
1.069 	29.034394
1.070 	29.593311
1.071 	29.033736
1.072 	28.508156
1.073 	28.574681
1.074 	28.590205
1.075 	28.507565
1.076 	28.492448
1.077 	28.614517
1.078 	28.792460
1.079 	28.806101
1.080 	28.484552
1.081 	28.268273
1.082 	28.781401
1.083 	29.140233
1.084 	28.769957
1.085 	28.324960
1.086 	28.084390
1.087 	28.509895
1.088 	29.244322
1.089 	29.157301
1.090 	28.357323
1.091 	27.965489
1.092 	28.096878
1.093 	28.299160
1.094 	28.606080
1.095 	28.844800
1.096 	28.872989
1.097 	28.829900
1.098 	28.532015
1.099 	28.076510
1.100 	27.869063
1.101 	28.071557
1.102 	28.669192
1.103 	29.081734
1.104 	28.962536
1.105 	29.005570
1.106 	29.176456
1.107 	29.048117
1.108 	28.831099
1.109 	28.630853
1.110 	28.381445
1.111 	27.790165
1.112 	27.346519
1.113 	27.838832
1.114 	28.721975
1.115 	28.799386
1.116 	28.351368
1.117 	28.385959
1.118 	28.390227
1.119 	27.872938
1.120 	27.511959
1.121 	27.441454
1.122 	27.536614
1.123 	27.857546
1.124 	27.939852
1.125 	27.385489
1.126 	26.661109
1.127 	26.632113
1.128 	27.102902
1.129 	26.916853
1.130 	26.187256
1.131 	25.979451
1.132 	26.438262
1.133 	27.009935
1.134 	27.448409
1.135 	27.392158
1.136 	26.401073
1.137 	25.168726
1.138 	24.699373
1.139 	24.851893
1.140 	24.867666
1.141 	24.540719
1.142 	24.052353
1.143 	23.913826
1.144 	24.631160
1.145 	25.494729
1.146 	25.520841
1.147 	24.956557
1.148 	24.635626
1.149 	24.775347
1.150 	24.932162
1.151 	24.602258
1.152 	23.929196
1.153 	23.541295
1.154 	23.702801
1.155 	24.509162
1.156 	25.270235
1.157 	25.191237
1.158 	24.686416
1.159 	24.321260
1.160 	23.883343
1.161 	23.574714
1.162 	23.927964
1.163 	24.293438
1.164 	24.196580
1.165 	24.206762
1.166 	24.326848
1.167 	24.525869
1.168 	24.741020
1.169 	24.175684
1.170 	23.239829
1.171 	23.463071
1.172 	24.332179
1.173 	24.616776
1.174 	24.460608
1.175 	23.993320
1.176 	23.553569
1.177 	23.585713
1.178 	23.604787
1.179 	23.336849
1.180 	23.433562
1.181 	23.847995
1.182 	23.780315
1.183 	23.358437
1.184 	23.134298
1.185 	22.746086
1.186 	22.353253
1.187 	22.463304
1.188 	22.605768
1.189 	22.743721
1.190 	23.154209
1.191 	23.703833
1.192 	23.871596
1.193 	23.612032
1.194 	23.472811
1.195 	23.472791
1.196 	23.467140
1.197 	23.807925
1.198 	24.250975
1.199 	24.148769
1.200 	23.670836
1.201 	23.076840
1.202 	22.765423
1.203 	22.731022
1.204 	22.688270
1.205 	22.886691
1.206 	23.211874
1.207 	23.230303
1.208 	23.413548
1.209 	24.080381
1.210 	24.298550
1.211 	23.598339
1.212 	23.182961
1.213 	23.700077
1.214 	24.522469
1.215 	25.002990
1.216 	24.936538
1.217 	24.684359
1.218 	24.437056
1.219 	24.142568
1.220 	23.895177
1.221 	23.857193
1.222 	23.895084
1.223 	24.128691
1.224 	24.481466
1.225 	24.454050
1.226 	24.393044
1.227 	24.836081
1.228 	25.083860
1.229 	24.611196
1.230 	24.198451
1.231 	24.447468
1.232 	24.842930
1.233 	24.987843
1.234 	24.729221
1.235 	24.320578
1.236 	24.196234
1.237 	24.463801
1.238 	24.939361
1.239 	24.921125
1.240 	24.130724
1.241 	23.419907
1.242 	23.690523
1.243 	24.577800
1.244 	24.809652
1.245 	24.426545
1.246 	24.520802
1.247 	25.068221
1.248 	25.276306
1.249 	25.350249
1.250 	25.507521
1.251 	25.172669
1.252 	24.522082
1.253 	24.191321
1.254 	24.374897
1.255 	24.749517
1.256 	24.791628
1.257 	24.121752
1.258 	23.427654
1.259 	24.104805
1.260 	25.662253
1.261 	26.408379
1.262 	26.135300
1.263 	25.920007
1.264 	25.582438
1.265 	24.974021
1.266 	24.591353
1.267 	24.725772
1.268 	25.130523
1.269 	25.121235
1.270 	24.400634
1.271 	23.940193
1.272 	23.930922
1.273 	23.684273
1.274 	23.405317
1.275 	23.878603
1.276 	24.736839
1.277 	25.157897
1.278 	25.147894
1.279 	24.923284
1.280 	24.769914
1.281 	25.206386
1.282 	25.818906
1.283 	25.629391
1.284 	24.593429
1.285 	23.510358
1.286 	23.296925
1.287 	23.625338
1.288 	23.601208
1.289 	23.615281
1.290 	24.182844
1.291 	24.798680
1.292 	25.167716
1.293 	25.093127
1.294 	24.589569
1.295 	24.077558
1.296 	23.957984
1.297 	24.094622
1.298 	24.322282
1.299 	24.870611
1.300 	25.533086
1.301 	25.020773
1.302 	23.484151
1.303 	22.034661
1.304 	21.378474
1.305 	21.839548
1.306 	23.387604
1.307 	24.261189
1.308 	23.829588
1.309 	23.276127
1.310 	23.359347
1.311 	23.777593
1.312 	23.992702
1.313 	23.854615
1.314 	23.380038
1.315 	22.669346
1.316 	22.042162
1.317 	22.214706
1.318 	23.042307
1.319 	23.544462
1.320 	23.389592
1.321 	23.045755
1.322 	22.525621
1.323 	21.830103
1.324 	21.340966
1.325 	21.152109
1.326 	20.987976
1.327 	21.260031
1.328 	21.790234
1.329 	21.875769
1.330 	21.597170
1.331 	21.523881
1.332 	21.831688
1.333 	22.252201
1.334 	22.134917
1.335 	21.494383
1.336 	21.131194
1.337 	21.408445
1.338 	22.083552
1.339 	22.171403
1.340 	20.839551
1.341 	19.515500
1.342 	19.247923
1.343 	19.710017
1.344 	20.380912
1.345 	20.893616
1.346 	20.840892
1.347 	20.045499
1.348 	19.264523
1.349 	19.201203
1.350 	19.698545
1.351 	20.074993
1.352 	20.257784
1.353 	20.366884
1.354 	20.538328
1.355 	21.081192
1.356 	21.332058
1.357 	20.654132
1.358 	19.403695
1.359 	18.409842
1.360 	18.710984
1.361 	19.987640
1.362 	20.402261
1.363 	19.414561
1.364 	18.576593
1.365 	18.574785
1.366 	19.127719
1.367 	19.816433
1.368 	20.264711
1.369 	20.029115
1.370 	18.724301
1.371 	17.544807
1.372 	17.692180
1.373 	18.325221
1.374 	18.022323
1.375 	16.746497
1.376 	15.933879
1.377 	16.004757
1.378 	16.252274
1.379 	16.328779
1.380 	16.266350
1.381 	16.156179
1.382 	15.493981
1.383 	14.573612
1.384 	14.282663
1.385 	14.156347
1.386 	13.915002
1.387 	14.638326
1.388 	15.755359
1.389 	15.918276
1.390 	15.416815
1.391 	14.887356
1.392 	14.208390
1.393 	14.011605
1.394 	14.555619
1.395 	14.419167
1.396 	13.037207
1.397 	12.122304
1.398 	12.852812
1.399 	14.142896
1.400 	14.602482
1.401 	14.358829
1.402 	14.222632
1.403 	14.304061
1.404 	14.322835
1.405 	14.123767
1.406 	13.669608
1.407 	13.169414
1.408 	12.979085
1.409 	12.750604
1.410 	12.180674
1.411 	12.144258
1.412 	12.837902
1.413 	13.671325
1.414 	13.897524
1.415 	13.560862
1.416 	13.146609
1.417 	12.664064
1.418 	12.525223
1.419 	12.678228
1.420 	12.821450
1.421 	13.104575
1.422 	13.406617
1.423 	13.002988
1.424 	11.866502
1.425 	11.058536
1.426 	11.499024
1.427 	13.135849
1.428 	14.198578
1.429 	13.817990
1.430 	12.950849
1.431 	12.222852
1.432 	11.737084
1.433 	11.302677
1.434 	11.466160
1.435 	12.569098
1.436 	13.307390
1.437 	12.860160
1.438 	12.824370
1.439 	13.625246
1.440 	13.609240
1.441 	12.867284
1.442 	12.371350
1.443 	11.939945
1.444 	11.619242
1.445 	11.966479
1.446 	12.690679
1.447 	12.913507
1.448 	12.831067
1.449 	13.060546
1.450 	12.756554
1.451 	11.804244
1.452 	11.245925
1.453 	11.806499
1.454 	13.090569
1.455 	13.867907
1.456 	14.141914
1.457 	13.613961
1.458 	12.343606
1.459 	11.972415
1.460 	12.055471
1.461 	11.701520
1.462 	11.844787
1.463 	12.958398
1.464 	13.998183
1.465 	13.910357
1.466 	13.412793
1.467 	12.456747
1.468 	11.447094
1.469 	12.257570
1.470 	13.841564
1.471 	14.235573
1.472 	13.666472
1.473 	13.413400
1.474 	13.741949
1.475 	13.973480
1.476 	13.581205
1.477 	12.475355
1.478 	11.900430
1.479 	12.425523
1.480 	13.387081
1.481 	13.847083
1.482 	13.367430
1.483 	13.125915
1.484 	13.713475
1.485 	14.036011
1.486 	13.928339
1.487 	13.778145
1.488 	13.302100
1.489 	12.994601
1.490 	12.955440
1.491 	13.010132
1.492 	13.659660
1.493 	14.470861
1.494 	14.325533
1.495 	13.785539
1.496 	13.193266
1.497 	12.771731
1.498 	13.141599
1.499 	14.503975
1.500 	15.797002
1.501 	15.424382
1.502 	13.669244
1.503 	13.564044
1.504 	14.983917
1.505 	15.091408
1.506 	14.883772
1.507 	14.931726
1.508 	15.204718
1.509 	15.856687
1.510 	14.809625
1.511 	12.816820
1.512 	11.641939
1.513 	12.265605
1.514 	14.322667
1.515 	16.011884
1.516 	16.134671
1.517 	15.264160
1.518 	15.149396
1.519 	15.844379
1.520 	15.096583
1.521 	13.540917
1.522 	13.019364
1.523 	13.471387
1.524 	14.834639
1.525 	15.248450
1.526 	14.527693
1.527 	14.360563
1.528 	15.142305
1.529 	16.553754
1.530 	16.207100
1.531 	14.903820
1.532 	14.923293
1.533 	16.018055
1.534 	15.954892
1.535 	14.522354
1.536 	14.353781
1.537 	15.964335
1.538 	16.585699
1.539 	15.876604
1.540 	14.845873
1.541 	14.982692
1.542 	16.580873
1.543 	17.218905
1.544 	16.190219
1.545 	15.023522
1.546 	13.706746
1.547 	13.209024
1.548 	14.170739
1.549 	15.223450
1.550 	15.305482
1.551 	15.182217
1.552 	15.305303
1.553 	15.208205
1.554 	15.449555
1.555 	15.687911
1.556 	15.607591
1.557 	16.299562
1.558 	16.448878
1.559 	16.698396
1.560 	17.478145
1.561 	18.593492
1.562 	19.085202
1.563 	17.831641
1.564 	16.384037
1.565 	14.955681
1.566 	13.760396
1.567 	14.122642
1.568 	15.524488
1.569 	16.540465
1.570 	17.491192
1.571 	16.994369
1.572 	15.841827
1.573 	16.196998
1.574 	16.069145
1.575 	16.232887
1.576 	17.141089
1.577 	17.032242
1.578 	16.325614
1.579 	16.877937
1.580 	17.706214
1.581 	18.117963
1.582 	16.353538
1.583 	15.213583
1.584 	17.068121
1.585 	17.190446
1.586 	16.877946
1.587 	16.691463
1.588 	15.325429
1.589 	16.231695
1.590 	17.992473
1.591 	17.586248
1.592 	17.302890
1.593 	19.258085
1.594 	18.745018
1.595 	15.438844
1.596 	13.863569
1.597 	15.993616
1.598 	16.272363
1.599 	15.541433
1.600 	18.497884
1.601 	20.236672
1.602 	18.621379
1.603 	17.033367
1.604 	16.182308
1.605 	17.097539
1.606 	17.483291
1.607 	17.167515
1.608 	18.089238
1.609 	18.856230
1.610 	20.004760
1.611 	19.838654
1.612 	16.449648
1.613 	15.277045
1.614 	17.067913
1.615 	18.285170
1.616 	20.389561
1.617 	19.995707
1.618 	17.545532
1.619 	17.255713
1.620 	20.080416
1.621 	20.766763
1.622 	18.347880
1.623 	16.860296
1.624 	16.361317
1.625 	17.554736
1.626 	17.498379
1.627 	17.685237
1.628 	19.547018
1.629 	17.461788
1.630 	14.603619
1.631 	15.961697
1.632 	18.880875
1.633 	20.216132
1.634 	19.713938
1.635 	18.687288
1.636 	16.714740
1.637 	16.579716
1.638 	18.233900
1.639 	20.012631
1.640 	20.395942
1.641 	18.589411
1.642 	15.199398
1.643 	14.044422
1.644 	16.580580
1.645 	18.375273
1.646 	19.484169
1.647 	19.028377
1.648 	16.675524
1.649 	15.896823
1.650 	16.867809
1.651 	19.273223
1.652 	20.582002
1.653 	17.601763
1.654 	14.382519
1.655 	18.034993
1.656 	19.839507
1.657 	16.685967
1.658 	17.741490
1.659 	18.726612
1.660 	17.894467
1.661 	17.617174
1.662 	18.633012
1.663 	19.606215
1.664 	16.099068
1.665 	19.093551
1.666 	22.279431
1.667 	20.189941
1.668 	19.538603
1.669 	21.196285
1.670 	17.541575
1.671 	16.523205
1.672 	19.203454
1.673 	19.430138
1.674 	20.105701
1.675 	16.879506
1.676 	20.387835
1.677 	15.478752
1.678 	9.858835
1.679 	14.279457
1.680 	22.884145
1.681 	24.189585
1.682 	21.131559
1.683 	7.977884
1.684 	7.455295
1.685 	21.893454
1.686 	24.951200
1.687 	15.429822
1.688 	17.397216
1.689 	13.921458
1.690 	20.935076
1.691 	16.814292
1.692 	15.431086
1.693 	15.758464
1.694 	20.107121
1.695 	25.862883
1.696 	23.479810
1.697 	21.876348
1.698 	24.682926
1.699 	23.102134
1.700 	20.334557
