0.660 	49.449492
0.661 	44.253522
0.662 	46.650218
0.663 	49.158569
0.664 	50.148197
0.665 	45.720403
0.666 	47.979628
0.667 	46.054522
0.668 	48.156964
0.669 	50.078925
0.670 	44.993531
0.671 	45.137091
0.672 	47.778057
0.673 	47.945966
0.674 	45.934506
0.675 	46.353973
0.676 	46.334692
0.677 	46.632607
0.678 	46.607484
0.679 	44.635242
0.680 	46.421992
0.681 	48.705883
0.682 	45.921864
0.683 	44.529523
0.684 	43.427748
0.685 	46.738881
0.686 	48.078823
0.687 	47.647972
0.688 	47.462367
0.689 	47.705694
0.690 	45.848411
0.691 	45.963211
0.692 	45.965200
0.693 	47.451818
0.694 	47.226734
0.695 	45.315129
0.696 	46.633416
0.697 	46.917931
0.698 	44.168421
0.699 	44.280366
0.700 	44.463407
0.701 	46.201130
0.702 	47.311928
0.703 	45.827348
0.704 	45.067705
0.705 	44.962627
0.706 	45.164946
0.707 	45.908249
0.708 	45.905273
0.709 	45.312576
0.710 	45.179052
0.711 	46.461987
0.712 	46.847044
0.713 	46.009558
0.714 	45.290051
0.715 	44.932259
0.716 	43.484010
0.717 	44.946361
0.718 	46.102009
0.719 	45.868651
0.720 	44.296597
0.721 	44.067913
0.722 	44.621081
0.723 	45.019428
0.724 	44.793957
0.725 	45.234191
0.726 	45.101451
0.727 	44.936905
0.728 	44.046075
0.729 	43.665160
0.730 	44.853279
0.731 	44.654056
0.732 	43.298519
0.733 	44.023844
0.734 	44.900899
0.735 	45.083399
0.736 	44.347907
0.737 	43.420130
0.738 	44.127004
0.739 	44.378833
0.740 	43.965368
0.741 	44.602888
0.742 	44.171445
0.743 	43.691173
0.744 	44.908212
0.745 	44.045467
0.746 	42.835312
0.747 	42.609201
0.748 	42.823233
0.749 	43.166430
0.750 	43.371496
0.751 	43.496491
0.752 	43.690356
0.753 	42.924360
0.754 	43.371099
0.755 	44.528378
0.756 	44.455581
0.757 	43.919655
0.758 	43.697598
0.759 	43.571613
0.760 	42.726753
0.761 	42.485222
0.762 	42.956105
0.763 	42.891632
0.764 	42.127800
0.765 	42.638136
0.766 	43.273569
0.767 	43.261345
0.768 	43.128916
0.769 	42.685448
0.770 	42.501068
0.771 	42.191157
0.772 	42.598628
0.773 	42.931895
0.774 	43.130772
0.775 	43.503379
0.776 	43.978101
0.777 	43.712242
0.778 	42.536087
0.779 	41.988815
0.780 	42.226528
0.781 	41.828995
0.782 	41.540405
0.783 	42.493680
0.784 	43.456466
0.785 	43.519320
0.786 	43.330241
0.787 	43.150866
0.788 	43.293100
0.789 	43.036470
0.790 	42.369193
0.791 	42.555497
0.792 	43.174119
0.793 	42.735350
0.794 	42.170248
0.795 	42.380303
0.796 	42.679121
0.797 	42.821201
0.798 	42.804603
0.799 	42.127520
0.800 	41.266574
0.801 	41.148454
0.802 	42.337733
0.803 	43.302787
0.804 	43.316156
0.805 	43.031763
0.806 	42.795278
0.807 	42.193782
0.808 	41.696897
0.809 	41.640792
0.810 	41.511653
0.811 	41.956209
0.812 	42.254173
0.813 	42.022825
0.814 	42.138931
0.815 	41.873973
0.816 	41.089255
0.817 	40.891869
0.818 	41.393970
0.819 	41.698718
0.820 	41.246742
0.821 	41.181748
0.822 	41.739217
0.823 	41.956677
0.824 	41.961966
0.825 	42.053368
0.826 	42.165425
0.827 	42.063162
0.828 	41.636916
0.829 	41.038010
0.830 	40.679799
0.831 	40.454413
0.832 	40.100338
0.833 	40.009945
0.834 	40.193960
0.835 	40.451470
0.836 	40.980389
0.837 	41.282661
0.838 	40.995104
0.839 	40.430313
0.840 	40.021624
0.841 	40.121114
0.842 	40.206959
0.843 	40.476918
0.844 	40.925619
0.845 	41.061995
0.846 	40.990000
0.847 	40.850744
0.848 	40.796193
0.849 	40.722558
0.850 	40.542859
0.851 	39.946243
0.852 	39.258860
0.853 	39.306260
0.854 	39.858511
0.855 	40.332025
0.856 	40.618821
0.857 	40.934028
0.858 	41.301567
0.859 	41.354307
0.860 	41.355718
0.861 	41.052564
0.862 	40.218430
0.863 	39.342781
0.864 	38.903884
0.865 	38.863584
0.866 	38.864146
0.867 	39.016303
0.868 	39.382059
0.869 	39.603321
0.870 	39.638225
0.871 	39.557598
0.872 	39.393476
0.873 	39.294710
0.874 	39.153260
0.875 	39.179424
0.876 	39.378557
0.877 	39.158897
0.878 	38.710522
0.879 	38.862282
0.880 	39.569560
0.881 	40.072187
0.882 	39.875182
0.883 	39.220399
0.884 	38.648791
0.885 	38.570684
0.886 	38.823370
0.887 	39.142865
0.888 	39.705985
0.889 	39.825889
0.890 	38.972872
0.891 	38.249072
0.892 	38.545256
0.893 	39.432288
0.894 	39.811104
0.895 	39.157477
0.896 	38.172732
0.897 	37.905444
0.898 	38.241848
0.899 	38.308307
0.900 	38.245879
0.901 	38.516438
0.902 	38.914393
0.903 	39.004917
0.904 	38.791423
0.905 	38.319414
0.906 	37.844829
0.907 	37.764104
0.908 	37.836476
0.909 	37.668350
0.910 	37.675151
0.911 	37.837578
0.912 	37.936065
0.913 	37.884085
0.914 	37.586161
0.915 	37.545893
0.916 	38.105639
0.917 	38.775085
0.918 	38.508972
0.919 	37.469382
0.920 	37.127888
0.921 	37.751764
0.922 	38.387996
0.923 	38.129549
0.924 	37.193276
0.925 	36.613410
0.926 	36.512496
0.927 	36.740592
0.928 	37.418170
0.929 	38.069766
0.930 	38.462749
0.931 	38.428449
0.932 	38.009650
0.933 	37.427038
0.934 	36.973951
0.935 	36.688938
0.936 	36.383878
0.937 	36.088483
0.938 	36.435894
0.939 	36.820598
0.940 	36.780283
0.941 	36.677448
0.942 	36.663506
0.943 	36.591064
0.944 	36.433166
0.945 	36.628920
0.946 	36.961523
0.947 	37.254962
0.948 	37.088908
0.949 	36.366631
0.950 	35.775099
0.951 	35.585040
0.952 	36.123451
0.953 	36.496974
0.954 	36.581539
0.955 	36.009056
0.956 	35.896489
0.957 	36.615607
0.958 	36.863580
0.959 	36.665888
0.960 	36.573541
0.961 	36.584889
0.962 	36.362311
0.963 	36.687343
0.964 	37.255816
0.965 	37.389331
0.966 	36.687095
0.967 	36.113905
0.968 	36.476702
0.969 	36.859482
0.970 	37.603685
0.971 	37.757342
0.972 	36.985970
0.973 	36.531258
0.974 	36.832510
0.975 	36.784910
0.976 	36.779231
0.977 	37.102889
0.978 	37.069371
0.979 	37.534167
0.980 	37.996949
0.981 	37.679443
0.982 	37.505796
0.983 	37.577626
0.984 	38.008123
0.985 	38.602823
0.986 	38.693286
0.987 	38.315009
0.988 	38.124496
0.989 	38.456869
0.990 	37.442417
0.991 	36.713959
0.992 	37.469586
0.993 	38.147846
0.994 	38.122309
0.995 	37.911208
0.996 	38.002386
0.997 	38.179248
0.998 	38.436467
0.999 	38.495482
1.000 	38.155308
1.001 	38.479039
1.002 	38.729160
1.003 	38.394418
1.004 	38.543365
1.005 	38.687110
1.006 	39.243949
1.007 	39.210424
1.008 	38.396185
1.009 	38.236018
1.010 	39.193408
1.011 	40.079283
1.012 	40.035935
1.013 	39.678724
1.014 	39.016497
1.015 	38.031553
1.016 	37.786266
1.017 	37.775479
1.018 	38.758032
1.019 	39.686773
1.020 	39.707350
1.021 	39.984459
1.022 	40.089422
1.023 	39.409192
1.024 	39.103582
1.025 	39.480385
1.026 	39.820306
1.027 	39.522534
1.028 	39.050172
1.029 	38.786643
1.030 	38.484454
1.031 	39.053089
1.032 	39.712279
1.033 	39.432565
1.034 	39.506520
1.035 	39.904198
1.036 	39.729377
1.037 	39.344680
1.038 	39.425850
1.039 	39.681138
1.040 	39.779275
1.041 	39.834558
1.042 	40.407492
1.043 	40.504400
1.044 	39.747133
1.045 	39.936884
1.046 	40.590543
1.047 	40.648956
1.048 	40.171049
1.049 	39.559518
1.050 	38.884605
1.051 	38.762578
1.052 	39.229938
1.053 	39.381365
1.054 	39.274977
1.055 	39.434319
1.056 	39.646162
1.057 	39.707150
1.058 	39.554665
1.059 	39.164904
1.060 	39.390440
1.061 	39.451519
1.062 	38.957381
1.063 	39.127077
1.064 	39.846440
1.065 	40.180653
1.066 	39.891672
1.067 	39.392674
1.068 	39.230994
1.069 	39.304356
1.070 	39.211129
1.071 	39.070503
1.072 	39.102430
1.073 	39.102044
1.074 	39.167270
1.075 	39.431740
1.076 	39.676747
1.077 	39.619197
1.078 	39.485224
1.079 	39.459273
1.080 	39.469957
1.081 	39.631973
1.082 	40.472808
1.083 	40.689165
1.084 	39.916044
1.085 	39.413542
1.086 	39.201559
1.087 	39.244865
1.088 	39.274412
1.089 	39.054196
1.090 	38.827776
1.091 	38.836116
1.092 	39.233156
1.093 	39.524066
1.094 	39.454929
1.095 	39.134792
1.096 	38.933627
1.097 	39.239944
1.098 	39.373116
1.099 	38.825967
1.100 	38.408880
1.101 	38.711295
1.102 	39.155883
1.103 	39.220597
1.104 	39.083071
1.105 	39.022876
1.106 	39.167583
1.107 	39.379136
1.108 	39.187213
1.109 	38.878803
1.110 	38.960986
1.111 	39.038630
1.112 	38.680358
1.113 	38.409608
1.114 	38.586019
1.115 	38.520590
1.116 	38.448056
1.117 	38.830679
1.118 	38.811500
1.119 	38.277535
1.120 	38.079286
1.121 	38.104334
1.122 	37.886093
1.123 	37.838582
1.124 	37.585514
1.125 	36.759508
1.126 	36.100865
1.127 	36.261804
1.128 	36.773331
1.129 	36.764072
1.130 	36.582709
1.131 	36.522730
1.132 	36.367021
1.133 	36.529991
1.134 	37.081594
1.135 	37.174988
1.136 	36.462327
1.137 	35.363328
1.138 	34.315209
1.139 	34.034902
1.140 	34.350718
1.141 	34.497628
1.142 	34.476216
1.143 	34.630749
1.144 	34.657443
1.145 	34.192167
1.146 	33.711548
1.147 	33.731496
1.148 	33.839077
1.149 	33.798883
1.150 	33.916362
1.151 	33.706643
1.152 	33.149091
1.153 	33.090248
1.154 	33.630854
1.155 	34.143153
1.156 	34.029847
1.157 	33.285494
1.158 	32.548830
1.159 	32.287641
1.160 	32.121963
1.161 	32.052171
1.162 	32.362872
1.163 	32.771457
1.164 	33.064868
1.165 	33.297707
1.166 	33.351784
1.167 	33.345564
1.168 	33.459509
1.169 	33.285574
1.170 	32.921108
1.171 	32.958626
1.172 	33.384033
1.173 	33.681107
1.174 	33.415692
1.175 	32.683243
1.176 	32.364745
1.177 	32.949184
1.178 	33.361686
1.179 	32.912183
1.180 	32.381421
1.181 	32.285010
1.182 	32.302181
1.183 	32.404527
1.184 	32.664833
1.185 	32.795710
1.186 	32.688041
1.187 	32.347964
1.188 	31.861741
1.189 	31.521988
1.190 	31.553630
1.191 	32.336986
1.192 	33.360467
1.193 	33.351573
1.194 	32.844230
1.195 	32.897478
1.196 	33.052734
1.197 	32.802040
1.198 	32.444629
1.199 	32.159491
1.200 	31.959234
1.201 	32.207161
1.202 	32.689879
1.203 	32.711180
1.204 	32.368151
1.205 	32.481854
1.206 	32.895516
1.207 	32.783489
1.208 	32.362539
1.209 	32.375968
1.210 	32.409035
1.211 	32.048354
1.212 	32.074858
1.213 	32.719696
1.214 	33.224351
1.215 	33.366764
1.216 	33.180285
1.217 	32.836275
1.218 	32.754807
1.219 	33.009887
1.220 	33.251209
1.221 	33.402736
1.222 	33.532851
1.223 	33.573229
1.224 	33.511213
1.225 	33.506180
1.226 	33.623001
1.227 	33.585559
1.228 	33.214180
1.229 	32.763737
1.230 	32.847567
1.231 	33.563963
1.232 	34.067188
1.233 	33.650837
1.234 	32.485085
1.235 	31.897083
1.236 	32.454487
1.237 	33.309206
1.238 	34.216078
1.239 	34.938766
1.240 	34.820650
1.241 	33.851655
1.242 	33.056241
1.243 	32.655756
1.244 	32.590011
1.245 	33.079841
1.246 	33.754199
1.247 	33.798687
1.248 	33.705977
1.249 	34.314870
1.250 	34.536776
1.251 	33.792667
1.252 	33.226699
1.253 	33.530684
1.254 	34.133143
1.255 	34.140543
1.256 	33.512698
1.257 	32.845769
1.258 	32.732627
1.259 	33.427548
1.260 	34.195776
1.261 	34.299018
1.262 	33.874394
1.263 	33.728508
1.264 	34.046454
1.265 	34.325163
1.266 	33.932224
1.267 	32.762929
1.268 	32.054073
1.269 	32.233410
1.270 	32.660484
1.271 	32.909050
1.272 	33.085244
1.273 	33.235997
1.274 	33.193220
1.275 	33.204416
1.276 	33.517824
1.277 	33.727189
1.278 	33.702468
1.279 	33.546247
1.280 	33.308777
1.281 	33.216747
1.282 	33.219326
1.283 	33.130080
1.284 	32.871557
1.285 	32.875319
1.286 	33.284741
1.287 	33.126348
1.288 	32.151877
1.289 	31.676452
1.290 	31.926532
1.291 	32.282559
1.292 	32.704842
1.293 	33.081193
1.294 	32.980648
1.295 	32.467134
1.296 	32.186829
1.297 	32.492348
1.298 	32.846023
1.299 	32.783028
1.300 	32.731150
1.301 	32.557238
1.302 	32.002760
1.303 	31.498525
1.304 	31.154874
1.305 	30.854444
1.306 	30.967699
1.307 	31.416154
1.308 	31.855648
1.309 	32.013406
1.310 	31.801666
1.311 	31.444551
1.312 	31.147345
1.313 	30.909330
1.314 	30.756891
1.315 	30.405669
1.316 	30.094636
1.317 	30.387580
1.318 	30.699048
1.319 	30.639943
1.320 	30.573100
1.321 	30.474836
1.322 	30.426217
1.323 	30.591468
1.324 	30.652982
1.325 	30.184885
1.326 	29.347773
1.327 	28.768925
1.328 	28.554441
1.329 	28.304658
1.330 	27.869556
1.331 	27.826250
1.332 	28.468887
1.333 	29.085990
1.334 	29.041259
1.335 	28.278537
1.336 	27.561652
1.337 	27.547697
1.338 	28.283033
1.339 	28.925619
1.340 	28.472558
1.341 	27.774448
1.342 	27.726313
1.343 	28.132067
1.344 	28.375629
1.345 	28.258466
1.346 	27.769272
1.347 	26.891999
1.348 	26.415834
1.349 	26.710479
1.350 	27.149573
1.351 	27.100911
1.352 	26.946477
1.353 	27.107407
1.354 	27.263330
1.355 	27.120867
1.356 	26.664351
1.357 	26.216454
1.358 	26.002848
1.359 	26.009363
1.360 	26.410297
1.361 	27.037205
1.362 	27.164612
1.363 	26.687109
1.364 	26.074560
1.365 	25.343584
1.366 	24.935653
1.367 	25.309548
1.368 	26.028834
1.369 	25.951950
1.370 	25.161529
1.371 	24.680449
1.372 	24.501885
1.373 	24.137831
1.374 	23.721508
1.375 	23.442763
1.376 	23.157111
1.377 	23.082000
1.378 	23.389770
1.379 	23.481637
1.380 	22.918571
1.381 	22.465444
1.382 	22.330046
1.383 	22.131971
1.384 	21.744870
1.385 	20.964493
1.386 	20.453874
1.387 	20.792835
1.388 	21.193923
1.389 	21.098797
1.390 	20.989792
1.391 	21.067989
1.392 	20.692634
1.393 	20.084595
1.394 	20.442288
1.395 	21.074021
1.396 	20.102499
1.397 	18.220725
1.398 	17.963080
1.399 	19.147414
1.400 	19.975462
1.401 	20.192029
1.402 	20.037242
1.403 	19.737656
1.404 	19.766652
1.405 	19.983183
1.406 	20.190699
1.407 	20.547577
1.408 	21.000763
1.409 	20.567306
1.410 	19.160217
1.411 	18.299325
1.412 	18.212891
1.413 	17.859922
1.414 	17.393139
1.415 	17.592559
1.416 	18.338909
1.417 	19.043604
1.418 	19.254996
1.419 	18.815853
1.420 	18.059348
1.421 	17.594080
1.422 	18.003626
1.423 	18.829200
1.424 	19.373703
1.425 	19.127777
1.426 	18.262330
1.427 	17.957555
1.428 	18.325681
1.429 	18.464693
1.430 	18.683539
1.431 	19.258667
1.432 	19.282568
1.433 	18.764238
1.434 	18.615886
1.435 	19.255452
1.436 	19.890968
1.437 	19.815309
1.438 	19.551750
1.439 	19.371546
1.440 	18.475046
1.441 	17.414094
1.442 	17.134648
1.443 	17.250090
1.444 	17.665458
1.445 	18.642396
1.446 	19.937005
1.447 	20.482309
1.448 	19.916296
1.449 	19.355911
1.450 	18.657884
1.451 	17.267850
1.452 	16.491815
1.453 	17.360368
1.454 	19.011401
1.455 	20.179733
1.456 	20.236080
1.457 	19.050093
1.458 	18.153466
1.459 	18.841074
1.460 	19.475597
1.461 	19.249654
1.462 	18.960892
1.463 	18.500447
1.464 	17.970579
1.465 	17.949620
1.466 	18.569319
1.467 	18.769138
1.468 	18.329095
1.469 	18.952447
1.470 	19.873699
1.471 	19.331920
1.472 	18.207444
1.473 	18.980319
1.474 	21.329159
1.475 	22.679978
1.476 	21.571420
1.477 	18.505623
1.478 	16.433912
1.479 	17.459278
1.480 	19.800289
1.481 	20.665903
1.482 	20.198639
1.483 	20.076113
1.484 	20.661747
1.485 	20.643912
1.486 	19.446814
1.487 	18.498536
1.488 	18.497893
1.489 	18.947849
1.490 	19.257189
1.491 	19.487075
1.492 	19.681936
1.493 	19.517740
1.494 	19.594345
1.495 	19.928956
1.496 	20.536592
1.497 	21.174589
1.498 	20.422309
1.499 	19.902989
1.500 	20.266413
1.501 	19.885704
1.502 	18.958697
1.503 	19.650117
1.504 	21.606126
1.505 	21.594373
1.506 	19.587621
1.507 	18.643461
1.508 	20.074113
1.509 	21.335648
1.510 	20.298610
1.511 	19.462547
1.512 	19.933186
1.513 	20.548439
1.514 	20.630734
1.515 	20.878799
1.516 	20.673220
1.517 	19.822549
1.518 	19.939372
1.519 	20.665243
1.520 	20.661563
1.521 	20.821341
1.522 	21.144087
1.523 	21.061442
1.524 	21.064496
1.525 	21.376182
1.526 	21.270789
1.527 	20.754978
1.528 	20.920050
1.529 	21.977934
1.530 	21.939182
1.531 	20.611426
1.532 	19.934975
1.533 	20.621940
1.534 	20.380795
1.535 	19.073387
1.536 	18.873052
1.537 	20.676083
1.538 	22.291444
1.539 	21.998142
1.540 	21.707436
1.541 	22.584947
1.542 	22.851163
1.543 	22.343030
1.544 	22.354500
1.545 	22.662078
1.546 	22.418491
1.547 	21.367987
1.548 	20.723148
1.549 	21.162346
1.550 	21.465230
1.551 	21.296299
1.552 	22.027349
1.553 	23.301394
1.554 	23.276207
1.555 	21.955541
1.556 	21.145978
1.557 	22.167947
1.558 	23.823403
1.559 	24.559410
1.560 	23.528741
1.561 	21.630831
1.562 	21.195650
1.563 	21.796728
1.564 	22.062507
1.565 	21.567584
1.566 	21.813834
1.567 	23.003662
1.568 	23.276799
1.569 	21.947067
1.570 	22.380588
1.571 	23.577511
1.572 	23.423404
1.573 	23.125028
1.574 	22.406583
1.575 	21.975984
1.576 	22.723339
1.577 	23.539968
1.578 	22.908474
1.579 	22.517599
1.580 	23.272628
1.581 	23.471955
1.582 	21.850120
1.583 	22.110593
1.584 	23.725409
1.585 	23.506723
1.586 	24.058677
1.587 	23.496350
1.588 	22.405911
1.589 	23.525466
1.590 	24.499708
1.591 	23.057159
1.592 	21.806926
1.593 	23.441181
1.594 	23.627715
1.595 	22.629039
1.596 	23.824048
1.597 	24.277707
1.598 	23.181960
1.599 	22.637812
1.600 	23.229782
1.601 	23.725254
1.602 	23.368346
1.603 	23.848555
1.604 	24.345226
1.605 	24.089830
1.606 	22.528179
1.607 	22.694024
1.608 	24.436045
1.609 	23.784494
1.610 	22.716075
1.611 	22.843433
1.612 	23.208113
1.613 	23.128826
1.614 	22.480698
1.615 	22.414488
1.616 	23.835939
1.617 	24.304421
1.618 	26.315859
1.619 	27.080495
1.620 	25.349637
1.621 	25.253655
1.622 	23.717207
1.623 	22.564883
1.624 	21.879220
1.625 	24.566093
1.626 	25.539723
1.627 	23.945342
1.628 	23.172229
1.629 	22.004479
1.630 	21.629970
1.631 	23.746111
1.632 	25.493215
1.633 	23.885939
1.634 	23.231168
1.635 	25.574573
1.636 	24.693095
1.637 	23.759567
1.638 	24.632895
1.639 	27.030801
1.640 	26.660949
1.641 	25.567033
1.642 	23.573679
1.643 	22.834790
1.644 	22.496115
1.645 	22.661502
1.646 	24.417849
1.647 	26.305896
1.648 	23.917253
1.649 	22.861975
1.650 	24.335132
1.651 	27.051099
1.652 	26.936655
1.653 	22.004062
1.654 	19.152702
1.655 	24.140354
1.656 	26.793576
1.657 	25.923980
1.658 	26.233710
1.659 	26.144198
1.660 	23.177037
1.661 	21.339674
1.662 	24.824559
1.663 	28.354268
1.664 	24.739824
1.665 	22.904626
1.666 	22.619136
1.667 	24.424262
1.668 	27.641906
1.669 	24.561482
1.670 	24.265040
1.671 	22.695626
1.672 	24.981828
1.673 	26.221490
1.674 	26.065820
1.675 	22.859099
1.676 	22.752402
1.677 	17.936012
1.678 	19.750013
1.679 	28.701682
1.680 	26.018004
1.681 	30.441643
1.682 	31.019716
1.683 	20.831771
1.684 	8.025099
1.685 	21.222056
1.686 	27.832699
1.687 	24.912768
1.688 	22.545769
1.689 	24.631598
1.690 	23.279721
1.691 	18.577890
1.692 	17.937705
1.693 	17.339236
1.694 	16.383794
1.695 	25.731283
1.696 	28.885610
1.697 	22.782568
1.698 	38.847725
1.699 	41.902995
1.700 	25.987000
