0.660 	28.892773
0.661 	29.212604
0.662 	29.808322
0.663 	31.299050
0.664 	30.525455
0.665 	30.099582
0.666 	28.314243
0.667 	29.393181
0.668 	29.751566
0.669 	29.916250
0.670 	30.383881
0.671 	29.139775
0.672 	26.815480
0.673 	29.311537
0.674 	30.801875
0.675 	30.301753
0.676 	31.330872
0.677 	30.846605
0.678 	28.864831
0.679 	27.332301
0.680 	29.066936
0.681 	30.827109
0.682 	31.110973
0.683 	30.051500
0.684 	28.754607
0.685 	30.041365
0.686 	30.516549
0.687 	29.349841
0.688 	29.096511
0.689 	30.487702
0.690 	31.571948
0.691 	30.557892
0.692 	29.632983
0.693 	29.713724
0.694 	29.476475
0.695 	29.477645
0.696 	28.758830
0.697 	29.499178
0.698 	29.226986
0.699 	28.228947
0.700 	29.114108
0.701 	30.722865
0.702 	31.365590
0.703 	29.942123
0.704 	28.143193
0.705 	27.373568
0.706 	27.964932
0.707 	28.855723
0.708 	28.138629
0.709 	28.559586
0.710 	30.137293
0.711 	30.694071
0.712 	30.198465
0.713 	29.603228
0.714 	29.928511
0.715 	29.597881
0.716 	28.400749
0.717 	28.408317
0.718 	28.380678
0.719 	28.497600
0.720 	29.446243
0.721 	29.251476
0.722 	29.283081
0.723 	30.110113
0.724 	30.003079
0.725 	29.444999
0.726 	29.267782
0.727 	29.250192
0.728 	28.683347
0.729 	27.557687
0.730 	28.005878
0.731 	28.448849
0.732 	28.855800
0.733 	29.323756
0.734 	29.177584
0.735 	28.818202
0.736 	28.841858
0.737 	28.835177
0.738 	28.487200
0.739 	27.911587
0.740 	27.872305
0.741 	28.501434
0.742 	28.194313
0.743 	27.792613
0.744 	28.330836
0.745 	28.898635
0.746 	28.662838
0.747 	27.944477
0.748 	27.938177
0.749 	28.620200
0.750 	29.107106
0.751 	29.078421
0.752 	28.910227
0.753 	28.129251
0.754 	27.798467
0.755 	28.714765
0.756 	29.297977
0.757 	28.929842
0.758 	28.558634
0.759 	28.926221
0.760 	29.381250
0.761 	29.019076
0.762 	28.196098
0.763 	27.867404
0.764 	28.082562
0.765 	28.457413
0.766 	28.468039
0.767 	27.606088
0.768 	26.837258
0.769 	26.884456
0.770 	27.568984
0.771 	27.921384
0.772 	28.098638
0.773 	28.580455
0.774 	28.578433
0.775 	28.686528
0.776 	29.005398
0.777 	28.963730
0.778 	28.916178
0.779 	28.802286
0.780 	28.485999
0.781 	28.030417
0.782 	27.424326
0.783 	26.748367
0.784 	26.770520
0.785 	28.090714
0.786 	29.393559
0.787 	29.104702
0.788 	27.961322
0.789 	27.742111
0.790 	28.378354
0.791 	28.656477
0.792 	28.358744
0.793 	28.098650
0.794 	28.199284
0.795 	28.311330
0.796 	28.137773
0.797 	27.862551
0.798 	27.865592
0.799 	27.607634
0.800 	27.154946
0.801 	27.423721
0.802 	27.972093
0.803 	28.085985
0.804 	27.822687
0.805 	27.735438
0.806 	27.970296
0.807 	27.986988
0.808 	27.555243
0.809 	27.264677
0.810 	27.454048
0.811 	27.796581
0.812 	27.722562
0.813 	26.951257
0.814 	26.582487
0.815 	27.126602
0.816 	27.528886
0.817 	27.721259
0.818 	27.877239
0.819 	27.827172
0.820 	27.592216
0.821 	27.209552
0.822 	26.973987
0.823 	26.900666
0.824 	26.970286
0.825 	27.158230
0.826 	27.494093
0.827 	27.702501
0.828 	27.454329
0.829 	26.832536
0.830 	26.533310
0.831 	27.101991
0.832 	27.515394
0.833 	26.925638
0.834 	26.277163
0.835 	26.415738
0.836 	27.181334
0.837 	27.981854
0.838 	28.274664
0.839 	28.050500
0.840 	27.414802
0.841 	26.527495
0.842 	25.983779
0.843 	26.310478
0.844 	27.085213
0.845 	27.473376
0.846 	27.287756
0.847 	27.165286
0.848 	27.241045
0.849 	27.002434
0.850 	26.560359
0.851 	26.342391
0.852 	26.407080
0.853 	26.865897
0.854 	27.364905
0.855 	27.559960
0.856 	27.771651
0.857 	27.799361
0.858 	27.157151
0.859 	26.273972
0.860 	26.121316
0.861 	26.626550
0.862 	26.843506
0.863 	26.445643
0.864 	26.024196
0.865 	26.047372
0.866 	26.503389
0.867 	26.635549
0.868 	26.216691
0.869 	25.847776
0.870 	25.978498
0.871 	26.381313
0.872 	26.388836
0.873 	26.116397
0.874 	26.103412
0.875 	26.370184
0.876 	26.331026
0.877 	25.732411
0.878 	25.582754
0.879 	26.344304
0.880 	26.854065
0.881 	26.879672
0.882 	27.036459
0.883 	27.357557
0.884 	27.361135
0.885 	26.657143
0.886 	26.171533
0.887 	26.514866
0.888 	26.683387
0.889 	26.205822
0.890 	25.938904
0.891 	26.258625
0.892 	26.445012
0.893 	26.406358
0.894 	26.592105
0.895 	26.811054
0.896 	26.564404
0.897 	26.114402
0.898 	25.828704
0.899 	25.509051
0.900 	25.431981
0.901 	25.952291
0.902 	26.667792
0.903 	26.813529
0.904 	26.542981
0.905 	26.169077
0.906 	25.558586
0.907 	24.869286
0.908 	24.723960
0.909 	25.396360
0.910 	26.044261
0.911 	26.269409
0.912 	26.101327
0.913 	25.681466
0.914 	25.313862
0.915 	25.338896
0.916 	25.479885
0.917 	25.470190
0.918 	25.459883
0.919 	25.592682
0.920 	25.631023
0.921 	25.338926
0.922 	24.722232
0.923 	24.344295
0.924 	24.640645
0.925 	25.202043
0.926 	25.362710
0.927 	25.263000
0.928 	24.853909
0.929 	24.163961
0.930 	23.907520
0.931 	24.641875
0.932 	25.469729
0.933 	25.549876
0.934 	25.188335
0.935 	25.173233
0.936 	25.025192
0.937 	24.249218
0.938 	23.653712
0.939 	24.135701
0.940 	25.071513
0.941 	25.505381
0.942 	25.320494
0.943 	25.035586
0.944 	24.569595
0.945 	24.290437
0.946 	24.573835
0.947 	24.777924
0.948 	24.577867
0.949 	24.344283
0.950 	24.183375
0.951 	23.771875
0.952 	23.445031
0.953 	23.449812
0.954 	23.655131
0.955 	23.656987
0.956 	23.531756
0.957 	23.597768
0.958 	23.481716
0.959 	23.601755
0.960 	23.858286
0.961 	23.816015
0.962 	23.669062
0.963 	23.773214
0.964 	23.969074
0.965 	23.799068
0.966 	23.703417
0.967 	24.301546
0.968 	24.577547
0.969 	24.085649
0.970 	23.667010
0.971 	23.869443
0.972 	23.770307
0.973 	23.478491
0.974 	23.934639
0.975 	24.597473
0.976 	24.277124
0.977 	23.406511
0.978 	22.691217
0.979 	22.678040
0.980 	23.122952
0.981 	23.785545
0.982 	24.265790
0.983 	24.277873
0.984 	24.414542
0.985 	24.530238
0.986 	24.250924
0.987 	23.911127
0.988 	23.945626
0.989 	24.063449
0.990 	23.377430
0.991 	22.914522
0.992 	23.380609
0.993 	24.035560
0.994 	24.083363
0.995 	23.816913
0.996 	23.636534
0.997 	23.646860
0.998 	23.640972
0.999 	23.546494
1.000 	23.261679
1.001 	23.244858
1.002 	23.521377
1.003 	23.900994
1.004 	24.250157
1.005 	24.276572
1.006 	24.208129
1.007 	23.951987
1.008 	23.706401
1.009 	23.632751
1.010 	23.856446
1.011 	24.229612
1.012 	24.664138
1.013 	24.826690
1.014 	24.393638
1.015 	23.913131
1.016 	24.005058
1.017 	23.809565
1.018 	23.458124
1.019 	23.844776
1.020 	23.995551
1.021 	23.733010
1.022 	23.711631
1.023 	24.012604
1.024 	24.148178
1.025 	23.970734
1.026 	23.750296
1.027 	23.692923
1.028 	23.932378
1.029 	23.902149
1.030 	23.694699
1.031 	23.774059
1.032 	23.836954
1.033 	23.680768
1.034 	23.364995
1.035 	23.439066
1.036 	23.994524
1.037 	24.419547
1.038 	24.265712
1.039 	24.036422
1.040 	24.179482
1.041 	24.061790
1.042 	23.546852
1.043 	23.639909
1.044 	24.119413
1.045 	23.959781
1.046 	23.475175
1.047 	23.511593
1.048 	23.765243
1.049 	23.756035
1.050 	23.809021
1.051 	24.060874
1.052 	24.249249
1.053 	24.305355
1.054 	24.315721
1.055 	24.044642
1.056 	23.797788
1.057 	23.863249
1.058 	23.891944
1.059 	23.861226
1.060 	24.045822
1.061 	24.524139
1.062 	24.681089
1.063 	24.357975
1.064 	24.111699
1.065 	24.262950
1.066 	24.646388
1.067 	24.656921
1.068 	24.311309
1.069 	24.162372
1.070 	23.950910
1.071 	23.601295
1.072 	23.502892
1.073 	23.778882
1.074 	24.309051
1.075 	24.402382
1.076 	23.935083
1.077 	23.575061
1.078 	23.517975
1.079 	23.664122
1.080 	23.869000
1.081 	23.992699
1.082 	24.012872
1.083 	24.168494
1.084 	24.306000
1.085 	23.609098
1.086 	22.790673
1.087 	22.803900
1.088 	23.298514
1.089 	23.569782
1.090 	23.389632
1.091 	23.190967
1.092 	23.281854
1.093 	23.390959
1.094 	23.194864
1.095 	22.842263
1.096 	22.916421
1.097 	23.668071
1.098 	24.522033
1.099 	24.766727
1.100 	24.376478
1.101 	23.563227
1.102 	22.895922
1.103 	22.818248
1.104 	23.042337
1.105 	23.262369
1.106 	23.496145
1.107 	23.486482
1.108 	23.102673
1.109 	22.645565
1.110 	22.610765
1.111 	23.072681
1.112 	23.406518
1.113 	23.136109
1.114 	22.654719
1.115 	22.481467
1.116 	22.516574
1.117 	22.588966
1.118 	22.612523
1.119 	22.696610
1.120 	23.053069
1.121 	23.251451
1.122 	22.857886
1.123 	22.179756
1.124 	21.776121
1.125 	21.858716
1.126 	21.838100
1.127 	21.570066
1.128 	21.426114
1.129 	21.277739
1.130 	21.093230
1.131 	21.215765
1.132 	21.520914
1.133 	21.457547
1.134 	21.013094
1.135 	20.674509
1.136 	20.456129
1.137 	20.138636
1.138 	20.167961
1.139 	20.798041
1.140 	21.235350
1.141 	21.041290
1.142 	20.736551
1.143 	20.626462
1.144 	20.539762
1.145 	20.442418
1.146 	20.176354
1.147 	19.824485
1.148 	19.867045
1.149 	20.340654
1.150 	20.941022
1.151 	21.043553
1.152 	20.593449
1.153 	20.078364
1.154 	19.962762
1.155 	20.084760
1.156 	20.122434
1.157 	20.488720
1.158 	21.108879
1.159 	21.168770
1.160 	20.818182
1.161 	20.434608
1.162 	20.097073
1.163 	19.958330
1.164 	20.086966
1.165 	20.368470
1.166 	20.620073
1.167 	20.345838
1.168 	20.016904
1.169 	20.217576
1.170 	20.326375
1.171 	19.970990
1.172 	19.531835
1.173 	19.299471
1.174 	19.366289
1.175 	19.888703
1.176 	20.640671
1.177 	21.107587
1.178 	20.986275
1.179 	20.430447
1.180 	19.853892
1.181 	19.830140
1.182 	20.127672
1.183 	20.325196
1.184 	20.394875
1.185 	20.357102
1.186 	20.094921
1.187 	19.763025
1.188 	19.609906
1.189 	19.634982
1.190 	19.792080
1.191 	20.031034
1.192 	20.144623
1.193 	20.015631
1.194 	19.918580
1.195 	20.393177
1.196 	21.470452
1.197 	21.942791
1.198 	21.237799
1.199 	20.223558
1.200 	19.699560
1.201 	19.715376
1.202 	19.892488
1.203 	19.920928
1.204 	19.846070
1.205 	19.854857
1.206 	19.982003
1.207 	20.020010
1.208 	19.929101
1.209 	19.972183
1.210 	20.025661
1.211 	20.244912
1.212 	20.943602
1.213 	21.479719
1.214 	20.983558
1.215 	20.201481
1.216 	20.082263
1.217 	20.637538
1.218 	21.092075
1.219 	21.192451
1.220 	21.404561
1.221 	21.851571
1.222 	21.993222
1.223 	21.359936
1.224 	20.485122
1.225 	20.142492
1.226 	20.739236
1.227 	21.510093
1.228 	21.747893
1.229 	21.243018
1.230 	20.636638
1.231 	20.501894
1.232 	21.006652
1.233 	21.474570
1.234 	21.565365
1.235 	21.457159
1.236 	21.541299
1.237 	21.552990
1.238 	21.029240
1.239 	20.481193
1.240 	20.302389
1.241 	20.304086
1.242 	20.558417
1.243 	20.971639
1.244 	21.101320
1.245 	20.964074
1.246 	20.952248
1.247 	21.060356
1.248 	20.886019
1.249 	20.610495
1.250 	20.669919
1.251 	20.998127
1.252 	21.136786
1.253 	21.091458
1.254 	21.086573
1.255 	21.194201
1.256 	21.422613
1.257 	21.639019
1.258 	21.838267
1.259 	21.983133
1.260 	21.768606
1.261 	21.525237
1.262 	21.344551
1.263 	20.728610
1.264 	19.736057
1.265 	18.979594
1.266 	19.399539
1.267 	20.828984
1.268 	21.949001
1.269 	22.212827
1.270 	21.914082
1.271 	21.393772
1.272 	20.943289
1.273 	20.681179
1.274 	20.322556
1.275 	20.151131
1.276 	20.364320
1.277 	20.370222
1.278 	20.136519
1.279 	19.833325
1.280 	19.665082
1.281 	19.986865
1.282 	20.524551
1.283 	20.797036
1.284 	21.106146
1.285 	21.486374
1.286 	21.511196
1.287 	21.141561
1.288 	20.538360
1.289 	20.045301
1.290 	19.826467
1.291 	19.717295
1.292 	19.558586
1.293 	19.516280
1.294 	19.637840
1.295 	19.725913
1.296 	19.997987
1.297 	20.823233
1.298 	21.553452
1.299 	21.169308
1.300 	19.888980
1.301 	19.112773
1.302 	19.605066
1.303 	20.386557
1.304 	20.509812
1.305 	20.233451
1.306 	19.844723
1.307 	19.692686
1.308 	20.273975
1.309 	20.695887
1.310 	20.033033
1.311 	18.680331
1.312 	17.874853
1.313 	18.107817
1.314 	18.974795
1.315 	19.558301
1.316 	19.646097
1.317 	19.284078
1.318 	18.612844
1.319 	17.970412
1.320 	17.911867
1.321 	18.377242
1.322 	18.942205
1.323 	19.280959
1.324 	19.232027
1.325 	19.087745
1.326 	19.076044
1.327 	19.073279
1.328 	19.147958
1.329 	19.014593
1.330 	18.242079
1.331 	17.469730
1.332 	17.508158
1.333 	18.066058
1.334 	18.464821
1.335 	18.586144
1.336 	18.377347
1.337 	17.854892
1.338 	17.324965
1.339 	17.215165
1.340 	17.300343
1.341 	17.244313
1.342 	17.226083
1.343 	17.502339
1.344 	17.793691
1.345 	17.787248
1.346 	17.783989
1.347 	18.057694
1.348 	18.454905
1.349 	18.658131
1.350 	18.733310
1.351 	18.499257
1.352 	17.661453
1.353 	16.570128
1.354 	15.925270
1.355 	15.759112
1.356 	16.114237
1.357 	16.921792
1.358 	17.375251
1.359 	17.213097
1.360 	16.821830
1.361 	16.477340
1.362 	16.306713
1.363 	16.642015
1.364 	16.935677
1.365 	16.705007
1.366 	16.580170
1.367 	16.934680
1.368 	16.911854
1.369 	16.112235
1.370 	15.508454
1.371 	15.305855
1.372 	15.249848
1.373 	15.202264
1.374 	15.136945
1.375 	15.129039
1.376 	14.945230
1.377 	14.519699
1.378 	14.243901
1.379 	14.043912
1.380 	13.778325
1.381 	13.489901
1.382 	13.069325
1.383 	12.638957
1.384 	12.360629
1.385 	12.240526
1.386 	12.556614
1.387 	13.025578
1.388 	13.119162
1.389 	13.054965
1.390 	13.008297
1.391 	12.662670
1.392 	12.131034
1.393 	11.757681
1.394 	11.389945
1.395 	11.174177
1.396 	11.779704
1.397 	12.982716
1.398 	13.432024
1.399 	13.081519
1.400 	12.757561
1.401 	12.707819
1.402 	12.589001
1.403 	12.108140
1.404 	11.493025
1.405 	11.157955
1.406 	11.057578
1.407 	10.528667
1.408 	9.617694
1.409 	9.121175
1.410 	9.457268
1.411 	10.487097
1.412 	11.575215
1.413 	12.403680
1.414 	12.914029
1.415 	12.968628
1.416 	12.547185
1.417 	12.262798
1.418 	12.245789
1.419 	11.834099
1.420 	10.824698
1.421 	9.776556
1.422 	9.440737
1.423 	9.665814
1.424 	9.789247
1.425 	9.594325
1.426 	9.548387
1.427 	9.816052
1.428 	10.375400
1.429 	11.174051
1.430 	11.401194
1.431 	10.864595
1.432 	10.512592
1.433 	10.663665
1.434 	10.615242
1.435 	10.157080
1.436 	10.174791
1.437 	11.238035
1.438 	12.146611
1.439 	11.942021
1.440 	11.290332
1.441 	11.379758
1.442 	11.666935
1.443 	10.856305
1.444 	9.419392
1.445 	8.953401
1.446 	9.556664
1.447 	10.485470
1.448 	11.208474
1.449 	11.647892
1.450 	11.650008
1.451 	11.498694
1.452 	11.269094
1.453 	11.015738
1.454 	10.970040
1.455 	10.488355
1.456 	9.680804
1.457 	9.975414
1.458 	10.953601
1.459 	11.374042
1.460 	11.584642
1.461 	11.957209
1.462 	11.904183
1.463 	11.224099
1.464 	10.629413
1.465 	10.759846
1.466 	10.694924
1.467 	9.905585
1.468 	9.850869
1.469 	11.227786
1.470 	12.237318
1.471 	12.259750
1.472 	12.327196
1.473 	12.987414
1.474 	13.507583
1.475 	13.040109
1.476 	12.439585
1.477 	12.335628
1.478 	11.888973
1.479 	11.249897
1.480 	11.191758
1.481 	11.335289
1.482 	10.983929
1.483 	10.702469
1.484 	11.281455
1.485 	12.390918
1.486 	12.951920
1.487 	12.105656
1.488 	10.751287
1.489 	10.194140
1.490 	10.608750
1.491 	11.739039
1.492 	12.053727
1.493 	11.409399
1.494 	11.452215
1.495 	12.616195
1.496 	13.610310
1.497 	12.936904
1.498 	11.828512
1.499 	11.135124
1.500 	10.701576
1.501 	11.525148
1.502 	12.725070
1.503 	12.848395
1.504 	12.608799
1.505 	12.102710
1.506 	11.808419
1.507 	13.043520
1.508 	14.369798
1.509 	14.054007
1.510 	12.943863
1.511 	12.125129
1.512 	11.660309
1.513 	11.605123
1.514 	12.672899
1.515 	14.185438
1.516 	13.922798
1.517 	12.292576
1.518 	11.440855
1.519 	12.271213
1.520 	13.486848
1.521 	12.973815
1.522 	11.570956
1.523 	11.688835
1.524 	12.205263
1.525 	12.167209
1.526 	12.764050
1.527 	13.372267
1.528 	13.178559
1.529 	12.739635
1.530 	13.143703
1.531 	14.107321
1.532 	13.843662
1.533 	13.211309
1.534 	12.778507
1.535 	11.980360
1.536 	12.851033
1.537 	14.407120
1.538 	14.729097
1.539 	13.861637
1.540 	13.123135
1.541 	13.750568
1.542 	14.892806
1.543 	15.550904
1.544 	15.159432
1.545 	13.526292
1.546 	12.647293
1.547 	13.168983
1.548 	14.347057
1.549 	15.272806
1.550 	14.605095
1.551 	13.315113
1.552 	12.459677
1.553 	12.529830
1.554 	14.151639
1.555 	15.774060
1.556 	15.794986
1.557 	14.709264
1.558 	13.704677
1.559 	13.140718
1.560 	13.185350
1.561 	13.121281
1.562 	13.638916
1.563 	14.856849
1.564 	14.717838
1.565 	13.317622
1.566 	13.394824
1.567 	14.755529
1.568 	15.397187
1.569 	15.433952
1.570 	15.441165
1.571 	15.081146
1.572 	14.867638
1.573 	14.916953
1.574 	15.018890
1.575 	14.591952
1.576 	12.962519
1.577 	11.555397
1.578 	11.686790
1.579 	13.795612
1.580 	16.200591
1.581 	16.784155
1.582 	16.205166
1.583 	15.798940
1.584 	15.419723
1.585 	15.189543
1.586 	14.720584
1.587 	14.252280
1.588 	13.875540
1.589 	13.574274
1.590 	14.627501
1.591 	16.326049
1.592 	16.490103
1.593 	15.762482
1.594 	15.501661
1.595 	15.931137
1.596 	15.923624
1.597 	14.852187
1.598 	14.699692
1.599 	15.848360
1.600 	16.035869
1.601 	15.294513
1.602 	14.721725
1.603 	13.869256
1.604 	14.766976
1.605 	15.669319
1.606 	15.971408
1.607 	16.294069
1.608 	15.859387
1.609 	14.162745
1.610 	13.324919
1.611 	14.779101
1.612 	16.669506
1.613 	16.658566
1.614 	15.455734
1.615 	14.446597
1.616 	14.303812
1.617 	16.351122
1.618 	16.554612
1.619 	15.225611
1.620 	14.073009
1.621 	13.915058
1.622 	16.412961
1.623 	18.461978
1.624 	17.527264
1.625 	16.809170
1.626 	16.228041
1.627 	14.541509
1.628 	14.626073
1.629 	14.598809
1.630 	15.679686
1.631 	17.518774
1.632 	17.129714
1.633 	15.043476
1.634 	14.315633
1.635 	14.823351
1.636 	14.819325
1.637 	15.248783
1.638 	16.327866
1.639 	15.917495
1.640 	16.303960
1.641 	17.402835
1.642 	16.185123
1.643 	14.298570
1.644 	14.791354
1.645 	15.374795
1.646 	14.507856
1.647 	15.082926
1.648 	17.036678
1.649 	16.324242
1.650 	14.931080
1.651 	14.378692
1.652 	14.510950
1.653 	14.593033
1.654 	14.845757
1.655 	15.033072
1.656 	15.717243
1.657 	16.865065
1.658 	16.497786
1.659 	16.354818
1.660 	17.308552
1.661 	16.644397
1.662 	17.001845
1.663 	16.235535
1.664 	14.578428
1.665 	15.840292
1.666 	18.201167
1.667 	17.261475
1.668 	16.230073
1.669 	16.386698
1.670 	13.821889
1.671 	15.396126
1.672 	14.085657
1.673 	14.849987
1.674 	15.268171
1.675 	15.007175
1.676 	17.282737
1.677 	17.944953
1.678 	17.279492
1.679 	17.602380
1.680 	17.904389
1.681 	20.349776
1.682 	14.663133
1.683 	9.234585
1.684 	8.766969
1.685 	13.109989
1.686 	11.042821
1.687 	12.480963
1.688 	16.317152
1.689 	15.524165
1.690 	13.651599
1.691 	17.824222
1.692 	26.325729
1.693 	22.642610
1.694 	12.332363
1.695 	13.598319
1.696 	25.690299
1.697 	23.648023
1.698 	11.785774
1.699 	12.607812
1.700 	25.051473
