0.660 	26.127566
0.661 	37.176585
0.662 	41.129479
0.663 	28.890164
0.664 	32.109971
0.665 	38.869288
0.666 	34.087051
0.667 	29.335114
0.668 	28.241806
0.669 	27.582525
0.670 	29.559170
0.671 	37.187280
0.672 	39.052392
0.673 	32.111562
0.674 	34.175954
0.675 	30.059425
0.676 	34.873944
0.677 	36.732322
0.678 	36.396157
0.679 	33.799898
0.680 	26.808930
0.681 	36.303285
0.682 	32.103239
0.683 	31.037280
0.684 	28.497620
0.685 	33.559121
0.686 	39.728700
0.687 	35.835084
0.688 	32.492087
0.689 	36.915603
0.690 	36.911905
0.691 	33.333367
0.692 	27.877431
0.693 	30.348316
0.694 	38.545171
0.695 	39.357192
0.696 	36.059710
0.697 	26.625001
0.698 	26.158416
0.699 	35.444449
0.700 	35.299382
0.701 	30.152469
0.702 	30.301671
0.703 	29.487245
0.704 	38.029475
0.705 	39.052453
0.706 	30.084313
0.707 	29.164275
0.708 	32.884795
0.709 	31.668667
0.710 	29.209484
0.711 	35.493129
0.712 	37.439351
0.713 	33.456064
0.714 	31.100626
0.715 	31.033331
0.716 	32.541944
0.717 	32.077364
0.718 	32.311670
0.719 	33.319087
0.720 	32.314064
0.721 	32.421350
0.722 	35.095833
0.723 	37.019916
0.724 	36.643509
0.725 	31.370660
0.726 	29.550554
0.727 	33.861765
0.728 	39.723929
0.729 	36.009147
0.730 	31.190835
0.731 	31.191715
0.732 	31.086172
0.733 	32.312487
0.734 	35.736111
0.735 	35.279161
0.736 	33.558803
0.737 	32.638156
0.738 	32.224401
0.739 	30.385328
0.740 	31.778677
0.741 	34.929759
0.742 	35.047169
0.743 	32.904580
0.744 	31.409459
0.745 	35.158404
0.746 	35.394185
0.747 	31.233112
0.748 	29.771022
0.749 	30.749537
0.750 	31.860551
0.751 	33.764589
0.752 	34.609024
0.753 	32.490650
0.754 	30.616679
0.755 	31.666679
0.756 	33.006322
0.757 	32.221448
0.758 	33.408880
0.759 	33.604453
0.760 	32.646573
0.761 	34.531209
0.762 	33.977426
0.763 	30.897976
0.764 	33.265129
0.765 	35.728279
0.766 	33.501606
0.767 	31.356747
0.768 	30.681309
0.769 	29.658025
0.770 	30.251738
0.771 	33.697664
0.772 	37.486130
0.773 	37.344050
0.774 	34.485619
0.775 	29.628610
0.776 	27.546564
0.777 	28.785343
0.778 	27.146938
0.779 	28.076966
0.780 	32.863267
0.781 	35.137716
0.782 	34.239394
0.783 	34.827797
0.784 	35.097497
0.785 	32.954670
0.786 	31.617745
0.787 	29.850270
0.788 	28.550030
0.789 	30.853160
0.790 	32.590753
0.791 	31.563893
0.792 	31.685834
0.793 	33.178148
0.794 	33.598664
0.795 	33.265748
0.796 	33.745076
0.797 	35.549637
0.798 	35.670399
0.799 	34.209989
0.800 	32.099312
0.801 	31.357471
0.802 	32.294708
0.803 	31.940526
0.804 	30.093966
0.805 	29.072790
0.806 	28.232174
0.807 	28.378968
0.808 	28.192993
0.809 	28.447600
0.810 	31.690941
0.811 	35.532738
0.812 	35.412254
0.813 	31.523968
0.814 	26.434357
0.815 	25.863189
0.816 	29.468391
0.817 	31.132075
0.818 	30.985605
0.819 	31.574288
0.820 	32.395154
0.821 	32.964234
0.822 	31.951266
0.823 	29.312838
0.824 	28.875302
0.825 	30.688711
0.826 	31.053030
0.827 	30.909783
0.828 	30.762986
0.829 	30.159163
0.830 	31.180716
0.831 	32.994832
0.832 	32.897949
0.833 	31.572822
0.834 	31.298655
0.835 	32.677722
0.836 	33.643705
0.837 	33.184163
0.838 	32.020396
0.839 	29.409570
0.840 	27.149489
0.841 	27.790124
0.842 	29.859437
0.843 	31.957189
0.844 	32.262739
0.845 	30.268435
0.846 	29.635307
0.847 	30.775042
0.848 	30.552021
0.849 	29.152462
0.850 	28.872316
0.851 	29.888864
0.852 	30.327737
0.853 	29.758789
0.854 	29.867849
0.855 	30.962319
0.856 	32.000899
0.857 	32.561891
0.858 	31.868017
0.859 	30.133227
0.860 	28.940545
0.861 	29.248691
0.862 	30.192438
0.863 	29.675323
0.864 	27.875005
0.865 	26.722761
0.866 	26.536786
0.867 	27.557055
0.868 	29.155355
0.869 	30.177783
0.870 	30.348158
0.871 	30.662870
0.872 	31.263169
0.873 	31.791351
0.874 	32.227430
0.875 	31.163908
0.876 	29.325198
0.877 	29.249158
0.878 	30.434618
0.879 	30.587352
0.880 	29.268389
0.881 	27.676018
0.882 	27.537724
0.883 	28.900074
0.884 	29.845912
0.885 	30.270783
0.886 	30.007098
0.887 	28.976145
0.888 	28.891469
0.889 	30.074458
0.890 	30.133880
0.891 	28.852019
0.892 	27.932076
0.893 	28.119012
0.894 	28.666467
0.895 	28.877459
0.896 	28.973643
0.897 	29.493498
0.898 	30.184960
0.899 	30.462391
0.900 	30.515713
0.901 	30.357453
0.902 	29.918643
0.903 	29.311969
0.904 	28.805128
0.905 	28.464700
0.906 	27.952044
0.907 	27.368872
0.908 	27.016656
0.909 	27.427030
0.910 	27.847974
0.911 	27.768165
0.912 	27.440175
0.913 	27.241441
0.914 	27.668097
0.915 	28.949787
0.916 	30.670954
0.917 	30.909023
0.918 	28.885002
0.919 	26.658485
0.920 	26.457628
0.921 	27.556486
0.922 	28.345033
0.923 	28.770969
0.924 	29.214768
0.925 	29.647972
0.926 	29.652366
0.927 	29.442195
0.928 	28.965598
0.929 	28.008768
0.930 	26.724214
0.931 	25.909798
0.932 	26.824403
0.933 	28.601672
0.934 	29.694129
0.935 	28.532947
0.936 	26.703466
0.937 	25.870286
0.938 	27.047626
0.939 	28.752811
0.940 	28.795422
0.941 	27.413429
0.942 	26.217719
0.943 	25.757874
0.944 	25.598568
0.945 	25.208862
0.946 	25.683941
0.947 	27.249226
0.948 	28.494647
0.949 	27.179582
0.950 	26.681526
0.951 	27.845273
0.952 	26.953645
0.953 	25.743333
0.954 	25.050229
0.955 	24.185588
0.956 	23.437820
0.957 	24.892853
0.958 	26.511285
0.959 	27.056195
0.960 	27.182026
0.961 	26.537631
0.962 	25.340871
0.963 	24.374461
0.964 	24.092994
0.965 	23.555938
0.966 	23.687913
0.967 	23.739464
0.968 	23.579773
0.969 	25.642908
0.970 	27.023641
0.971 	26.729084
0.972 	25.610972
0.973 	25.098023
0.974 	24.271332
0.975 	25.513193
0.976 	26.243172
0.977 	24.441452
0.978 	23.802435
0.979 	25.538369
0.980 	27.011347
0.981 	25.856415
0.982 	24.329495
0.983 	26.860590
0.984 	28.013171
0.985 	24.945281
0.986 	23.501316
0.987 	25.656824
0.988 	24.762720
0.989 	23.246353
0.990 	25.648422
0.991 	25.529144
0.992 	24.440930
0.993 	23.804846
0.994 	22.123484
0.995 	24.102937
0.996 	25.545218
0.997 	25.823887
0.998 	26.063987
0.999 	26.470290
1.000 	26.980557
1.001 	28.435237
1.002 	27.579724
1.003 	24.823412
1.004 	25.222397
1.005 	26.181006
1.006 	26.564251
1.007 	25.538959
1.008 	25.859859
1.009 	26.641217
1.010 	26.017336
1.011 	26.848848
1.012 	27.404852
1.013 	28.033278
1.014 	28.468770
1.015 	26.329795
1.016 	23.938032
1.017 	23.875990
1.018 	25.826080
1.019 	26.768306
1.020 	25.632188
1.021 	26.018108
1.022 	27.260151
1.023 	26.933452
1.024 	26.671738
1.025 	27.448635
1.026 	28.197698
1.027 	28.108514
1.028 	27.431249
1.029 	26.808191
1.030 	26.030283
1.031 	26.470327
1.032 	26.354331
1.033 	23.603675
1.034 	23.353210
1.035 	26.841068
1.036 	29.664581
1.037 	30.042244
1.038 	28.257045
1.039 	26.221563
1.040 	25.257109
1.041 	24.824341
1.042 	25.893086
1.043 	26.732513
1.044 	26.015326
1.045 	25.852475
1.046 	25.342150
1.047 	24.732874
1.048 	25.920141
1.049 	27.040577
1.050 	27.821610
1.051 	28.199543
1.052 	28.312292
1.053 	28.289192
1.054 	28.079771
1.055 	27.701408
1.056 	27.493858
1.057 	27.602224
1.058 	27.436438
1.059 	27.083872
1.060 	27.050524
1.061 	27.321263
1.062 	26.890050
1.063 	25.770777
1.064 	26.385693
1.065 	28.704559
1.066 	29.461209
1.067 	28.149781
1.068 	26.143785
1.069 	25.033383
1.070 	26.025796
1.071 	27.870630
1.072 	27.814473
1.073 	27.111964
1.074 	28.097850
1.075 	28.922600
1.076 	26.344503
1.077 	24.384861
1.078 	26.756057
1.079 	29.141369
1.080 	29.071207
1.081 	28.307126
1.082 	28.329925
1.083 	28.095266
1.084 	27.492347
1.085 	26.896811
1.086 	27.267820
1.087 	27.616586
1.088 	26.921495
1.089 	26.346528
1.090 	26.395722
1.091 	28.376992
1.092 	30.274408
1.093 	29.309821
1.094 	26.199202
1.095 	24.485905
1.096 	25.094814
1.097 	25.828507
1.098 	26.168791
1.099 	26.588955
1.100 	27.171086
1.101 	27.629122
1.102 	26.963046
1.103 	26.034036
1.104 	26.485037
1.105 	27.751067
1.106 	28.496395
1.107 	28.665975
1.108 	29.419260
1.109 	29.855618
1.110 	28.713073
1.111 	26.283657
1.112 	24.955953
1.113 	25.453958
1.114 	26.484301
1.115 	26.711596
1.116 	26.344949
1.117 	27.098493
1.118 	28.522143
1.119 	28.820644
1.120 	26.643110
1.121 	24.259619
1.122 	25.222479
1.123 	27.545479
1.124 	28.487031
1.125 	28.878554
1.126 	28.061308
1.127 	25.896889
1.128 	25.305612
1.129 	26.242861
1.130 	26.113407
1.131 	25.076993
1.132 	24.044208
1.133 	23.139553
1.134 	22.510770
1.135 	22.189603
1.136 	23.882996
1.137 	26.363142
1.138 	26.752550
1.139 	25.429325
1.140 	23.600014
1.141 	22.394633
1.142 	22.928634
1.143 	23.428697
1.144 	22.053991
1.145 	21.226180
1.146 	21.829072
1.147 	22.382705
1.148 	22.830634
1.149 	22.580642
1.150 	22.617788
1.151 	23.386918
1.152 	22.641692
1.153 	20.496769
1.154 	19.319659
1.155 	20.036344
1.156 	21.495862
1.157 	21.610004
1.158 	20.780027
1.159 	20.449284
1.160 	20.062544
1.161 	19.908646
1.162 	21.155015
1.163 	21.688078
1.164 	19.464852
1.165 	17.401374
1.166 	18.646101
1.167 	21.265571
1.168 	22.305934
1.169 	21.366487
1.170 	19.048932
1.171 	16.802854
1.172 	17.084983
1.173 	19.611682
1.174 	21.229820
1.175 	20.217983
1.176 	18.865557
1.177 	20.267140
1.178 	22.007721
1.179 	20.843540
1.180 	19.285641
1.181 	19.523235
1.182 	19.499369
1.183 	19.209089
1.184 	20.398463
1.185 	21.379727
1.186 	20.391443
1.187 	19.707457
1.188 	20.731951
1.189 	21.636512
1.190 	21.699425
1.191 	21.081073
1.192 	19.820266
1.193 	18.525100
1.194 	17.946682
1.195 	17.857195
1.196 	18.074651
1.197 	19.252756
1.198 	20.913468
1.199 	21.625114
1.200 	20.937393
1.201 	20.541494
1.202 	20.802910
1.203 	20.373628
1.204 	18.892936
1.205 	18.442029
1.206 	19.684491
1.207 	20.366959
1.208 	18.905466
1.209 	16.869545
1.210 	17.266486
1.211 	19.848049
1.212 	22.279558
1.213 	22.107175
1.214 	20.243708
1.215 	19.543036
1.216 	20.311585
1.217 	20.492320
1.218 	18.882475
1.219 	17.482900
1.220 	18.184823
1.221 	19.643054
1.222 	20.707761
1.223 	20.426050
1.224 	19.141541
1.225 	18.933428
1.226 	20.564567
1.227 	22.358721
1.228 	22.743503
1.229 	21.971987
1.230 	20.818516
1.231 	19.599661
1.232 	18.746899
1.233 	19.566874
1.234 	21.140254
1.235 	22.104332
1.236 	21.953882
1.237 	21.023570
1.238 	21.278180
1.239 	23.179551
1.240 	24.873761
1.241 	24.646060
1.242 	22.807276
1.243 	20.125556
1.244 	17.948025
1.245 	18.033290
1.246 	20.761489
1.247 	23.025307
1.248 	21.708336
1.249 	18.677477
1.250 	17.422510
1.251 	17.984956
1.252 	18.514963
1.253 	19.715397
1.254 	21.619444
1.255 	22.868515
1.256 	22.500875
1.257 	20.964616
1.258 	20.020531
1.259 	21.732660
1.260 	23.757054
1.261 	23.013478
1.262 	20.653081
1.263 	19.810844
1.264 	20.211992
1.265 	20.618168
1.266 	21.280144
1.267 	21.153088
1.268 	20.453239
1.269 	20.504688
1.270 	20.763296
1.271 	21.254812
1.272 	22.652541
1.273 	23.782569
1.274 	24.011463
1.275 	23.217898
1.276 	21.828461
1.277 	20.554275
1.278 	20.165206
1.279 	20.306103
1.280 	20.240097
1.281 	20.156855
1.282 	20.553444
1.283 	20.815680
1.284 	19.990783
1.285 	18.248570
1.286 	17.108286
1.287 	17.432118
1.288 	19.125688
1.289 	20.849752
1.290 	21.660890
1.291 	21.814729
1.292 	21.498616
1.293 	20.043416
1.294 	18.505818
1.295 	18.229586
1.296 	18.506525
1.297 	18.412925
1.298 	18.466737
1.299 	19.754184
1.300 	20.825963
1.301 	20.412755
1.302 	19.588761
1.303 	19.244913
1.304 	18.881535
1.305 	19.166621
1.306 	20.651699
1.307 	21.305067
1.308 	20.606450
1.309 	20.077315
1.310 	19.801493
1.311 	19.653177
1.312 	19.620585
1.313 	19.247553
1.314 	19.123492
1.315 	18.885435
1.316 	18.344854
1.317 	18.634834
1.318 	19.029575
1.319 	18.080275
1.320 	16.634879
1.321 	16.457250
1.322 	17.010255
1.323 	17.150246
1.324 	16.528295
1.325 	15.369732
1.326 	15.608121
1.327 	17.028560
1.328 	17.524372
1.329 	17.839699
1.330 	19.096655
1.331 	19.144878
1.332 	17.408934
1.333 	16.498254
1.334 	16.948756
1.335 	17.234921
1.336 	16.658502
1.337 	14.958974
1.338 	12.993553
1.339 	12.857869
1.340 	14.012849
1.341 	14.482806
1.342 	14.051730
1.343 	14.650623
1.344 	15.744262
1.345 	14.927163
1.346 	13.476651
1.347 	13.652668
1.348 	14.474566
1.349 	15.735679
1.350 	17.213074
1.351 	16.870465
1.352 	14.300212
1.353 	12.815150
1.354 	12.573069
1.355 	12.890812
1.356 	14.861166
1.357 	16.594983
1.358 	16.436543
1.359 	17.122814
1.360 	19.195134
1.361 	19.241848
1.362 	15.352907
1.363 	10.982124
1.364 	10.425071
1.365 	12.168219
1.366 	13.102401
1.367 	13.643716
1.368 	14.307169
1.369 	14.401610
1.370 	14.697716
1.371 	15.319946
1.372 	14.267310
1.373 	11.182211
1.374 	8.747287
1.375 	8.557719
1.376 	9.988621
1.377 	11.321608
1.378 	11.247325
1.379 	11.116663
1.380 	11.433036
1.381 	11.584144
1.382 	11.370029
1.383 	11.578100
1.384 	11.031332
1.385 	8.103527
1.386 	5.273134
1.387 	5.866408
1.388 	9.765372
1.389 	13.084286
1.390 	13.454183
1.391 	12.556470
1.392 	12.436540
1.393 	11.214047
1.394 	9.019657
1.395 	7.909985
1.396 	8.314620
1.397 	9.105709
1.398 	8.438385
1.399 	7.410419
1.400 	7.809514
1.401 	8.679844
1.402 	8.427195
1.403 	6.703352
1.404 	5.151723
1.405 	4.980986
1.406 	5.819031
1.407 	7.734915
1.408 	9.316042
1.409 	8.079585
1.410 	5.167206
1.411 	3.630710
1.412 	4.157508
1.413 	4.530947
1.414 	4.039706
1.415 	5.119030
1.416 	7.777852
1.417 	9.146828
1.418 	8.665477
1.419 	7.226350
1.420 	6.169683
1.421 	6.168756
1.422 	6.492235
1.423 	7.168734
1.424 	8.761327
1.425 	8.791385
1.426 	6.005180
1.427 	3.121262
1.428 	1.941915
1.429 	2.430349
1.430 	4.612186
1.431 	7.715550
1.432 	8.915097
1.433 	7.672116
1.434 	7.403179
1.435 	8.041518
1.436 	6.610362
1.437 	4.367227
1.438 	3.765112
1.439 	5.160859
1.440 	6.173071
1.441 	4.406834
1.442 	1.923258
1.443 	2.714014
1.444 	7.319120
1.445 	11.510969
1.446 	12.551237
1.447 	9.909799
1.448 	6.866542
1.449 	7.444017
1.450 	8.861604
1.451 	8.169042
1.452 	5.012298
1.453 	1.861892
1.454 	3.202154
1.455 	7.700751
1.456 	10.587293
1.457 	10.864126
1.458 	9.769087
1.459 	7.672687
1.460 	6.135150
1.461 	5.815961
1.462 	5.083851
1.463 	3.218866
1.464 	3.012174
1.465 	5.800995
1.466 	10.711302
1.467 	13.539581
1.468 	10.617295
1.469 	6.039219
1.470 	3.777813
1.471 	4.209812
1.472 	7.935799
1.473 	9.846464
1.474 	7.537310
1.475 	5.509579
1.476 	5.481496
1.477 	4.142813
1.478 	2.180860
1.479 	2.926147
1.480 	5.151243
1.481 	6.386262
1.482 	6.953345
1.483 	7.870705
1.484 	9.448730
1.485 	9.836900
1.486 	6.003829
1.487 	2.393842
1.488 	3.191674
1.489 	4.564248
1.490 	3.581426
1.491 	3.514060
1.492 	6.631170
1.493 	8.610303
1.494 	7.324958
1.495 	5.815575
1.496 	6.758932
1.497 	8.653161
1.498 	7.802641
1.499 	5.459529
1.500 	6.459313
1.501 	10.210863
1.502 	9.586740
1.503 	6.074065
1.504 	8.351631
1.505 	11.588497
1.506 	9.252034
1.507 	5.759845
1.508 	5.053348
1.509 	5.748584
1.510 	8.335523
1.511 	11.945200
1.512 	11.233802
1.513 	7.604349
1.514 	6.616871
1.515 	8.180642
1.516 	8.980073
1.517 	9.057047
1.518 	8.981907
1.519 	8.447618
1.520 	8.531841
1.521 	9.188750
1.522 	7.973112
1.523 	6.846102
1.524 	8.494201
1.525 	10.405826
1.526 	11.203045
1.527 	9.930474
1.528 	6.869673
1.529 	5.535759
1.530 	7.503360
1.531 	9.204374
1.532 	10.666354
1.533 	12.130753
1.534 	9.931894
1.535 	5.368234
1.536 	2.857858
1.537 	3.261791
1.538 	3.443458
1.539 	5.163300
1.540 	8.981430
1.541 	8.291991
1.542 	5.819800
1.543 	5.712616
1.544 	5.047429
1.545 	6.032661
1.546 	9.232231
1.547 	9.146409
1.548 	9.208830
1.549 	12.109512
1.550 	12.481841
1.551 	10.684593
1.552 	9.138178
1.553 	5.568501
1.554 	4.880238
1.555 	7.765151
1.556 	10.463329
1.557 	14.397644
1.558 	15.079872
1.559 	11.494671
1.560 	10.958394
1.561 	13.977176
1.562 	14.835479
1.563 	10.910564
1.564 	6.480823
1.565 	5.874370
1.566 	8.571078
1.567 	9.614788
1.568 	7.063515
1.569 	5.664869
1.570 	8.261480
1.571 	10.581705
1.572 	8.923271
1.573 	9.118936
1.574 	8.648410
1.575 	6.948160
1.576 	8.341785
1.577 	9.264404
1.578 	9.061594
1.579 	12.263393
1.580 	15.636890
1.581 	14.118621
1.582 	7.695105
1.583 	2.407056
1.584 	5.872890
1.585 	12.554622
1.586 	13.069007
1.587 	10.199253
1.588 	7.167578
1.589 	6.822502
1.590 	6.180533
1.591 	9.907463
1.592 	14.210166
1.593 	12.094386
1.594 	8.229960
1.595 	6.996947
1.596 	13.133168
1.597 	14.964861
1.598 	8.281140
1.599 	9.336079
1.600 	12.503177
1.601 	8.704913
1.602 	9.605845
1.603 	14.973376
1.604 	11.759575
1.605 	4.410320
1.606 	5.502265
1.607 	10.668920
1.608 	8.908447
1.609 	8.226834
1.610 	10.656150
1.611 	9.968587
1.612 	8.160544
1.613 	7.782858
1.614 	9.677685
1.615 	9.651669
1.616 	5.998683
1.617 	12.882623
1.618 	19.653103
1.619 	13.700648
1.620 	6.753853
1.621 	11.760211
1.622 	13.586063
1.623 	9.567660
1.624 	11.284798
1.625 	13.131120
1.626 	9.730319
1.627 	6.811214
1.628 	6.772437
1.629 	10.096686
1.630 	10.004197
1.631 	10.073203
1.632 	9.516804
1.633 	11.382927
1.634 	16.790060
1.635 	18.057734
1.636 	15.313430
1.637 	13.085257
1.638 	16.401842
1.639 	11.424744
1.640 	6.727505
1.641 	5.586631
1.642 	3.699311
1.643 	7.670136
1.644 	10.994665
1.645 	16.532739
1.646 	16.103629
1.647 	11.952452
1.648 	5.085893
1.649 	5.771405
1.650 	14.886045
1.651 	15.084097
1.652 	11.612371
1.653 	13.313188
1.654 	9.314321
1.655 	11.497827
1.656 	13.055554
1.657 	14.827291
1.658 	14.289354
1.659 	8.615858
1.660 	13.519778
1.661 	5.153090
1.662 	-3.486207
1.663 	9.095861
1.664 	20.573127
1.665 	14.667887
1.666 	7.806158
1.667 	3.625584
1.668 	14.051186
1.669 	21.727319
1.670 	19.393987
1.671 	10.315409
1.672 	2.044096
1.673 	2.413251
1.674 	12.276842
1.675 	12.782019
1.676 	4.890462
1.677 	10.671726
1.678 	7.877340
1.679 	9.675705
1.680 	18.446417
1.681 	20.158758
1.682 	12.410506
1.683 	14.579370
1.684 	17.432829
1.685 	5.497355
1.686 	7.369318
1.687 	5.220523
1.688 	0.884528
1.689 	18.318173
1.690 	21.023081
1.691 	-2.981810
1.692 	-13.112229
1.693 	-2.632945
1.694 	15.474638
1.695 	-7.596427
1.696 	-10.046582
1.697 	8.027020
1.698 	37.509184
1.699 	5.248850
1.700 	8.690675
