0.660 	22.295858
0.661 	26.515881
0.662 	38.221909
0.663 	30.126626
0.664 	27.653481
0.665 	31.607732
0.666 	30.149239
0.667 	20.712386
0.668 	28.242494
0.669 	25.630588
0.670 	25.877575
0.671 	26.422936
0.672 	31.452998
0.673 	37.936130
0.674 	33.890982
0.675 	27.676438
0.676 	26.420475
0.677 	26.701058
0.678 	26.074876
0.679 	30.851948
0.680 	32.376105
0.681 	32.563938
0.682 	27.989009
0.683 	25.000766
0.684 	26.913315
0.685 	27.712780
0.686 	27.676881
0.687 	31.370665
0.688 	33.400759
0.689 	26.695708
0.690 	23.303825
0.691 	29.793849
0.692 	29.228372
0.693 	28.241352
0.694 	25.525759
0.695 	32.422207
0.696 	33.429174
0.697 	25.526055
0.698 	28.594973
0.699 	32.069393
0.700 	36.510157
0.701 	29.347190
0.702 	24.443160
0.703 	27.766863
0.704 	31.491808
0.705 	31.902991
0.706 	30.617433
0.707 	29.680701
0.708 	25.956106
0.709 	24.588108
0.710 	25.015148
0.711 	28.737256
0.712 	31.291867
0.713 	27.755327
0.714 	24.189910
0.715 	26.597558
0.716 	25.753365
0.717 	27.357675
0.718 	31.362160
0.719 	32.761606
0.720 	31.661976
0.721 	25.588779
0.722 	26.030960
0.723 	27.268214
0.724 	27.600023
0.725 	26.311413
0.726 	27.064874
0.727 	27.892889
0.728 	29.095704
0.729 	32.341423
0.730 	31.342206
0.731 	26.321213
0.732 	25.358951
0.733 	28.839262
0.734 	32.186331
0.735 	29.215973
0.736 	25.072697
0.737 	26.171738
0.738 	25.996752
0.739 	27.491178
0.740 	29.965943
0.741 	33.292138
0.742 	33.369920
0.743 	27.008662
0.744 	25.566016
0.745 	29.871409
0.746 	29.677564
0.747 	26.632503
0.748 	25.339981
0.749 	29.132975
0.750 	31.175705
0.751 	28.130888
0.752 	27.455190
0.753 	28.890206
0.754 	28.340530
0.755 	26.764572
0.756 	27.896705
0.757 	26.624110
0.758 	27.572283
0.759 	29.995828
0.760 	29.292139
0.761 	27.599610
0.762 	26.551253
0.763 	24.201201
0.764 	24.732383
0.765 	27.598065
0.766 	28.923070
0.767 	28.849495
0.768 	27.847942
0.769 	28.128154
0.770 	28.874192
0.771 	28.717292
0.772 	27.084897
0.773 	26.058114
0.774 	25.697087
0.775 	25.124243
0.776 	26.026373
0.777 	27.163494
0.778 	26.612245
0.779 	27.512964
0.780 	28.136455
0.781 	25.209750
0.782 	23.593516
0.783 	26.993708
0.784 	28.928399
0.785 	24.930144
0.786 	23.524242
0.787 	26.130842
0.788 	26.733560
0.789 	27.040313
0.790 	28.206304
0.791 	28.378184
0.792 	27.535958
0.793 	27.084995
0.794 	26.610985
0.795 	26.454883
0.796 	26.428679
0.797 	26.726987
0.798 	28.525489
0.799 	29.955952
0.800 	28.093354
0.801 	26.451523
0.802 	27.461445
0.803 	27.483883
0.804 	26.212063
0.805 	24.507194
0.806 	23.609451
0.807 	25.381799
0.808 	26.630332
0.809 	26.751123
0.810 	28.330120
0.811 	29.294396
0.812 	28.107827
0.813 	25.947626
0.814 	24.192331
0.815 	24.904209
0.816 	26.469705
0.817 	26.948347
0.818 	26.596171
0.819 	25.016594
0.820 	24.025692
0.821 	24.213486
0.822 	24.994037
0.823 	26.939830
0.824 	27.908193
0.825 	27.707978
0.826 	27.435998
0.827 	27.573670
0.828 	27.650528
0.829 	26.082264
0.830 	24.662037
0.831 	25.564109
0.832 	27.832375
0.833 	28.886292
0.834 	28.423417
0.835 	28.644492
0.836 	28.458102
0.837 	26.433620
0.838 	24.782818
0.839 	24.095189
0.840 	24.300349
0.841 	25.964844
0.842 	26.971557
0.843 	26.895550
0.844 	27.412936
0.845 	27.345562
0.846 	26.147935
0.847 	25.335032
0.848 	24.572009
0.849 	24.396394
0.850 	26.051706
0.851 	26.618380
0.852 	25.618764
0.853 	25.930814
0.854 	26.711243
0.855 	26.741361
0.856 	26.867539
0.857 	26.706143
0.858 	26.042583
0.859 	25.586138
0.860 	25.320896
0.861 	25.316436
0.862 	25.791481
0.863 	25.912930
0.864 	26.160572
0.865 	26.567499
0.866 	25.751231
0.867 	24.551342
0.868 	23.356054
0.869 	23.527234
0.870 	26.612211
0.871 	28.853259
0.872 	28.014413
0.873 	26.413975
0.874 	25.926467
0.875 	25.728967
0.876 	24.892545
0.877 	23.824190
0.878 	23.343828
0.879 	24.261966
0.880 	25.696581
0.881 	26.199448
0.882 	25.897499
0.883 	24.755773
0.884 	23.180580
0.885 	23.666727
0.886 	25.935400
0.887 	26.698967
0.888 	25.722982
0.889 	25.396853
0.890 	24.718614
0.891 	23.232169
0.892 	23.649923
0.893 	25.831914
0.894 	26.423190
0.895 	25.072780
0.896 	24.297033
0.897 	24.091838
0.898 	24.037785
0.899 	23.753820
0.900 	23.265289
0.901 	23.884847
0.902 	25.438518
0.903 	25.895478
0.904 	25.629627
0.905 	25.665429
0.906 	24.965568
0.907 	24.164736
0.908 	24.735791
0.909 	25.936325
0.910 	26.441912
0.911 	26.173709
0.912 	25.845209
0.913 	25.743497
0.914 	25.430406
0.915 	25.132717
0.916 	25.120130
0.917 	25.148627
0.918 	25.060649
0.919 	24.796135
0.920 	24.501937
0.921 	24.387210
0.922 	24.557770
0.923 	24.455642
0.924 	23.476420
0.925 	23.385711
0.926 	24.673112
0.927 	25.599869
0.928 	26.219695
0.929 	26.587460
0.930 	25.197536
0.931 	22.675176
0.932 	21.324798
0.933 	21.563802
0.934 	22.320549
0.935 	22.688363
0.936 	22.405851
0.937 	22.557721
0.938 	24.274774
0.939 	25.859169
0.940 	25.713982
0.941 	24.870138
0.942 	24.125595
0.943 	23.718391
0.944 	24.438517
0.945 	24.854021
0.946 	24.900871
0.947 	24.237773
0.948 	23.791809
0.949 	23.147102
0.950 	22.350288
0.951 	22.783954
0.952 	23.328224
0.953 	23.603296
0.954 	23.588302
0.955 	22.799359
0.956 	21.143602
0.957 	21.357078
0.958 	22.729428
0.959 	23.903029
0.960 	23.831854
0.961 	23.211521
0.962 	22.909598
0.963 	22.716428
0.964 	22.046588
0.965 	20.905635
0.966 	20.644832
0.967 	20.746819
0.968 	20.884139
0.969 	21.949626
0.970 	23.941039
0.971 	25.570291
0.972 	23.478207
0.973 	21.369468
0.974 	21.259946
0.975 	23.174746
0.976 	23.521447
0.977 	22.382783
0.978 	22.579040
0.979 	23.814796
0.980 	24.314264
0.981 	22.689930
0.982 	21.477983
0.983 	22.376791
0.984 	23.979420
0.985 	23.759007
0.986 	21.854659
0.987 	21.007770
0.988 	19.621250
0.989 	20.744354
0.990 	23.903580
0.991 	24.866818
0.992 	24.117074
0.993 	21.376859
0.994 	19.194599
0.995 	19.542787
0.996 	20.762922
0.997 	22.545625
0.998 	24.373644
0.999 	24.174075
1.000 	23.152428
1.001 	23.144850
1.002 	22.551844
1.003 	20.532279
1.004 	21.122500
1.005 	23.674744
1.006 	23.931233
1.007 	22.255176
1.008 	21.758105
1.009 	21.553887
1.010 	21.011300
1.011 	21.932288
1.012 	22.492002
1.013 	24.027014
1.014 	24.373865
1.015 	21.247957
1.016 	22.500239
1.017 	25.157857
1.018 	23.478353
1.019 	22.099166
1.020 	22.614404
1.021 	22.813960
1.022 	23.222151
1.023 	24.330337
1.024 	24.567358
1.025 	23.757191
1.026 	23.755934
1.027 	25.097377
1.028 	25.388688
1.029 	23.326135
1.030 	20.364517
1.031 	21.899283
1.032 	23.805634
1.033 	22.636475
1.034 	22.111658
1.035 	22.337478
1.036 	22.489574
1.037 	23.447603
1.038 	23.608110
1.039 	21.990224
1.040 	20.511513
1.041 	20.998075
1.042 	22.441685
1.043 	23.182222
1.044 	23.231740
1.045 	22.668262
1.046 	20.392941
1.047 	20.081156
1.048 	23.419782
1.049 	25.376641
1.050 	23.849722
1.051 	21.253585
1.052 	21.037584
1.053 	23.184891
1.054 	24.476683
1.055 	23.915683
1.056 	21.102369
1.057 	20.996752
1.058 	24.135184
1.059 	24.851515
1.060 	22.849199
1.061 	22.012422
1.062 	22.618952
1.063 	23.180325
1.064 	23.891320
1.065 	24.769658
1.066 	24.360285
1.067 	23.467334
1.068 	22.844415
1.069 	23.616296
1.070 	24.949382
1.071 	23.931673
1.072 	21.824681
1.073 	22.040264
1.074 	23.865431
1.075 	24.149365
1.076 	22.082254
1.077 	20.925954
1.078 	22.737537
1.079 	23.718963
1.080 	23.758764
1.081 	23.948138
1.082 	22.409278
1.083 	19.975392
1.084 	18.993078
1.085 	19.077948
1.086 	21.665850
1.087 	24.760221
1.088 	25.346485
1.089 	24.722408
1.090 	23.227413
1.091 	22.514753
1.092 	22.791256
1.093 	22.544024
1.094 	21.584400
1.095 	21.513217
1.096 	22.289652
1.097 	22.155539
1.098 	21.083221
1.099 	21.215426
1.100 	22.897754
1.101 	23.337189
1.102 	22.351742
1.103 	22.013945
1.104 	21.892764
1.105 	21.597407
1.106 	21.455004
1.107 	21.192643
1.108 	21.713294
1.109 	23.372227
1.110 	24.679595
1.111 	24.368321
1.112 	23.177666
1.113 	23.407664
1.114 	24.155729
1.115 	23.001454
1.116 	21.661865
1.117 	22.385542
1.118 	24.485494
1.119 	24.789864
1.120 	22.294909
1.121 	20.615712
1.122 	21.840359
1.123 	22.809440
1.124 	21.729630
1.125 	20.598268
1.126 	20.594265
1.127 	22.137538
1.128 	23.364582
1.129 	22.775513
1.130 	22.105569
1.131 	22.566897
1.132 	22.797305
1.133 	22.114096
1.134 	21.346308
1.135 	20.610545
1.136 	21.267058
1.137 	22.939229
1.138 	23.627313
1.139 	22.021725
1.140 	19.483063
1.141 	19.886152
1.142 	21.897503
1.143 	21.353185
1.144 	19.769619
1.145 	18.893861
1.146 	17.604225
1.147 	16.831162
1.148 	17.398567
1.149 	19.312303
1.150 	21.775104
1.151 	23.115797
1.152 	22.271368
1.153 	20.252027
1.154 	18.949372
1.155 	18.731823
1.156 	19.299696
1.157 	20.323119
1.158 	21.003752
1.159 	20.337698
1.160 	19.350881
1.161 	19.659372
1.162 	20.536462
1.163 	20.011012
1.164 	17.472217
1.165 	15.496381
1.166 	15.917799
1.167 	17.742608
1.168 	18.449922
1.169 	17.584044
1.170 	16.791620
1.171 	17.482864
1.172 	19.035298
1.173 	19.512882
1.174 	18.574589
1.175 	17.984778
1.176 	18.138979
1.177 	18.128350
1.178 	17.348350
1.179 	16.556546
1.180 	17.720082
1.181 	19.763775
1.182 	19.728969
1.183 	18.654835
1.184 	19.625902
1.185 	21.314644
1.186 	20.858660
1.187 	19.324907
1.188 	19.348526
1.189 	20.033072
1.190 	19.731825
1.191 	18.792859
1.192 	18.206544
1.193 	17.233319
1.194 	15.998689
1.195 	15.526505
1.196 	15.411162
1.197 	16.116611
1.198 	17.206251
1.199 	17.223185
1.200 	16.864960
1.201 	18.330598
1.202 	20.938099
1.203 	22.170688
1.204 	21.072141
1.205 	19.198324
1.206 	19.073519
1.207 	19.971523
1.208 	20.096845
1.209 	19.052793
1.210 	17.281876
1.211 	15.628788
1.212 	14.861243
1.213 	14.947335
1.214 	14.976465
1.215 	15.727357
1.216 	17.925222
1.217 	19.525405
1.218 	18.672878
1.219 	17.664505
1.220 	19.263148
1.221 	21.260369
1.222 	21.505135
1.223 	21.420419
1.224 	22.350827
1.225 	22.015607
1.226 	19.263015
1.227 	16.571173
1.228 	16.278752
1.229 	17.053326
1.230 	17.863846
1.231 	18.654701
1.232 	19.295519
1.233 	20.427577
1.234 	21.733578
1.235 	21.662168
1.236 	19.891954
1.237 	17.706474
1.238 	17.190696
1.239 	17.865067
1.240 	18.598834
1.241 	19.271465
1.242 	19.649556
1.243 	19.032669
1.244 	17.564060
1.245 	16.239361
1.246 	17.296413
1.247 	20.184290
1.248 	21.062996
1.249 	18.701360
1.250 	16.364967
1.251 	16.551344
1.252 	17.372606
1.253 	18.061615
1.254 	19.443289
1.255 	20.915780
1.256 	20.964958
1.257 	19.705917
1.258 	18.489921
1.259 	18.639995
1.260 	19.363851
1.261 	19.311897
1.262 	19.357586
1.263 	20.419853
1.264 	20.992073
1.265 	20.329803
1.266 	19.463443
1.267 	19.515241
1.268 	19.899849
1.269 	19.503396
1.270 	18.801276
1.271 	19.024907
1.272 	20.271021
1.273 	20.892987
1.274 	19.644367
1.275 	17.866376
1.276 	17.520131
1.277 	18.223962
1.278 	19.009291
1.279 	19.935368
1.280 	20.617641
1.281 	20.929958
1.282 	21.509600
1.283 	21.191691
1.284 	19.210788
1.285 	16.398800
1.286 	14.743290
1.287 	15.416838
1.288 	17.195864
1.289 	17.364149
1.290 	16.033183
1.291 	15.650771
1.292 	17.522752
1.293 	20.026358
1.294 	19.874960
1.295 	17.687149
1.296 	16.008799
1.297 	15.425097
1.298 	14.863388
1.299 	15.937185
1.300 	18.658871
1.301 	19.832309
1.302 	18.410460
1.303 	17.746659
1.304 	18.830858
1.305 	19.861596
1.306 	19.855302
1.307 	18.878400
1.308 	18.263305
1.309 	18.576242
1.310 	19.328312
1.311 	19.639573
1.312 	18.328049
1.313 	16.525693
1.314 	16.396346
1.315 	17.568576
1.316 	18.648739
1.317 	19.651234
1.318 	19.681907
1.319 	18.576301
1.320 	18.174511
1.321 	19.154961
1.322 	19.894043
1.323 	19.097011
1.324 	17.546218
1.325 	16.709989
1.326 	18.212920
1.327 	20.676677
1.328 	21.305161
1.329 	19.965587
1.330 	18.203327
1.331 	16.138941
1.332 	14.779813
1.333 	14.085162
1.334 	13.716959
1.335 	14.693850
1.336 	15.895044
1.337 	15.130847
1.338 	13.886763
1.339 	14.955277
1.340 	16.503405
1.341 	16.993411
1.342 	16.189184
1.343 	14.431868
1.344 	13.846514
1.345 	15.104246
1.346 	16.369226
1.347 	16.718220
1.348 	15.597560
1.349 	13.174166
1.350 	12.835073
1.351 	15.190758
1.352 	16.624443
1.353 	15.374806
1.354 	13.967364
1.355 	14.089021
1.356 	13.995964
1.357 	13.880309
1.358 	15.307806
1.359 	16.273957
1.360 	15.360442
1.361 	15.045563
1.362 	15.339640
1.363 	15.057421
1.364 	14.889652
1.365 	15.545123
1.366 	16.253117
1.367 	16.565530
1.368 	15.917072
1.369 	14.521132
1.370 	14.048478
1.371 	14.616625
1.372 	15.169843
1.373 	15.577310
1.374 	16.611882
1.375 	16.685573
1.376 	14.206153
1.377 	12.003422
1.378 	11.587142
1.379 	10.843837
1.380 	10.183171
1.381 	11.085703
1.382 	13.419947
1.383 	15.017741
1.384 	13.842330
1.385 	10.088371
1.386 	7.239183
1.387 	7.659876
1.388 	10.585399
1.389 	13.420006
1.390 	13.679127
1.391 	12.145141
1.392 	11.822282
1.393 	11.430756
1.394 	9.138387
1.395 	7.603323
1.396 	8.299879
1.397 	8.485725
1.398 	7.691839
1.399 	8.486623
1.400 	9.465907
1.401 	9.098275
1.402 	9.339115
1.403 	10.849197
1.404 	10.756665
1.405 	8.695299
1.406 	8.657629
1.407 	11.109143
1.408 	11.831836
1.409 	9.502081
1.410 	6.270881
1.411 	4.288227
1.412 	3.929719
1.413 	5.038513
1.414 	6.980262
1.415 	7.696078
1.416 	7.516384
1.417 	8.846550
1.418 	11.125291
1.419 	11.815253
1.420 	11.252022
1.421 	9.618065
1.422 	6.785003
1.423 	5.215211
1.424 	6.428012
1.425 	7.769919
1.426 	8.339796
1.427 	8.260306
1.428 	6.812320
1.429 	4.691338
1.430 	3.779940
1.431 	5.668925
1.432 	8.850530
1.433 	11.024399
1.434 	12.542981
1.435 	12.823631
1.436 	10.439004
1.437 	7.532449
1.438 	6.605151
1.439 	7.245074
1.440 	8.646970
1.441 	9.106850
1.442 	7.179673
1.443 	5.421794
1.444 	5.723916
1.445 	7.599792
1.446 	9.140513
1.447 	8.790853
1.448 	8.982251
1.449 	11.606664
1.450 	13.098488
1.451 	10.211529
1.452 	6.515156
1.453 	4.810340
1.454 	4.260835
1.455 	4.744339
1.456 	5.392740
1.457 	6.497288
1.458 	8.069862
1.459 	7.175726
1.460 	5.851598
1.461 	7.209014
1.462 	8.469670
1.463 	7.439740
1.464 	4.924074
1.465 	3.424328
1.466 	6.027626
1.467 	10.032204
1.468 	11.503016
1.469 	10.101556
1.470 	7.693016
1.471 	7.701883
1.472 	9.292660
1.473 	9.739732
1.474 	8.148203
1.475 	6.469079
1.476 	6.749995
1.477 	7.595234
1.478 	7.486909
1.479 	7.118868
1.480 	4.843408
1.481 	2.465002
1.482 	4.752246
1.483 	9.215381
1.484 	12.816020
1.485 	13.463495
1.486 	10.492917
1.487 	7.918033
1.488 	8.044022
1.489 	7.696742
1.490 	5.485657
1.491 	5.278950
1.492 	7.030628
1.493 	5.645643
1.494 	5.693122
1.495 	9.320076
1.496 	11.757669
1.497 	11.331301
1.498 	9.958391
1.499 	9.756966
1.500 	10.044672
1.501 	10.186001
1.502 	8.681013
1.503 	8.186000
1.504 	9.556271
1.505 	9.014486
1.506 	8.040870
1.507 	8.342120
1.508 	5.738651
1.509 	3.045396
1.510 	5.549108
1.511 	11.857591
1.512 	15.792537
1.513 	14.741613
1.514 	12.159993
1.515 	10.841034
1.516 	9.603972
1.517 	8.176287
1.518 	8.140855
1.519 	9.859414
1.520 	10.720560
1.521 	9.673270
1.522 	9.073355
1.523 	9.013652
1.524 	8.104528
1.525 	9.340229
1.526 	11.017762
1.527 	9.610941
1.528 	7.533797
1.529 	6.666749
1.530 	7.901118
1.531 	9.458435
1.532 	9.088672
1.533 	8.814051
1.534 	10.260704
1.535 	11.878980
1.536 	12.156812
1.537 	11.849438
1.538 	10.157568
1.539 	7.844451
1.540 	6.562198
1.541 	5.361152
1.542 	6.211807
1.543 	8.300853
1.544 	8.255883
1.545 	10.941928
1.546 	14.318696
1.547 	12.284760
1.548 	11.929638
1.549 	13.687924
1.550 	12.444462
1.551 	9.768003
1.552 	8.542472
1.553 	5.185592
1.554 	4.085362
1.555 	7.697945
1.556 	10.348490
1.557 	10.606435
1.558 	11.169255
1.559 	10.584173
1.560 	10.029537
1.561 	13.003393
1.562 	15.095971
1.563 	14.245754
1.564 	12.627436
1.565 	11.909419
1.566 	12.595941
1.567 	13.872755
1.568 	15.016407
1.569 	13.365358
1.570 	10.092491
1.571 	9.715190
1.572 	9.491731
1.573 	9.422108
1.574 	6.971302
1.575 	4.116032
1.576 	7.929010
1.577 	11.051292
1.578 	9.529455
1.579 	9.500871
1.580 	14.162029
1.581 	15.999100
1.582 	10.468476
1.583 	6.431059
1.584 	11.114375
1.585 	14.180255
1.586 	11.458247
1.587 	10.058796
1.588 	9.366195
1.589 	10.221320
1.590 	10.706644
1.591 	10.887869
1.592 	15.200441
1.593 	20.415827
1.594 	16.254524
1.595 	7.923675
1.596 	6.558484
1.597 	8.737765
1.598 	7.532421
1.599 	11.292903
1.600 	16.790929
1.601 	11.348454
1.602 	10.125238
1.603 	16.836279
1.604 	16.888686
1.605 	13.650217
1.606 	14.041424
1.607 	15.040561
1.608 	10.246173
1.609 	7.028419
1.610 	12.122660
1.611 	15.484043
1.612 	14.252344
1.613 	12.926813
1.614 	10.328252
1.615 	9.154308
1.616 	10.745663
1.617 	16.335009
1.618 	15.231565
1.619 	9.046472
1.620 	8.869759
1.621 	14.370187
1.622 	13.792988
1.623 	9.900170
1.624 	13.511469
1.625 	14.021410
1.626 	10.228114
1.627 	7.314350
1.628 	5.857917
1.629 	9.910262
1.630 	13.000524
1.631 	10.726530
1.632 	10.054405
1.633 	14.059502
1.634 	12.490245
1.635 	13.088584
1.636 	15.770945
1.637 	16.033401
1.638 	17.068687
1.639 	15.197544
1.640 	12.395526
1.641 	12.824123
1.642 	9.928113
1.643 	14.431655
1.644 	19.069518
1.645 	19.291004
1.646 	16.338896
1.647 	17.684431
1.648 	12.389345
1.649 	6.921943
1.650 	3.070017
1.651 	6.783624
1.652 	8.437345
1.653 	9.820806
1.654 	12.074602
1.655 	11.896363
1.656 	13.873223
1.657 	19.660515
1.658 	18.488431
1.659 	10.055346
1.660 	8.344145
1.661 	6.652106
1.662 	6.284650
1.663 	16.988042
1.664 	25.056115
1.665 	19.378745
1.666 	11.377045
1.667 	10.982351
1.668 	13.069515
1.669 	17.766509
1.670 	14.706255
1.671 	10.518345
1.672 	5.323773
1.673 	5.372450
1.674 	11.984604
1.675 	14.318018
1.676 	8.763735
1.677 	8.071045
1.678 	6.624731
1.679 	16.475198
1.680 	16.523055
1.681 	14.985573
1.682 	22.590201
1.683 	19.750150
1.684 	20.785879
1.685 	9.737221
1.686 	8.181920
1.687 	-5.009713
1.688 	2.184213
1.689 	12.711989
1.690 	2.101682
1.691 	3.031684
1.692 	2.779276
1.693 	34.967270
1.694 	19.627763
1.695 	-0.731520
1.696 	6.971758
1.697 	-6.738959
1.698 	36.998021
1.699 	23.528502
1.700 	26.134604
