0.660 	41.906842
0.661 	34.536211
0.662 	35.098798
0.663 	42.030079
0.664 	35.217754
0.665 	46.434012
0.666 	27.954220
0.667 	34.969088
0.668 	43.687254
0.669 	36.195505
0.670 	38.457257
0.671 	36.984302
0.672 	47.752405
0.673 	36.153411
0.674 	34.095254
0.675 	34.786229
0.676 	36.367063
0.677 	32.465305
0.678 	43.515720
0.679 	38.103166
0.680 	42.790559
0.681 	37.010424
0.682 	33.082263
0.683 	36.416942
0.684 	37.421844
0.685 	34.386187
0.686 	33.637176
0.687 	44.485355
0.688 	43.638290
0.689 	36.159308
0.690 	40.342944
0.691 	34.700324
0.692 	37.603042
0.693 	42.506739
0.694 	34.592024
0.695 	35.498630
0.696 	36.435796
0.697 	32.411511
0.698 	33.086843
0.699 	38.704197
0.700 	38.699256
0.701 	41.231224
0.702 	36.949042
0.703 	39.531190
0.704 	40.990449
0.705 	35.167347
0.706 	35.920743
0.707 	35.325681
0.708 	40.478579
0.709 	40.200718
0.710 	35.692706
0.711 	31.823762
0.712 	38.521193
0.713 	37.586766
0.714 	35.845487
0.715 	34.399327
0.716 	36.332710
0.717 	40.028505
0.718 	36.267414
0.719 	35.349074
0.720 	38.930886
0.721 	39.668371
0.722 	38.070003
0.723 	36.660270
0.724 	38.703369
0.725 	34.864583
0.726 	34.136302
0.727 	33.461515
0.728 	35.577775
0.729 	37.914810
0.730 	33.547159
0.731 	33.219198
0.732 	38.361642
0.733 	39.230729
0.734 	36.195527
0.735 	34.371457
0.736 	34.150827
0.737 	34.879110
0.738 	35.972982
0.739 	37.602609
0.740 	38.035173
0.741 	36.377214
0.742 	34.763668
0.743 	35.168333
0.744 	38.445870
0.745 	39.555386
0.746 	36.960914
0.747 	36.122275
0.748 	37.075041
0.749 	37.279393
0.750 	35.684841
0.751 	36.882649
0.752 	37.193351
0.753 	35.053240
0.754 	34.318168
0.755 	34.417182
0.756 	35.558356
0.757 	38.487060
0.758 	38.447028
0.759 	37.329323
0.760 	33.907644
0.761 	29.780408
0.762 	34.026228
0.763 	37.545159
0.764 	36.095810
0.765 	33.338322
0.766 	35.215441
0.767 	37.435764
0.768 	35.926217
0.769 	34.746453
0.770 	34.955600
0.771 	32.910893
0.772 	32.495025
0.773 	34.686766
0.774 	37.064809
0.775 	36.952781
0.776 	34.118639
0.777 	33.530019
0.778 	35.944207
0.779 	37.896777
0.780 	35.600373
0.781 	33.038158
0.782 	34.002649
0.783 	36.202687
0.784 	35.834520
0.785 	34.742234
0.786 	35.306042
0.787 	35.309594
0.788 	34.941582
0.789 	35.809943
0.790 	36.758170
0.791 	35.042788
0.792 	33.772270
0.793 	34.820579
0.794 	36.187790
0.795 	37.411682
0.796 	36.352316
0.797 	33.578398
0.798 	33.137069
0.799 	33.621027
0.800 	32.558741
0.801 	33.508486
0.802 	34.332305
0.803 	34.999868
0.804 	35.681171
0.805 	33.312727
0.806 	31.390972
0.807 	31.727745
0.808 	34.147452
0.809 	36.694989
0.810 	37.553663
0.811 	36.700156
0.812 	35.457092
0.813 	34.098498
0.814 	33.117032
0.815 	32.104301
0.816 	30.344641
0.817 	30.024285
0.818 	31.095761
0.819 	32.828602
0.820 	33.366338
0.821 	33.540280
0.822 	35.679673
0.823 	37.136764
0.824 	37.460120
0.825 	36.179370
0.826 	32.607322
0.827 	30.987787
0.828 	32.365355
0.829 	33.170316
0.830 	31.838943
0.831 	30.417384
0.832 	31.384797
0.833 	33.819712
0.834 	35.030489
0.835 	35.081208
0.836 	33.908367
0.837 	31.731265
0.838 	30.979111
0.839 	32.427202
0.840 	32.916776
0.841 	32.747459
0.842 	33.404572
0.843 	33.769903
0.844 	34.349597
0.845 	34.879709
0.846 	33.976727
0.847 	32.767476
0.848 	32.785875
0.849 	33.054954
0.850 	32.945406
0.851 	32.829488
0.852 	32.261085
0.853 	31.731704
0.854 	31.552675
0.855 	31.282564
0.856 	32.265530
0.857 	33.332183
0.858 	32.320543
0.859 	30.774323
0.860 	31.167472
0.861 	33.278417
0.862 	34.099707
0.863 	33.745281
0.864 	33.824366
0.865 	33.769294
0.866 	32.596151
0.867 	32.134803
0.868 	32.431561
0.869 	32.304264
0.870 	32.319649
0.871 	33.014401
0.872 	33.480092
0.873 	33.227277
0.874 	33.186579
0.875 	32.832089
0.876 	31.740355
0.877 	31.100502
0.878 	31.871018
0.879 	33.764864
0.880 	34.947965
0.881 	33.799803
0.882 	32.172924
0.883 	32.689975
0.884 	33.232535
0.885 	31.292784
0.886 	29.864836
0.887 	30.582367
0.888 	31.975585
0.889 	33.699304
0.890 	34.084259
0.891 	32.128065
0.892 	30.224267
0.893 	29.749262
0.894 	29.664368
0.895 	30.014734
0.896 	31.440823
0.897 	32.614362
0.898 	32.688335
0.899 	32.547708
0.900 	33.003294
0.901 	33.552974
0.902 	32.981269
0.903 	31.388771
0.904 	30.621117
0.905 	30.811596
0.906 	30.311188
0.907 	29.510128
0.908 	29.446963
0.909 	30.110412
0.910 	31.857643
0.911 	33.304970
0.912 	32.174381
0.913 	29.791139
0.914 	29.012339
0.915 	30.271040
0.916 	31.659435
0.917 	31.174712
0.918 	30.206527
0.919 	30.838878
0.920 	31.699149
0.921 	31.641954
0.922 	31.417012
0.923 	31.510625
0.924 	31.559432
0.925 	31.267939
0.926 	31.179319
0.927 	31.002709
0.928 	30.855328
0.929 	31.198934
0.930 	31.167368
0.931 	30.443962
0.932 	30.071260
0.933 	30.268303
0.934 	31.128162
0.935 	31.663797
0.936 	31.216058
0.937 	29.741699
0.938 	29.378450
0.939 	30.259064
0.940 	30.287310
0.941 	28.714548
0.942 	27.040013
0.943 	28.454331
0.944 	30.825643
0.945 	30.941698
0.946 	30.198540
0.947 	30.206329
0.948 	31.494547
0.949 	31.409748
0.950 	30.411386
0.951 	30.287879
0.952 	30.897862
0.953 	29.564560
0.954 	28.876160
0.955 	28.529369
0.956 	28.000785
0.957 	28.069209
0.958 	28.242156
0.959 	28.363285
0.960 	27.994837
0.961 	28.302629
0.962 	29.273690
0.963 	30.780888
0.964 	32.464887
0.965 	30.588759
0.966 	28.932681
0.967 	29.019087
0.968 	28.191475
0.969 	27.026955
0.970 	26.829903
0.971 	28.027365
0.972 	28.315899
0.973 	29.238218
0.974 	28.609097
0.975 	28.304073
0.976 	28.179542
0.977 	28.821496
0.978 	28.674606
0.979 	28.526929
0.980 	29.868523
0.981 	28.648953
0.982 	26.844638
0.983 	28.214300
0.984 	28.118229
0.985 	27.895689
0.986 	29.873478
0.987 	30.601618
0.988 	29.324875
0.989 	28.284483
0.990 	27.331123
0.991 	27.972449
0.992 	27.939364
0.993 	28.153098
0.994 	28.180599
0.995 	28.411716
0.996 	29.510948
0.997 	29.931482
0.998 	28.973184
0.999 	27.063120
1.000 	26.170992
1.001 	27.319309
1.002 	29.738993
1.003 	30.543552
1.004 	29.378845
1.005 	27.889186
1.006 	28.682387
1.007 	30.334468
1.008 	31.561592
1.009 	31.679154
1.010 	29.504783
1.011 	28.747802
1.012 	29.011791
1.013 	29.667503
1.014 	29.898354
1.015 	29.421265
1.016 	29.750385
1.017 	30.028773
1.018 	29.923708
1.019 	29.456209
1.020 	28.979546
1.021 	28.952461
1.022 	28.776796
1.023 	28.830525
1.024 	29.042608
1.025 	29.057919
1.026 	29.152522
1.027 	29.347343
1.028 	30.092978
1.029 	31.485326
1.030 	31.757777
1.031 	30.031717
1.032 	28.862597
1.033 	28.875526
1.034 	28.818188
1.035 	29.362744
1.036 	30.023586
1.037 	30.647505
1.038 	29.807433
1.039 	27.993647
1.040 	27.010158
1.041 	28.231617
1.042 	31.232014
1.043 	32.013740
1.044 	29.779250
1.045 	28.031600
1.046 	28.403773
1.047 	29.942102
1.048 	29.814207
1.049 	29.675135
1.050 	31.623659
1.051 	32.801733
1.052 	31.977765
1.053 	30.645836
1.054 	29.010828
1.055 	28.539304
1.056 	28.965340
1.057 	30.138901
1.058 	30.821086
1.059 	30.432391
1.060 	29.536518
1.061 	29.536412
1.062 	29.536697
1.063 	28.505835
1.064 	28.391376
1.065 	28.453957
1.066 	28.397143
1.067 	29.584138
1.068 	30.966756
1.069 	30.620056
1.070 	30.188929
1.071 	30.494163
1.072 	31.344281
1.073 	31.442064
1.074 	29.928036
1.075 	30.272138
1.076 	31.200467
1.077 	29.715492
1.078 	29.143718
1.079 	29.921245
1.080 	29.474472
1.081 	28.219215
1.082 	26.995183
1.083 	26.689062
1.084 	28.843441
1.085 	30.268846
1.086 	29.762301
1.087 	30.032078
1.088 	31.237206
1.089 	31.757180
1.090 	31.256517
1.091 	30.867936
1.092 	30.494221
1.093 	29.441081
1.094 	28.675305
1.095 	28.488656
1.096 	28.721673
1.097 	30.068931
1.098 	30.950050
1.099 	29.876318
1.100 	29.092823
1.101 	29.178201
1.102 	29.556210
1.103 	30.480801
1.104 	31.253555
1.105 	30.895360
1.106 	30.891796
1.107 	31.619597
1.108 	31.220257
1.109 	29.599772
1.110 	28.091195
1.111 	28.235904
1.112 	29.399555
1.113 	29.593722
1.114 	29.318526
1.115 	29.316428
1.116 	28.883374
1.117 	27.630664
1.118 	25.527570
1.119 	25.593025
1.120 	29.074359
1.121 	31.723315
1.122 	32.052716
1.123 	31.276870
1.124 	30.879626
1.125 	31.574205
1.126 	31.419125
1.127 	29.785037
1.128 	28.483753
1.129 	27.382788
1.130 	26.871724
1.131 	28.244354
1.132 	29.117009
1.133 	28.699696
1.134 	28.280759
1.135 	27.559215
1.136 	26.887789
1.137 	26.925190
1.138 	25.789493
1.139 	23.513600
1.140 	23.858602
1.141 	26.314675
1.142 	27.291882
1.143 	25.728009
1.144 	23.017254
1.145 	22.785393
1.146 	25.553494
1.147 	27.385911
1.148 	26.437003
1.149 	24.766766
1.150 	25.008255
1.151 	26.720704
1.152 	27.319907
1.153 	26.365771
1.154 	26.201224
1.155 	26.985598
1.156 	27.796267
1.157 	27.374952
1.158 	26.108168
1.159 	25.525356
1.160 	25.130264
1.161 	24.166265
1.162 	21.839337
1.163 	19.045189
1.164 	18.688777
1.165 	21.277112
1.166 	23.879950
1.167 	24.772347
1.168 	24.780810
1.169 	24.794854
1.170 	25.251583
1.171 	25.009365
1.172 	23.770755
1.173 	23.276920
1.174 	23.367568
1.175 	23.555926
1.176 	23.971653
1.177 	23.080088
1.178 	21.676288
1.179 	22.436357
1.180 	24.768267
1.181 	26.097014
1.182 	24.964744
1.183 	23.709716
1.184 	24.530115
1.185 	25.836809
1.186 	25.056494
1.187 	23.153821
1.188 	21.758438
1.189 	20.978123
1.190 	20.962260
1.191 	21.431229
1.192 	22.507164
1.193 	24.025867
1.194 	24.654036
1.195 	23.913643
1.196 	23.222311
1.197 	22.773855
1.198 	21.810202
1.199 	21.049841
1.200 	21.011602
1.201 	21.600759
1.202 	22.758154
1.203 	24.059669
1.204 	25.361294
1.205 	25.824804
1.206 	23.859899
1.207 	20.870457
1.208 	19.282029
1.209 	20.365045
1.210 	23.191694
1.211 	24.670564
1.212 	24.006369
1.213 	23.506550
1.214 	24.227592
1.215 	25.819239
1.216 	26.532110
1.217 	24.770567
1.218 	22.601111
1.219 	22.512148
1.220 	23.763729
1.221 	24.995286
1.222 	25.233558
1.223 	24.680331
1.224 	24.771433
1.225 	24.896955
1.226 	24.480536
1.227 	25.045219
1.228 	26.218334
1.229 	26.253057
1.230 	25.522124
1.231 	24.229044
1.232 	22.224947
1.233 	22.018878
1.234 	24.268474
1.235 	26.085092
1.236 	27.045870
1.237 	27.313881
1.238 	26.044584
1.239 	23.175771
1.240 	20.340890
1.241 	19.546250
1.242 	19.853934
1.243 	20.878151
1.244 	23.125899
1.245 	25.298263
1.246 	25.327181
1.247 	24.230532
1.248 	24.408173
1.249 	24.872213
1.250 	24.640982
1.251 	25.451586
1.252 	27.746039
1.253 	28.516512
1.254 	26.886469
1.255 	24.234933
1.256 	21.955844
1.257 	21.391548
1.258 	22.562255
1.259 	23.422821
1.260 	24.083170
1.261 	25.344376
1.262 	26.546201
1.263 	26.463627
1.264 	25.245164
1.265 	24.357773
1.266 	24.481956
1.267 	25.130358
1.268 	25.325585
1.269 	25.307219
1.270 	24.291969
1.271 	22.471056
1.272 	22.766204
1.273 	25.197165
1.274 	26.896366
1.275 	26.799765
1.276 	26.276572
1.277 	25.663473
1.278 	24.619414
1.279 	23.548890
1.280 	22.489581
1.281 	20.939171
1.282 	20.367475
1.283 	22.262504
1.284 	24.217447
1.285 	23.255811
1.286 	21.639677
1.287 	22.176834
1.288 	23.674661
1.289 	24.949254
1.290 	25.840232
1.291 	25.871699
1.292 	24.416361
1.293 	22.023491
1.294 	21.080366
1.295 	23.152720
1.296 	25.301681
1.297 	25.572546
1.298 	24.587967
1.299 	23.084941
1.300 	22.716617
1.301 	23.618262
1.302 	23.677700
1.303 	22.410866
1.304 	21.933972
1.305 	22.979215
1.306 	23.917875
1.307 	24.544830
1.308 	25.676812
1.309 	25.386510
1.310 	23.542333
1.311 	22.832705
1.312 	23.896282
1.313 	24.981682
1.314 	24.379927
1.315 	22.394630
1.316 	20.932557
1.317 	21.354526
1.318 	22.371791
1.319 	22.438299
1.320 	22.444656
1.321 	22.857694
1.322 	22.808930
1.323 	22.046128
1.324 	21.146553
1.325 	20.375930
1.326 	18.948948
1.327 	17.244041
1.328 	18.139260
1.329 	20.942441
1.330 	22.226654
1.331 	22.124119
1.332 	21.627112
1.333 	21.471882
1.334 	21.318825
1.335 	20.393455
1.336 	19.390480
1.337 	18.425089
1.338 	17.958628
1.339 	19.854065
1.340 	22.659365
1.341 	23.285266
1.342 	21.729169
1.343 	20.388456
1.344 	20.015094
1.345 	19.058554
1.346 	18.460339
1.347 	19.333456
1.348 	19.523276
1.349 	18.372566
1.350 	18.082010
1.351 	19.138046
1.352 	20.783185
1.353 	22.724571
1.354 	22.153248
1.355 	18.032494
1.356 	13.841177
1.357 	12.770844
1.358 	15.600660
1.359 	19.950920
1.360 	23.361670
1.361 	23.396300
1.362 	21.971389
1.363 	22.051462
1.364 	21.490322
1.365 	19.277771
1.366 	18.463297
1.367 	18.539473
1.368 	16.972021
1.369 	15.569435
1.370 	15.995492
1.371 	15.862966
1.372 	15.627103
1.373 	17.575835
1.374 	19.730454
1.375 	19.227460
1.376 	18.218263
1.377 	17.270353
1.378 	15.580760
1.379 	14.468966
1.380 	13.921637
1.381 	13.294232
1.382 	13.846219
1.383 	14.756661
1.384 	14.432117
1.385 	15.063826
1.386 	15.668489
1.387 	14.514556
1.388 	13.081450
1.389 	13.314074
1.390 	14.886808
1.391 	15.914283
1.392 	15.376554
1.393 	13.291108
1.394 	10.888327
1.395 	9.690746
1.396 	10.328722
1.397 	11.119668
1.398 	11.733724
1.399 	13.795955
1.400 	15.467848
1.401 	14.654721
1.402 	13.527951
1.403 	14.560433
1.404 	16.112828
1.405 	13.773765
1.406 	9.066340
1.407 	8.576513
1.408 	12.560823
1.409 	15.487062
1.410 	14.401054
1.411 	11.001734
1.412 	7.711920
1.413 	7.014792
1.414 	10.219927
1.415 	13.904872
1.416 	14.679797
1.417 	12.390171
1.418 	10.338622
1.419 	10.868902
1.420 	12.699649
1.421 	14.594414
1.422 	14.875094
1.423 	12.477389
1.424 	9.795102
1.425 	8.467012
1.426 	8.007845
1.427 	8.211732
1.428 	9.143350
1.429 	11.172069
1.430 	13.085130
1.431 	11.746430
1.432 	8.838396
1.433 	8.724052
1.434 	11.310582
1.435 	13.836991
1.436 	13.606013
1.437 	10.647273
1.438 	9.962238
1.439 	13.222036
1.440 	14.593767
1.441 	11.456542
1.442 	8.048173
1.443 	8.404276
1.444 	11.687047
1.445 	13.697541
1.446 	12.131114
1.447 	10.183324
1.448 	9.292636
1.449 	10.088855
1.450 	13.356558
1.451 	15.138503
1.452 	12.493349
1.453 	7.541982
1.454 	5.117611
1.455 	7.130038
1.456 	9.813904
1.457 	10.276903
1.458 	10.692279
1.459 	11.777345
1.460 	12.767248
1.461 	13.778861
1.462 	14.475534
1.463 	13.282660
1.464 	10.526330
1.465 	9.492466
1.466 	9.481863
1.467 	10.223216
1.468 	14.071338
1.469 	15.517437
1.470 	11.374771
1.471 	7.599389
1.472 	6.715421
1.473 	8.570558
1.474 	12.638894
1.475 	13.752786
1.476 	10.850809
1.477 	8.104969
1.478 	7.902078
1.479 	10.381764
1.480 	12.791869
1.481 	11.687181
1.482 	8.236759
1.483 	7.277065
1.484 	8.412998
1.485 	9.103315
1.486 	11.057284
1.487 	15.258411
1.488 	18.486202
1.489 	17.251202
1.490 	13.313474
1.491 	10.907555
1.492 	11.969706
1.493 	14.989620
1.494 	15.877296
1.495 	14.099359
1.496 	13.346684
1.497 	13.271790
1.498 	12.485893
1.499 	13.278608
1.500 	13.488815
1.501 	12.276286
1.502 	12.273490
1.503 	13.619666
1.504 	13.934936
1.505 	10.856141
1.506 	7.547012
1.507 	7.392169
1.508 	9.039707
1.509 	13.358423
1.510 	15.837380
1.511 	14.039124
1.512 	10.471337
1.513 	9.071820
1.514 	12.526853
1.515 	15.346840
1.516 	14.669154
1.517 	11.690973
1.518 	9.060577
1.519 	9.296965
1.520 	12.814859
1.521 	14.814585
1.522 	12.938404
1.523 	11.995045
1.524 	11.911698
1.525 	11.072678
1.526 	9.433583
1.527 	8.506837
1.528 	11.045622
1.529 	12.716815
1.530 	12.956323
1.531 	16.424426
1.532 	19.943610
1.533 	19.217687
1.534 	15.249428
1.535 	12.541186
1.536 	11.206794
1.537 	10.221724
1.538 	10.708567
1.539 	13.112208
1.540 	14.685011
1.541 	13.639579
1.542 	11.687068
1.543 	11.704778
1.544 	11.673958
1.545 	9.666803
1.546 	8.928972
1.547 	12.334674
1.548 	15.197374
1.549 	15.568225
1.550 	15.211215
1.551 	11.809392
1.552 	10.530303
1.553 	11.670275
1.554 	13.142920
1.555 	15.308081
1.556 	14.441998
1.557 	10.956636
1.558 	11.464871
1.559 	15.922964
1.560 	17.634502
1.561 	13.083791
1.562 	9.082888
1.563 	8.696130
1.564 	10.555024
1.565 	12.409344
1.566 	14.240671
1.567 	16.624689
1.568 	14.039046
1.569 	14.273220
1.570 	16.441955
1.571 	13.144924
1.572 	9.150212
1.573 	12.326108
1.574 	16.093255
1.575 	17.358593
1.576 	17.895859
1.577 	15.886850
1.578 	13.567676
1.579 	13.010882
1.580 	15.577797
1.581 	20.003894
1.582 	21.831822
1.583 	18.063701
1.584 	12.085945
1.585 	12.773319
1.586 	17.520326
1.587 	18.235314
1.588 	17.092346
1.589 	13.926309
1.590 	10.482463
1.591 	8.778284
1.592 	9.323384
1.593 	13.696992
1.594 	17.109125
1.595 	18.952341
1.596 	15.839014
1.597 	13.380602
1.598 	16.397713
1.599 	18.569617
1.600 	19.912845
1.601 	18.095840
1.602 	16.527365
1.603 	14.536352
1.604 	12.004316
1.605 	11.921131
1.606 	15.500550
1.607 	18.470282
1.608 	17.122763
1.609 	16.568065
1.610 	15.765298
1.611 	12.916109
1.612 	13.790308
1.613 	14.461365
1.614 	13.340427
1.615 	15.336233
1.616 	16.226535
1.617 	16.415323
1.618 	17.959730
1.619 	16.379654
1.620 	14.242487
1.621 	16.929445
1.622 	15.095206
1.623 	13.056272
1.624 	21.657283
1.625 	20.703781
1.626 	16.665948
1.627 	18.392890
1.628 	14.519093
1.629 	4.998948
1.630 	5.767025
1.631 	14.397283
1.632 	17.946167
1.633 	17.839090
1.634 	19.741326
1.635 	18.237375
1.636 	10.298977
1.637 	4.828162
1.638 	13.764417
1.639 	20.561187
1.640 	20.337529
1.641 	20.847790
1.642 	19.214173
1.643 	13.081739
1.644 	10.256432
1.645 	15.206027
1.646 	15.865172
1.647 	16.782808
1.648 	15.416787
1.649 	16.844135
1.650 	18.337399
1.651 	15.242754
1.652 	15.877016
1.653 	21.912898
1.654 	21.924431
1.655 	12.853246
1.656 	8.697441
1.657 	12.190873
1.658 	15.914851
1.659 	20.053607
1.660 	14.882627
1.661 	15.679146
1.662 	25.016818
1.663 	27.074626
1.664 	20.572389
1.665 	19.620690
1.666 	20.122544
1.667 	19.990694
1.668 	12.158254
1.669 	10.596381
1.670 	17.858525
1.671 	20.112782
1.672 	15.534359
1.673 	11.537198
1.674 	8.677175
1.675 	15.540921
1.676 	16.232348
1.677 	21.895246
1.678 	6.667473
1.679 	8.418626
1.680 	25.338960
1.681 	9.926524
1.682 	23.821836
1.683 	24.055078
1.684 	24.026405
1.685 	39.834561
1.686 	30.733254
1.687 	25.424186
1.688 	-5.900748
1.689 	-5.234151
1.690 	9.595128
1.691 	23.452023
1.692 	3.398722
1.693 	24.871056
1.694 	0.035596
1.695 	11.468734
1.696 	37.309610
1.697 	47.888861
1.698 	10.529130
1.699 	-12.722144
1.700 	13.759943
