0.660 	39.809782
0.661 	35.950176
0.662 	28.161575
0.663 	24.880903
0.664 	27.521314
0.665 	36.741041
0.666 	31.214071
0.667 	28.397284
0.668 	41.462103
0.669 	19.086794
0.670 	34.341524
0.671 	28.477423
0.672 	37.639951
0.673 	37.511428
0.674 	32.379820
0.675 	34.701565
0.676 	33.241637
0.677 	28.322733
0.678 	26.412699
0.679 	21.693600
0.680 	33.939025
0.681 	36.354228
0.682 	20.917539
0.683 	33.113032
0.684 	38.068897
0.685 	35.483565
0.686 	33.227505
0.687 	30.538122
0.688 	35.420737
0.689 	34.043581
0.690 	27.074043
0.691 	23.327167
0.692 	29.066187
0.693 	32.902301
0.694 	26.356113
0.695 	30.299326
0.696 	32.606608
0.697 	29.779579
0.698 	27.368939
0.699 	31.879409
0.700 	33.250971
0.701 	35.440679
0.702 	28.455584
0.703 	24.445735
0.704 	36.718122
0.705 	35.273388
0.706 	32.365105
0.707 	27.672350
0.708 	31.556181
0.709 	31.436040
0.710 	28.458744
0.711 	28.468096
0.712 	30.264736
0.713 	29.433288
0.714 	30.744422
0.715 	33.673171
0.716 	31.361138
0.717 	28.083114
0.718 	25.378094
0.719 	28.694613
0.720 	29.309285
0.721 	30.353892
0.722 	31.316391
0.723 	30.849004
0.724 	30.050302
0.725 	29.082426
0.726 	30.142641
0.727 	29.725882
0.728 	29.938928
0.729 	33.118831
0.730 	29.606320
0.731 	24.917990
0.732 	27.279809
0.733 	29.398517
0.734 	29.189436
0.735 	29.533518
0.736 	30.227727
0.737 	30.101324
0.738 	30.732627
0.739 	30.991579
0.740 	32.133283
0.741 	34.814368
0.742 	31.488389
0.743 	29.036621
0.744 	29.110981
0.745 	31.134866
0.746 	29.224262
0.747 	29.868092
0.748 	29.773609
0.749 	27.634036
0.750 	28.695903
0.751 	31.590796
0.752 	30.844498
0.753 	26.837444
0.754 	24.260985
0.755 	24.351273
0.756 	29.983217
0.757 	34.454155
0.758 	32.937831
0.759 	30.349354
0.760 	26.747880
0.761 	23.772493
0.762 	28.327764
0.763 	31.926888
0.764 	32.083678
0.765 	30.994642
0.766 	31.129651
0.767 	30.325486
0.768 	29.238848
0.769 	28.679647
0.770 	28.118389
0.771 	27.295339
0.772 	27.578858
0.773 	28.971106
0.774 	27.639355
0.775 	25.321339
0.776 	26.605884
0.777 	27.598133
0.778 	26.545487
0.779 	27.952260
0.780 	28.091935
0.781 	25.866492
0.782 	24.392558
0.783 	24.735439
0.784 	28.686712
0.785 	31.974617
0.786 	31.830412
0.787 	31.323998
0.788 	30.302016
0.789 	29.707188
0.790 	29.666492
0.791 	29.781091
0.792 	29.488948
0.793 	27.265555
0.794 	27.420836
0.795 	28.244600
0.796 	27.886629
0.797 	26.769603
0.798 	25.765292
0.799 	25.709344
0.800 	28.127691
0.801 	30.366550
0.802 	30.721604
0.803 	30.466171
0.804 	28.077968
0.805 	25.681012
0.806 	25.743587
0.807 	26.709929
0.808 	27.899757
0.809 	29.240502
0.810 	30.173305
0.811 	29.496872
0.812 	28.074082
0.813 	28.233521
0.814 	29.164312
0.815 	29.260978
0.816 	28.179043
0.817 	27.250099
0.818 	27.403042
0.819 	27.242893
0.820 	25.533757
0.821 	25.724397
0.822 	27.921516
0.823 	28.880406
0.824 	29.319058
0.825 	29.920920
0.826 	29.068912
0.827 	27.594674
0.828 	27.429277
0.829 	25.990798
0.830 	23.116998
0.831 	22.897349
0.832 	25.307213
0.833 	28.036107
0.834 	30.300665
0.835 	30.406184
0.836 	27.585367
0.837 	25.268888
0.838 	25.755393
0.839 	28.356603
0.840 	29.311814
0.841 	28.503515
0.842 	27.739591
0.843 	27.232654
0.844 	27.179109
0.845 	27.473827
0.846 	27.736340
0.847 	28.096714
0.848 	28.479428
0.849 	28.508297
0.850 	28.951358
0.851 	28.960527
0.852 	26.962044
0.853 	24.668026
0.854 	24.476174
0.855 	25.900660
0.856 	26.467957
0.857 	26.396735
0.858 	27.184717
0.859 	27.651172
0.860 	27.796421
0.861 	29.198480
0.862 	30.304093
0.863 	30.568545
0.864 	30.329302
0.865 	29.499246
0.866 	27.862713
0.867 	26.885375
0.868 	27.104014
0.869 	26.817461
0.870 	25.670620
0.871 	24.827663
0.872 	25.631457
0.873 	27.752479
0.874 	29.169224
0.875 	28.873907
0.876 	27.654453
0.877 	26.228241
0.878 	25.117261
0.879 	25.274493
0.880 	27.437089
0.881 	29.365623
0.882 	28.098214
0.883 	25.457733
0.884 	25.129906
0.885 	26.124253
0.886 	26.253483
0.887 	26.600024
0.888 	28.072292
0.889 	29.220144
0.890 	28.589912
0.891 	26.762374
0.892 	25.558649
0.893 	26.190673
0.894 	27.042882
0.895 	26.814294
0.896 	27.082034
0.897 	28.104646
0.898 	28.582814
0.899 	27.734411
0.900 	26.276700
0.901 	25.770191
0.902 	26.075323
0.903 	26.400150
0.904 	26.697742
0.905 	26.223844
0.906 	25.633502
0.907 	26.396232
0.908 	27.463781
0.909 	27.770220
0.910 	27.630602
0.911 	27.222695
0.912 	26.441392
0.913 	25.533046
0.914 	25.126600
0.915 	25.029016
0.916 	24.915392
0.917 	25.198092
0.918 	25.691387
0.919 	26.246523
0.920 	26.982543
0.921 	26.754223
0.922 	25.199362
0.923 	23.941099
0.924 	24.533966
0.925 	26.107368
0.926 	26.947041
0.927 	26.780422
0.928 	26.677023
0.929 	26.795093
0.930 	26.644522
0.931 	26.426635
0.932 	25.771111
0.933 	24.626357
0.934 	24.056073
0.935 	24.910826
0.936 	25.111513
0.937 	23.768129
0.938 	23.722631
0.939 	26.014154
0.940 	26.828158
0.941 	25.566453
0.942 	24.812243
0.943 	25.890547
0.944 	28.234081
0.945 	27.915062
0.946 	25.274693
0.947 	22.986744
0.948 	23.726479
0.949 	26.432361
0.950 	27.319457
0.951 	27.217561
0.952 	25.712058
0.953 	24.519442
0.954 	25.637817
0.955 	26.792838
0.956 	26.049181
0.957 	24.489434
0.958 	23.448156
0.959 	21.984215
0.960 	23.010959
0.961 	24.835770
0.962 	24.647300
0.963 	24.686444
0.964 	24.173975
0.965 	23.138831
0.966 	22.384827
0.967 	23.979516
0.968 	24.086344
0.969 	23.344941
0.970 	21.839176
0.971 	22.283806
0.972 	24.498311
0.973 	25.337505
0.974 	24.325606
0.975 	24.499924
0.976 	25.537606
0.977 	24.787140
0.978 	22.178048
0.979 	23.325630
0.980 	25.734894
0.981 	24.624498
0.982 	24.510699
0.983 	23.600559
0.984 	22.527276
0.985 	24.484351
0.986 	25.341132
0.987 	23.314681
0.988 	21.672717
0.989 	22.256540
0.990 	22.831315
0.991 	21.966031
0.992 	23.339644
0.993 	25.418642
0.994 	23.524037
0.995 	22.740906
0.996 	25.623262
0.997 	26.197617
0.998 	22.121101
0.999 	21.486428
1.000 	23.746263
1.001 	24.305675
1.002 	24.680254
1.003 	24.063261
1.004 	22.327025
1.005 	24.099817
1.006 	26.479478
1.007 	25.835894
1.008 	25.083268
1.009 	24.043318
1.010 	22.172956
1.011 	23.681953
1.012 	25.028367
1.013 	23.248617
1.014 	22.553428
1.015 	22.479327
1.016 	22.916235
1.017 	24.250529
1.018 	24.462596
1.019 	22.493783
1.020 	22.534423
1.021 	24.068209
1.022 	26.073795
1.023 	25.155779
1.024 	22.204873
1.025 	21.410204
1.026 	23.869136
1.027 	25.575259
1.028 	23.055948
1.029 	21.291748
1.030 	23.568580
1.031 	26.575023
1.032 	26.681512
1.033 	23.902409
1.034 	22.756738
1.035 	24.303865
1.036 	23.556175
1.037 	22.161724
1.038 	22.554833
1.039 	21.904749
1.040 	22.158129
1.041 	24.028241
1.042 	26.065122
1.043 	25.606621
1.044 	23.153993
1.045 	22.041921
1.046 	22.274410
1.047 	22.520443
1.048 	24.143418
1.049 	26.378396
1.050 	26.615647
1.051 	23.767864
1.052 	23.331545
1.053 	25.391510
1.054 	24.253491
1.055 	20.888618
1.056 	21.149345
1.057 	23.320632
1.058 	23.417881
1.059 	22.104818
1.060 	21.083414
1.061 	22.420564
1.062 	25.572786
1.063 	26.627112
1.064 	24.463465
1.065 	21.041065
1.066 	21.232080
1.067 	24.897408
1.068 	28.078097
1.069 	26.749176
1.070 	22.768763
1.071 	20.725619
1.072 	23.459932
1.073 	25.844247
1.074 	25.229651
1.075 	24.607864
1.076 	23.380638
1.077 	22.211519
1.078 	24.530276
1.079 	26.977723
1.080 	25.411955
1.081 	22.317262
1.082 	20.696932
1.083 	20.637725
1.084 	22.009206
1.085 	23.389965
1.086 	23.490369
1.087 	24.227587
1.088 	25.849647
1.089 	25.892951
1.090 	24.494707
1.091 	23.478997
1.092 	23.593192
1.093 	24.801162
1.094 	25.198629
1.095 	24.293349
1.096 	23.928305
1.097 	24.068693
1.098 	23.965226
1.099 	22.941609
1.100 	21.313048
1.101 	21.234985
1.102 	22.928734
1.103 	23.987857
1.104 	23.507610
1.105 	23.609326
1.106 	23.858541
1.107 	24.615605
1.108 	25.359288
1.109 	24.322069
1.110 	22.679862
1.111 	21.798943
1.112 	21.844127
1.113 	22.570660
1.114 	23.096858
1.115 	23.536821
1.116 	24.044560
1.117 	23.774258
1.118 	22.706817
1.119 	21.834808
1.120 	21.835306
1.121 	22.386737
1.122 	23.578190
1.123 	25.247593
1.124 	26.028344
1.125 	24.939858
1.126 	23.347520
1.127 	22.824185
1.128 	22.745977
1.129 	22.094247
1.130 	21.520668
1.131 	23.133461
1.132 	24.781837
1.133 	23.893530
1.134 	21.928397
1.135 	20.813504
1.136 	21.177915
1.137 	22.268665
1.138 	22.145377
1.139 	20.200730
1.140 	19.975349
1.141 	22.223075
1.142 	23.731474
1.143 	23.495808
1.144 	21.916731
1.145 	20.350226
1.146 	19.605001
1.147 	19.613771
1.148 	20.460487
1.149 	21.301818
1.150 	21.797335
1.151 	22.311831
1.152 	22.409552
1.153 	22.072290
1.154 	22.024594
1.155 	22.317135
1.156 	23.065822
1.157 	22.916872
1.158 	21.442315
1.159 	20.482804
1.160 	20.179117
1.161 	20.067570
1.162 	18.886641
1.163 	17.611103
1.164 	17.907093
1.165 	19.136888
1.166 	20.475212
1.167 	21.740855
1.168 	22.507881
1.169 	21.924000
1.170 	20.601511
1.171 	18.820466
1.172 	16.702302
1.173 	15.553682
1.174 	15.988167
1.175 	17.891000
1.176 	19.745777
1.177 	20.457833
1.178 	20.342009
1.179 	20.112188
1.180 	20.041464
1.181 	20.229203
1.182 	20.793964
1.183 	20.801629
1.184 	20.510127
1.185 	20.844763
1.186 	20.129167
1.187 	18.572096
1.188 	18.022355
1.189 	17.782956
1.190 	17.712552
1.191 	18.438462
1.192 	19.347493
1.193 	19.768246
1.194 	19.869780
1.195 	19.682256
1.196 	19.393444
1.197 	18.775129
1.198 	17.179315
1.199 	16.523481
1.200 	18.798123
1.201 	21.631646
1.202 	22.350304
1.203 	21.351811
1.204 	20.297578
1.205 	20.253449
1.206 	20.664940
1.207 	20.358443
1.208 	18.591267
1.209 	17.019350
1.210 	17.307592
1.211 	18.775319
1.212 	18.809040
1.213 	18.156367
1.214 	19.385214
1.215 	21.600763
1.216 	22.206433
1.217 	21.081328
1.218 	19.738220
1.219 	19.341337
1.220 	19.204146
1.221 	18.606590
1.222 	18.386541
1.223 	18.784009
1.224 	19.316330
1.225 	19.795902
1.226 	20.299215
1.227 	20.853676
1.228 	22.020751
1.229 	23.446628
1.230 	23.638663
1.231 	21.386809
1.232 	18.220085
1.233 	17.522856
1.234 	19.293554
1.235 	21.030497
1.236 	22.570998
1.237 	23.179598
1.238 	21.465138
1.239 	18.236384
1.240 	16.234571
1.241 	16.825949
1.242 	17.886217
1.243 	19.027270
1.244 	20.533891
1.245 	21.111452
1.246 	20.476092
1.247 	19.591702
1.248 	19.527074
1.249 	20.220736
1.250 	20.757238
1.251 	21.175117
1.252 	22.586784
1.253 	23.383025
1.254 	21.756429
1.255 	19.359510
1.256 	19.019391
1.257 	20.718348
1.258 	21.377968
1.259 	19.599735
1.260 	18.139434
1.261 	19.269016
1.262 	21.219543
1.263 	21.664595
1.264 	20.368310
1.265 	18.397570
1.266 	18.459406
1.267 	21.041933
1.268 	22.894638
1.269 	22.886362
1.270 	21.007655
1.271 	18.622614
1.272 	17.816329
1.273 	18.700426
1.274 	20.311540
1.275 	21.162004
1.276 	20.921317
1.277 	21.042858
1.278 	21.912502
1.279 	21.708330
1.280 	19.203278
1.281 	16.338952
1.282 	15.700423
1.283 	17.497930
1.284 	20.313725
1.285 	22.359071
1.286 	22.724659
1.287 	20.514355
1.288 	18.488476
1.289 	19.856231
1.290 	22.048858
1.291 	22.104118
1.292 	21.220944
1.293 	20.836070
1.294 	21.398661
1.295 	21.450168
1.296 	19.638374
1.297 	18.979121
1.298 	20.093846
1.299 	19.897544
1.300 	18.615180
1.301 	18.921459
1.302 	20.550912
1.303 	21.200891
1.304 	20.563273
1.305 	20.101829
1.306 	19.393331
1.307 	18.420100
1.308 	18.726203
1.309 	19.982283
1.310 	20.678475
1.311 	19.976497
1.312 	19.702688
1.313 	21.046093
1.314 	21.508502
1.315 	20.736984
1.316 	19.913091
1.317 	18.611968
1.318 	17.462454
1.319 	17.529192
1.320 	18.700328
1.321 	19.788591
1.322 	19.525331
1.323 	18.195394
1.324 	17.197545
1.325 	17.649417
1.326 	17.845629
1.327 	17.422136
1.328 	19.167124
1.329 	22.601369
1.330 	24.363634
1.331 	22.846220
1.332 	19.787277
1.333 	17.891229
1.334 	16.151613
1.335 	14.365902
1.336 	15.333946
1.337 	16.989045
1.338 	17.014776
1.339 	17.434096
1.340 	18.762826
1.341 	18.990681
1.342 	19.049465
1.343 	19.714513
1.344 	18.858441
1.345 	17.430633
1.346 	18.421278
1.347 	19.377663
1.348 	17.622681
1.349 	15.299230
1.350 	14.656243
1.351 	15.358421
1.352 	16.804449
1.353 	17.153048
1.354 	15.528088
1.355 	14.380619
1.356 	15.151844
1.357 	16.609951
1.358 	17.868393
1.359 	17.746693
1.360 	16.924628
1.361 	17.699422
1.362 	19.063452
1.363 	18.902314
1.364 	17.442629
1.365 	15.574981
1.366 	15.382586
1.367 	16.847992
1.368 	17.727002
1.369 	17.403636
1.370 	16.610166
1.371 	15.283413
1.372 	14.336282
1.373 	15.436290
1.374 	17.150981
1.375 	16.405729
1.376 	14.691849
1.377 	13.097939
1.378 	12.183180
1.379 	14.019338
1.380 	15.415775
1.381 	13.439203
1.382 	11.663554
1.383 	12.498356
1.384 	13.925950
1.385 	15.075791
1.386 	15.469199
1.387 	15.158205
1.388 	14.486636
1.389 	13.610081
1.390 	13.322875
1.391 	13.635230
1.392 	14.134058
1.393 	13.919821
1.394 	11.845747
1.395 	9.214563
1.396 	8.814658
1.397 	9.508782
1.398 	10.921070
1.399 	13.755915
1.400 	13.699285
1.401 	9.928215
1.402 	6.937948
1.403 	7.264251
1.404 	10.110920
1.405 	12.726913
1.406 	12.840672
1.407 	12.041589
1.408 	11.802892
1.409 	11.070201
1.410 	9.491021
1.411 	6.832229
1.412 	3.796498
1.413 	3.683691
1.414 	7.786880
1.415 	11.441388
1.416 	10.587904
1.417 	7.685784
1.418 	7.624734
1.419 	10.576658
1.420 	12.959126
1.421 	13.431147
1.422 	11.791759
1.423 	8.526167
1.424 	6.148216
1.425 	5.898035
1.426 	7.148140
1.427 	8.562430
1.428 	9.590811
1.429 	10.358063
1.430 	10.933813
1.431 	10.347228
1.432 	8.486153
1.433 	7.356357
1.434 	8.451631
1.435 	10.015058
1.436 	10.855025
1.437 	10.874939
1.438 	9.918813
1.439 	11.108823
1.440 	12.798515
1.441 	10.729506
1.442 	7.440201
1.443 	7.498927
1.444 	10.388058
1.445 	11.927049
1.446 	10.052364
1.447 	6.912299
1.448 	5.623868
1.449 	8.500039
1.450 	12.726572
1.451 	13.554757
1.452 	12.060135
1.453 	10.879263
1.454 	9.198395
1.455 	6.576396
1.456 	5.318497
1.457 	7.341500
1.458 	10.229292
1.459 	9.856538
1.460 	8.994903
1.461 	10.547751
1.462 	12.847267
1.463 	13.953433
1.464 	12.739722
1.465 	9.340360
1.466 	5.330665
1.467 	4.974014
1.468 	9.137286
1.469 	11.829191
1.470 	11.046847
1.471 	8.079705
1.472 	5.229122
1.473 	6.253134
1.474 	8.899178
1.475 	9.010430
1.476 	7.774287
1.477 	7.338310
1.478 	7.664549
1.479 	7.991788
1.480 	7.106736
1.481 	6.832738
1.482 	8.614298
1.483 	10.532524
1.484 	12.841280
1.485 	14.522981
1.486 	14.199297
1.487 	13.159560
1.488 	11.545232
1.489 	9.672998
1.490 	7.924222
1.491 	9.021457
1.492 	13.657306
1.493 	15.176213
1.494 	12.374387
1.495 	9.043799
1.496 	7.334847
1.497 	7.054579
1.498 	8.064648
1.499 	10.538919
1.500 	11.342205
1.501 	11.757298
1.502 	11.995682
1.503 	9.934842
1.504 	7.427403
1.505 	5.641419
1.506 	5.625762
1.507 	8.017494
1.508 	10.904447
1.509 	14.127617
1.510 	15.105458
1.511 	11.518750
1.512 	7.937501
1.513 	9.568456
1.514 	12.377181
1.515 	11.193289
1.516 	11.446645
1.517 	13.653841
1.518 	12.922742
1.519 	11.857448
1.520 	11.231394
1.521 	10.936010
1.522 	11.566574
1.523 	10.251400
1.524 	7.990972
1.525 	8.483468
1.526 	10.878091
1.527 	11.922264
1.528 	10.561875
1.529 	10.039847
1.530 	10.880556
1.531 	12.227491
1.532 	13.304252
1.533 	11.048670
1.534 	10.221748
1.535 	13.763708
1.536 	14.071301
1.537 	9.169567
1.538 	3.783977
1.539 	5.971302
1.540 	13.128693
1.541 	16.529658
1.542 	15.679795
1.543 	13.114270
1.544 	9.500525
1.545 	8.646023
1.546 	12.791416
1.547 	16.679059
1.548 	15.294292
1.549 	14.444001
1.550 	16.940688
1.551 	12.729974
1.552 	5.246845
1.553 	5.951870
1.554 	11.422661
1.555 	13.363113
1.556 	12.997101
1.557 	15.092655
1.558 	17.832595
1.559 	18.575016
1.560 	17.653012
1.561 	13.641493
1.562 	9.482856
1.563 	7.231467
1.564 	8.030482
1.565 	9.368289
1.566 	9.605898
1.567 	11.490974
1.568 	12.675669
1.569 	15.699520
1.570 	17.077242
1.571 	16.235233
1.572 	14.073966
1.573 	13.233045
1.574 	12.631811
1.575 	11.454278
1.576 	11.846105
1.577 	11.859387
1.578 	12.027954
1.579 	12.062062
1.580 	11.709072
1.581 	12.288209
1.582 	16.593974
1.583 	19.037175
1.584 	13.675159
1.585 	10.317376
1.586 	10.660946
1.587 	15.182522
1.588 	19.670155
1.589 	16.506821
1.590 	10.103132
1.591 	6.359857
1.592 	10.901044
1.593 	17.020115
1.594 	17.851378
1.595 	18.301619
1.596 	14.705954
1.597 	7.278319
1.598 	7.294096
1.599 	13.042777
1.600 	19.763724
1.601 	17.494283
1.602 	11.960610
1.603 	11.470607
1.604 	9.404243
1.605 	7.496901
1.606 	11.619963
1.607 	15.761073
1.608 	15.368501
1.609 	17.311052
1.610 	15.581095
1.611 	12.141213
1.612 	11.821660
1.613 	11.440094
1.614 	13.751112
1.615 	18.075310
1.616 	19.452137
1.617 	18.480510
1.618 	16.670362
1.619 	13.984502
1.620 	9.165213
1.621 	10.599430
1.622 	14.622868
1.623 	15.587928
1.624 	18.085589
1.625 	17.527256
1.626 	17.280238
1.627 	20.580541
1.628 	17.472256
1.629 	9.081684
1.630 	8.725343
1.631 	12.879252
1.632 	15.107827
1.633 	16.561609
1.634 	16.777483
1.635 	18.132004
1.636 	15.642219
1.637 	12.680072
1.638 	9.775559
1.639 	8.806560
1.640 	11.677050
1.641 	19.373698
1.642 	17.177903
1.643 	8.948485
1.644 	4.328813
1.645 	13.103236
1.646 	17.914951
1.647 	19.294288
1.648 	16.923152
1.649 	14.553012
1.650 	16.118923
1.651 	17.175493
1.652 	11.254801
1.653 	14.446357
1.654 	15.945747
1.655 	11.286473
1.656 	8.873842
1.657 	8.741611
1.658 	16.109009
1.659 	21.781100
1.660 	13.076779
1.661 	13.754590
1.662 	13.375358
1.663 	18.046800
1.664 	17.293515
1.665 	23.604851
1.666 	22.130160
1.667 	19.039606
1.668 	9.493886
1.669 	7.751172
1.670 	14.498308
1.671 	16.020585
1.672 	16.345105
1.673 	13.139170
1.674 	11.422105
1.675 	16.669824
1.676 	17.267289
1.677 	10.576129
1.678 	5.036628
1.679 	-0.742241
1.680 	15.348193
1.681 	23.289143
1.682 	25.567110
1.683 	20.249406
1.684 	16.240347
1.685 	28.220470
1.686 	16.101528
1.687 	12.642496
1.688 	13.529070
1.689 	27.270112
1.690 	21.785710
1.691 	20.448303
1.692 	-3.070070
1.693 	14.334049
1.694 	53.804236
1.695 	21.482824
1.696 	-1.433697
1.697 	18.773395
1.698 	0.224118
1.699 	-9.510928
1.700 	6.868566
