0.660 	20.392137
0.661 	42.831795
0.662 	38.613518
0.663 	32.762613
0.664 	38.855025
0.665 	33.890015
0.666 	30.034374
0.667 	33.931745
0.668 	41.260610
0.669 	32.128776
0.670 	28.131706
0.671 	27.042893
0.672 	31.386820
0.673 	34.889229
0.674 	32.437787
0.675 	34.412021
0.676 	33.947017
0.677 	22.709496
0.678 	33.056988
0.679 	32.602088
0.680 	33.809668
0.681 	30.165335
0.682 	34.016093
0.683 	31.168795
0.684 	30.761195
0.685 	34.952053
0.686 	34.892793
0.687 	36.707713
0.688 	34.253955
0.689 	31.052858
0.690 	28.788466
0.691 	28.249297
0.692 	29.488345
0.693 	35.809138
0.694 	26.909694
0.695 	30.740955
0.696 	32.873417
0.697 	32.170088
0.698 	36.397427
0.699 	30.332734
0.700 	28.645314
0.701 	33.469085
0.702 	23.565960
0.703 	24.262983
0.704 	31.808336
0.705 	34.341544
0.706 	33.540317
0.707 	31.456150
0.708 	33.710967
0.709 	30.554294
0.710 	29.797223
0.711 	32.646720
0.712 	37.032062
0.713 	38.993531
0.714 	31.570274
0.715 	25.255805
0.716 	20.337359
0.717 	30.192511
0.718 	34.075995
0.719 	29.875925
0.720 	35.710317
0.721 	35.742815
0.722 	32.612308
0.723 	28.547966
0.724 	31.211610
0.725 	35.584750
0.726 	35.748283
0.727 	30.326354
0.728 	30.624869
0.729 	32.325317
0.730 	27.035715
0.731 	25.481709
0.732 	32.644935
0.733 	34.529873
0.734 	32.000832
0.735 	30.665448
0.736 	31.397558
0.737 	33.314794
0.738 	35.183446
0.739 	35.124542
0.740 	32.880943
0.741 	32.145572
0.742 	29.931448
0.743 	29.360669
0.744 	30.576152
0.745 	28.838395
0.746 	28.636994
0.747 	32.101476
0.748 	33.475771
0.749 	32.882544
0.750 	33.156648
0.751 	33.334861
0.752 	31.729100
0.753 	31.483840
0.754 	32.585662
0.755 	29.049638
0.756 	28.451504
0.757 	32.108205
0.758 	32.079154
0.759 	30.181967
0.760 	28.086412
0.761 	24.186996
0.762 	29.388833
0.763 	34.230041
0.764 	30.584099
0.765 	26.296764
0.766 	30.256345
0.767 	32.629453
0.768 	30.594572
0.769 	29.055439
0.770 	29.431118
0.771 	28.383927
0.772 	28.289839
0.773 	30.462408
0.774 	30.954419
0.775 	30.426926
0.776 	29.316125
0.777 	28.877381
0.778 	28.320230
0.779 	30.098559
0.780 	30.917211
0.781 	28.908719
0.782 	27.304347
0.783 	28.789434
0.784 	30.579534
0.785 	31.237275
0.786 	31.993217
0.787 	31.551447
0.788 	30.659529
0.789 	30.646859
0.790 	29.743584
0.791 	27.859427
0.792 	28.045577
0.793 	28.333211
0.794 	28.653914
0.795 	30.352232
0.796 	29.665073
0.797 	27.826824
0.798 	26.917102
0.799 	27.226645
0.800 	29.341126
0.801 	31.515311
0.802 	31.927465
0.803 	31.712469
0.804 	31.578460
0.805 	29.852199
0.806 	28.600212
0.807 	28.350800
0.808 	28.587085
0.809 	29.259054
0.810 	29.644476
0.811 	28.939101
0.812 	27.841774
0.813 	28.945500
0.814 	30.689598
0.815 	29.323529
0.816 	27.476883
0.817 	26.346498
0.818 	25.216050
0.819 	25.061965
0.820 	25.722392
0.821 	27.149326
0.822 	29.134304
0.823 	29.988798
0.824 	29.954030
0.825 	29.971107
0.826 	29.913649
0.827 	30.011658
0.828 	30.343958
0.829 	30.034098
0.830 	28.658938
0.831 	27.315676
0.832 	27.344477
0.833 	27.342868
0.834 	27.366787
0.835 	28.028427
0.836 	28.013226
0.837 	27.599032
0.838 	28.653094
0.839 	29.945170
0.840 	29.483972
0.841 	29.082794
0.842 	29.687231
0.843 	29.599019
0.844 	28.124670
0.845 	27.194006
0.846 	28.431188
0.847 	30.420869
0.848 	31.078117
0.849 	30.201720
0.850 	29.277660
0.851 	27.948423
0.852 	26.588852
0.853 	25.297829
0.854 	24.464707
0.855 	25.601925
0.856 	28.139664
0.857 	29.836539
0.858 	29.687552
0.859 	28.213230
0.860 	27.303160
0.861 	28.494367
0.862 	29.454666
0.863 	28.369295
0.864 	26.940303
0.865 	26.932726
0.866 	27.610381
0.867 	28.229645
0.868 	28.248992
0.869 	27.379506
0.870 	26.896295
0.871 	27.068612
0.872 	27.862197
0.873 	29.019791
0.874 	29.834550
0.875 	30.130691
0.876 	29.364365
0.877 	27.584073
0.878 	26.139186
0.879 	26.051236
0.880 	27.479500
0.881 	28.912269
0.882 	28.317035
0.883 	26.001559
0.884 	24.531956
0.885 	24.710507
0.886 	25.314800
0.887 	26.268694
0.888 	27.930010
0.889 	29.526315
0.890 	29.904524
0.891 	29.024212
0.892 	28.046389
0.893 	27.927606
0.894 	27.993343
0.895 	27.306771
0.896 	27.430099
0.897 	28.589223
0.898 	28.545729
0.899 	27.156538
0.900 	26.248087
0.901 	27.115558
0.902 	28.056691
0.903 	27.452819
0.904 	26.721451
0.905 	26.666998
0.906 	26.741079
0.907 	27.056604
0.908 	27.179637
0.909 	26.397683
0.910 	24.991125
0.911 	23.811143
0.912 	23.877634
0.913 	24.904332
0.914 	26.344298
0.915 	27.471929
0.916 	27.428250
0.917 	27.145265
0.918 	27.325951
0.919 	28.067450
0.920 	28.941629
0.921 	28.788061
0.922 	27.292357
0.923 	25.649981
0.924 	25.173299
0.925 	25.856267
0.926 	26.651547
0.927 	26.699065
0.928 	26.140709
0.929 	25.510469
0.930 	25.269672
0.931 	25.648729
0.932 	25.912489
0.933 	26.260054
0.934 	26.892110
0.935 	27.368731
0.936 	27.570805
0.937 	26.564054
0.938 	26.530548
0.939 	27.672368
0.940 	26.718042
0.941 	24.941175
0.942 	23.959145
0.943 	25.347513
0.944 	26.537515
0.945 	26.766233
0.946 	25.712048
0.947 	24.282171
0.948 	24.053872
0.949 	24.661590
0.950 	25.161246
0.951 	26.226501
0.952 	26.514901
0.953 	26.503231
0.954 	25.824856
0.955 	25.273154
0.956 	23.925664
0.957 	23.538631
0.958 	24.966756
0.959 	25.002650
0.960 	25.014792
0.961 	24.915255
0.962 	23.841271
0.963 	23.246578
0.964 	25.055754
0.965 	25.277619
0.966 	24.637222
0.967 	25.583067
0.968 	24.820366
0.969 	24.228659
0.970 	23.203363
0.971 	24.196787
0.972 	24.612121
0.973 	25.432914
0.974 	23.479097
0.975 	23.432305
0.976 	24.937518
0.977 	26.149414
0.978 	24.799831
0.979 	23.557443
0.980 	25.231352
0.981 	26.081924
0.982 	24.221994
0.983 	23.012452
0.984 	23.346564
0.985 	24.180241
0.986 	25.370862
0.987 	26.195408
0.988 	24.799102
0.989 	23.751268
0.990 	23.334689
0.991 	23.642869
0.992 	24.129321
0.993 	23.623596
0.994 	23.282742
0.995 	24.417713
0.996 	24.946087
0.997 	24.853356
0.998 	22.845707
0.999 	22.081971
1.000 	23.325538
1.001 	25.563180
1.002 	25.230744
1.003 	24.478134
1.004 	24.733974
1.005 	23.914988
1.006 	23.651041
1.007 	24.405130
1.008 	25.564034
1.009 	26.537267
1.010 	26.675786
1.011 	25.258086
1.012 	22.365338
1.013 	22.211061
1.014 	24.797450
1.015 	26.035588
1.016 	25.291704
1.017 	25.236955
1.018 	23.940529
1.019 	20.563151
1.020 	21.054248
1.021 	23.978714
1.022 	24.505101
1.023 	24.711172
1.024 	24.900930
1.025 	24.998637
1.026 	24.982300
1.027 	24.857558
1.028 	23.294806
1.029 	23.391225
1.030 	25.504543
1.031 	25.907881
1.032 	24.885109
1.033 	22.706571
1.034 	21.037248
1.035 	22.680718
1.036 	26.161963
1.037 	26.956734
1.038 	24.219060
1.039 	23.228164
1.040 	24.037477
1.041 	25.391583
1.042 	26.346578
1.043 	25.754085
1.044 	24.083311
1.045 	22.382415
1.046 	21.779851
1.047 	23.096072
1.048 	24.871886
1.049 	26.543923
1.050 	26.904448
1.051 	24.409158
1.052 	24.640682
1.053 	25.742776
1.054 	24.248173
1.055 	23.266693
1.056 	23.028055
1.057 	22.701667
1.058 	22.541777
1.059 	22.401126
1.060 	22.521255
1.061 	23.729670
1.062 	25.034856
1.063 	25.706204
1.064 	25.053267
1.065 	23.588288
1.066 	22.946755
1.067 	24.205174
1.068 	26.453111
1.069 	26.208236
1.070 	23.512800
1.071 	22.179778
1.072 	25.528011
1.073 	28.498364
1.074 	27.736068
1.075 	25.302559
1.076 	23.712133
1.077 	23.656592
1.078 	24.627545
1.079 	24.712956
1.080 	24.121704
1.081 	24.504209
1.082 	23.734021
1.083 	20.660223
1.084 	20.198950
1.085 	22.674296
1.086 	24.634012
1.087 	26.313226
1.088 	27.503396
1.089 	26.024756
1.090 	23.221745
1.091 	22.271505
1.092 	22.758696
1.093 	23.520069
1.094 	23.599743
1.095 	23.532754
1.096 	24.092378
1.097 	24.825513
1.098 	25.723753
1.099 	25.642116
1.100 	24.808187
1.101 	24.661376
1.102 	24.837304
1.103 	24.397305
1.104 	23.730811
1.105 	23.682966
1.106 	24.632231
1.107 	25.770923
1.108 	25.405124
1.109 	23.895633
1.110 	22.763488
1.111 	21.671599
1.112 	21.321551
1.113 	23.127699
1.114 	26.212315
1.115 	26.733980
1.116 	23.929021
1.117 	21.175272
1.118 	19.526786
1.119 	19.828615
1.120 	22.522230
1.121 	25.004691
1.122 	25.676719
1.123 	25.487319
1.124 	25.224585
1.125 	24.445582
1.126 	23.613033
1.127 	23.568578
1.128 	23.614872
1.129 	21.985641
1.130 	20.805295
1.131 	22.137272
1.132 	23.762732
1.133 	24.164618
1.134 	24.217461
1.135 	24.042013
1.136 	23.369070
1.137 	22.333210
1.138 	20.676235
1.139 	19.167199
1.140 	20.424188
1.141 	22.895111
1.142 	23.132985
1.143 	22.250475
1.144 	21.228960
1.145 	20.376080
1.146 	20.750027
1.147 	21.987703
1.148 	22.528410
1.149 	22.432761
1.150 	22.333297
1.151 	21.813765
1.152 	22.277811
1.153 	23.424846
1.154 	22.475876
1.155 	19.821350
1.156 	18.488221
1.157 	19.031919
1.158 	19.598968
1.159 	19.873409
1.160 	20.327035
1.161 	21.138308
1.162 	21.014752
1.163 	19.632486
1.164 	18.111824
1.165 	17.867878
1.166 	19.394917
1.167 	20.706819
1.168 	20.972275
1.169 	21.074374
1.170 	20.902243
1.171 	20.401276
1.172 	19.577970
1.173 	19.513123
1.174 	20.879216
1.175 	21.624839
1.176 	20.960655
1.177 	19.849200
1.178 	19.964757
1.179 	21.624783
1.180 	22.559797
1.181 	21.960701
1.182 	21.041739
1.183 	20.081766
1.184 	19.235707
1.185 	18.441509
1.186 	17.804451
1.187 	17.954575
1.188 	18.713753
1.189 	19.699616
1.190 	20.457400
1.191 	20.340247
1.192 	19.349672
1.193 	19.002092
1.194 	20.381854
1.195 	21.643466
1.196 	21.569826
1.197 	20.154509
1.198 	18.303254
1.199 	18.006361
1.200 	19.449375
1.201 	20.333341
1.202 	19.560869
1.203 	18.387934
1.204 	18.135024
1.205 	18.890598
1.206 	19.431330
1.207 	18.912495
1.208 	18.568075
1.209 	18.860264
1.210 	18.803004
1.211 	19.022328
1.212 	19.385584
1.213 	19.358178
1.214 	19.743457
1.215 	21.078110
1.216 	21.913622
1.217 	21.045922
1.218 	20.277329
1.219 	20.865034
1.220 	20.846884
1.221 	19.597863
1.222 	19.683900
1.223 	20.536364
1.224 	19.971790
1.225 	18.870703
1.226 	18.765243
1.227 	19.461019
1.228 	20.439802
1.229 	20.554850
1.230 	20.347311
1.231 	20.565592
1.232 	20.514647
1.233 	20.587120
1.234 	21.172833
1.235 	22.161580
1.236 	22.820911
1.237 	22.560093
1.238 	21.274151
1.239 	19.651014
1.240 	19.061808
1.241 	19.367278
1.242 	19.030203
1.243 	18.937556
1.244 	20.199664
1.245 	21.638905
1.246 	21.820140
1.247 	20.906318
1.248 	19.762695
1.249 	19.434974
1.250 	20.731251
1.251 	22.737028
1.252 	24.295168
1.253 	23.940978
1.254 	21.148490
1.255 	18.185093
1.256 	17.386900
1.257 	18.209563
1.258 	19.241492
1.259 	19.964347
1.260 	20.894150
1.261 	21.481805
1.262 	21.167361
1.263 	20.956119
1.264 	21.519950
1.265 	21.616852
1.266 	20.723069
1.267 	20.315972
1.268 	20.420181
1.269 	19.704506
1.270 	18.152657
1.271 	17.283759
1.272 	18.360637
1.273 	20.505122
1.274 	22.026024
1.275 	22.115720
1.276 	21.737783
1.277 	22.155823
1.278 	23.758963
1.279 	24.059439
1.280 	20.483528
1.281 	15.515273
1.282 	14.615814
1.283 	17.892229
1.284 	19.746219
1.285 	18.584661
1.286 	18.354084
1.287 	19.094664
1.288 	20.157089
1.289 	22.877431
1.290 	24.734319
1.291 	23.750998
1.292 	22.034111
1.293 	21.629326
1.294 	22.579413
1.295 	22.995675
1.296 	21.567095
1.297 	19.890439
1.298 	19.000219
1.299 	18.551922
1.300 	18.391685
1.301 	18.464082
1.302 	18.689218
1.303 	18.859390
1.304 	19.498833
1.305 	20.716549
1.306 	21.473249
1.307 	21.548691
1.308 	21.166909
1.309 	20.781634
1.310 	21.133395
1.311 	21.593682
1.312 	20.852216
1.313 	19.371638
1.314 	19.093939
1.315 	19.501624
1.316 	18.935488
1.317 	18.932590
1.318 	20.652029
1.319 	21.147957
1.320 	19.837722
1.321 	19.209946
1.322 	19.404152
1.323 	19.257900
1.324 	19.701514
1.325 	20.232940
1.326 	19.437010
1.327 	18.537441
1.328 	19.711559
1.329 	20.899492
1.330 	20.361926
1.331 	20.029920
1.332 	20.511597
1.333 	19.722997
1.334 	17.321706
1.335 	15.407035
1.336 	15.209163
1.337 	15.794321
1.338 	16.782094
1.339 	19.081151
1.340 	21.326408
1.341 	20.577791
1.342 	18.013859
1.343 	17.252734
1.344 	18.182138
1.345 	19.021601
1.346 	20.150072
1.347 	19.895990
1.348 	16.782662
1.349 	14.295502
1.350 	15.172680
1.351 	17.424019
1.352 	18.767846
1.353 	20.006033
1.354 	20.262640
1.355 	18.567634
1.356 	16.249190
1.357 	14.758855
1.358 	14.383602
1.359 	14.728597
1.360 	15.545849
1.361 	15.937180
1.362 	15.924755
1.363 	15.405439
1.364 	14.414222
1.365 	13.813138
1.366 	14.757942
1.367 	16.673889
1.368 	18.434607
1.369 	19.578150
1.370 	18.007737
1.371 	15.622225
1.372 	16.356850
1.373 	18.993903
1.374 	19.509510
1.375 	16.924957
1.376 	14.535904
1.377 	13.606568
1.378 	13.007675
1.379 	12.784736
1.380 	12.567108
1.381 	12.432994
1.382 	12.616743
1.383 	12.309576
1.384 	12.024289
1.385 	12.565849
1.386 	12.550796
1.387 	11.993956
1.388 	12.321498
1.389 	13.929198
1.390 	14.870966
1.391 	13.729980
1.392 	13.097762
1.393 	13.697243
1.394 	13.456324
1.395 	12.022605
1.396 	10.809561
1.397 	10.983969
1.398 	12.465372
1.399 	13.492870
1.400 	12.541614
1.401 	11.053923
1.402 	11.638409
1.403 	13.176028
1.404 	13.747609
1.405 	12.443569
1.406 	9.709972
1.407 	8.778207
1.408 	10.683031
1.409 	11.143663
1.410 	8.605917
1.411 	7.967053
1.412 	9.008198
1.413 	8.247629
1.414 	8.371210
1.415 	11.379245
1.416 	13.684141
1.417 	12.495710
1.418 	9.350990
1.419 	8.010402
1.420 	9.304217
1.421 	10.686558
1.422 	10.784337
1.423 	8.021084
1.424 	5.545268
1.425 	7.645444
1.426 	11.620017
1.427 	11.763819
1.428 	8.302967
1.429 	7.083016
1.430 	10.006833
1.431 	11.115232
1.432 	8.314098
1.433 	5.356660
1.434 	6.350363
1.435 	10.705713
1.436 	13.046306
1.437 	11.217329
1.438 	8.673748
1.439 	8.160909
1.440 	7.791275
1.441 	6.310987
1.442 	4.976405
1.443 	6.000237
1.444 	9.224512
1.445 	11.856576
1.446 	12.304429
1.447 	10.344617
1.448 	8.361456
1.449 	10.540113
1.450 	14.367220
1.451 	12.733525
1.452 	7.405541
1.453 	4.392454
1.454 	3.788433
1.455 	5.384015
1.456 	6.345525
1.457 	4.899740
1.458 	5.747529
1.459 	8.474907
1.460 	10.765554
1.461 	12.366831
1.462 	12.082974
1.463 	10.694441
1.464 	10.774324
1.465 	11.763941
1.466 	11.425167
1.467 	10.455335
1.468 	9.625122
1.469 	7.440312
1.470 	4.799891
1.471 	4.181950
1.472 	6.081856
1.473 	8.388889
1.474 	8.831592
1.475 	6.939211
1.476 	4.597493
1.477 	4.956090
1.478 	6.634030
1.479 	7.358118
1.480 	7.895675
1.481 	8.776134
1.482 	10.388685
1.483 	11.790227
1.484 	11.997773
1.485 	10.054691
1.486 	9.117578
1.487 	12.750939
1.488 	15.853209
1.489 	14.027074
1.490 	10.013119
1.491 	7.954446
1.492 	8.770475
1.493 	12.696511
1.494 	16.117282
1.495 	13.306130
1.496 	9.165440
1.497 	8.226813
1.498 	9.297597
1.499 	11.638589
1.500 	13.186899
1.501 	13.231893
1.502 	10.183119
1.503 	7.480479
1.504 	6.728040
1.505 	4.272972
1.506 	3.927477
1.507 	9.086369
1.508 	12.950116
1.509 	12.956032
1.510 	11.094142
1.511 	8.391569
1.512 	9.001043
1.513 	11.147064
1.514 	8.181904
1.515 	6.360169
1.516 	12.547268
1.517 	16.358074
1.518 	13.176495
1.519 	10.229888
1.520 	10.166444
1.521 	9.262736
1.522 	8.760516
1.523 	10.365274
1.524 	12.086814
1.525 	11.301901
1.526 	10.354641
1.527 	10.964337
1.528 	9.943492
1.529 	7.177828
1.530 	8.171383
1.531 	10.909200
1.532 	11.752793
1.533 	11.393975
1.534 	11.045460
1.535 	12.740421
1.536 	13.259618
1.537 	11.434966
1.538 	9.703641
1.539 	9.923748
1.540 	14.600065
1.541 	16.254770
1.542 	13.897957
1.543 	12.922779
1.544 	10.909776
1.545 	10.726507
1.546 	14.827025
1.547 	15.605127
1.548 	12.135986
1.549 	10.474723
1.550 	11.318916
1.551 	11.213438
1.552 	7.944796
1.553 	4.294251
1.554 	7.069365
1.555 	12.038198
1.556 	12.640241
1.557 	11.841930
1.558 	14.139134
1.559 	16.883505
1.560 	16.997834
1.561 	14.018061
1.562 	11.422814
1.563 	8.961729
1.564 	7.288197
1.565 	10.690965
1.566 	14.458148
1.567 	16.931700
1.568 	15.462723
1.569 	12.679189
1.570 	11.148550
1.571 	10.612890
1.572 	9.799655
1.573 	8.497726
1.574 	10.760811
1.575 	13.058159
1.576 	13.850778
1.577 	14.907812
1.578 	14.152857
1.579 	10.700398
1.580 	9.666190
1.581 	13.886142
1.582 	18.529417
1.583 	18.448640
1.584 	15.869599
1.585 	15.742127
1.586 	15.467092
1.587 	14.833684
1.588 	16.860377
1.589 	14.485497
1.590 	10.340860
1.591 	8.606764
1.592 	12.004757
1.593 	15.899470
1.594 	18.022178
1.595 	16.973453
1.596 	10.496116
1.597 	3.991117
1.598 	7.051939
1.599 	11.854975
1.600 	18.741794
1.601 	18.594257
1.602 	15.076504
1.603 	12.397124
1.604 	12.107148
1.605 	15.084076
1.606 	17.582673
1.607 	15.785323
1.608 	17.266155
1.609 	20.684178
1.610 	17.372315
1.611 	7.641943
1.612 	6.595291
1.613 	10.317773
1.614 	10.537850
1.615 	12.066283
1.616 	13.919850
1.617 	16.157252
1.618 	13.708452
1.619 	9.789892
1.620 	14.427833
1.621 	18.965616
1.622 	14.150218
1.623 	12.769925
1.624 	17.093655
1.625 	16.283190
1.626 	17.553022
1.627 	19.372193
1.628 	13.729014
1.629 	9.475375
1.630 	12.349244
1.631 	11.955694
1.632 	9.397168
1.633 	13.390705
1.634 	20.182793
1.635 	18.948312
1.636 	9.977136
1.637 	4.543319
1.638 	10.438097
1.639 	17.238170
1.640 	15.898993
1.641 	18.583173
1.642 	16.812546
1.643 	10.132378
1.644 	9.366397
1.645 	13.856185
1.646 	17.361228
1.647 	18.038389
1.648 	14.222360
1.649 	16.164827
1.650 	14.209158
1.651 	9.197518
1.652 	12.416588
1.653 	15.422528
1.654 	18.288075
1.655 	14.749454
1.656 	8.989765
1.657 	6.473464
1.658 	9.572773
1.659 	14.664219
1.660 	8.346156
1.661 	18.110921
1.662 	24.142420
1.663 	18.898614
1.664 	18.404167
1.665 	24.463001
1.666 	17.146110
1.667 	10.943036
1.668 	11.598891
1.669 	10.375379
1.670 	20.711528
1.671 	25.451339
1.672 	19.807964
1.673 	17.754484
1.674 	14.779247
1.675 	12.908453
1.676 	17.304751
1.677 	21.513153
1.678 	9.515584
1.679 	-8.825702
1.680 	14.775258
1.681 	30.980088
1.682 	20.966714
1.683 	12.580781
1.684 	14.071391
1.685 	26.588640
1.686 	25.434380
1.687 	20.089440
1.688 	6.549836
1.689 	17.613785
1.690 	18.942966
1.691 	7.846415
1.692 	0.772350
1.693 	32.349009
1.694 	27.976233
1.695 	25.286552
1.696 	7.923531
1.697 	37.592103
1.698 	23.865478
1.699 	-13.452122
1.700 	-1.199312
