0.660 	34.803766
0.661 	27.053811
0.662 	36.184777
0.663 	30.247412
0.664 	29.393057
0.665 	47.075745
0.666 	38.330902
0.667 	26.441958
0.668 	36.010476
0.669 	25.843322
0.670 	37.597678
0.671 	26.130070
0.672 	41.397826
0.673 	40.963665
0.674 	34.727041
0.675 	31.039953
0.676 	27.049394
0.677 	25.669824
0.678 	39.068209
0.679 	30.305241
0.680 	28.288976
0.681 	28.517764
0.682 	25.628278
0.683 	34.664709
0.684 	36.474826
0.685 	35.993374
0.686 	31.031664
0.687 	32.340006
0.688 	34.314192
0.689 	33.220446
0.690 	34.531794
0.691 	28.336676
0.692 	26.828041
0.693 	35.885395
0.694 	26.403165
0.695 	24.119277
0.696 	34.248698
0.697 	33.460129
0.698 	28.724843
0.699 	28.729282
0.700 	37.772610
0.701 	36.976318
0.702 	26.171698
0.703 	27.777345
0.704 	31.486467
0.705 	31.921173
0.706 	35.536044
0.707 	31.658957
0.708 	32.690551
0.709 	32.265819
0.710 	32.123235
0.711 	31.896483
0.712 	36.202660
0.713 	34.146434
0.714 	30.929344
0.715 	29.930835
0.716 	29.995606
0.717 	37.073877
0.718 	28.458546
0.719 	24.250184
0.720 	29.074207
0.721 	32.862520
0.722 	35.962117
0.723 	31.093407
0.724 	35.304053
0.725 	34.471342
0.726 	30.758572
0.727 	26.941572
0.728 	30.917784
0.729 	33.679993
0.730 	29.701809
0.731 	28.286170
0.732 	33.863642
0.733 	33.903018
0.734 	32.369032
0.735 	30.007377
0.736 	28.921969
0.737 	31.458053
0.738 	32.639332
0.739 	31.693079
0.740 	32.483439
0.741 	34.119551
0.742 	31.362571
0.743 	28.858580
0.744 	30.463838
0.745 	31.537821
0.746 	31.054001
0.747 	30.464567
0.748 	31.562268
0.749 	32.538372
0.750 	31.871250
0.751 	28.467144
0.752 	28.245178
0.753 	31.088430
0.754 	31.116072
0.755 	29.395216
0.756 	32.855350
0.757 	35.264882
0.758 	33.746856
0.759 	31.532699
0.760 	28.475660
0.761 	24.836968
0.762 	28.183235
0.763 	31.544923
0.764 	31.175396
0.765 	31.351911
0.766 	32.409430
0.767 	30.145862
0.768 	28.507539
0.769 	30.595759
0.770 	33.563992
0.771 	30.232113
0.772 	28.398756
0.773 	28.508482
0.774 	28.040995
0.775 	29.095626
0.776 	27.903761
0.777 	28.882362
0.778 	32.641163
0.779 	32.111423
0.780 	29.508674
0.781 	28.584962
0.782 	27.877888
0.783 	28.821235
0.784 	33.537663
0.785 	33.870704
0.786 	30.291001
0.787 	29.284931
0.788 	32.193720
0.789 	33.619927
0.790 	31.805478
0.791 	29.461008
0.792 	30.487070
0.793 	31.795707
0.794 	32.626593
0.795 	33.174679
0.796 	31.400487
0.797 	28.611626
0.798 	27.455461
0.799 	27.975476
0.800 	28.721257
0.801 	29.447353
0.802 	31.150015
0.803 	32.871525
0.804 	32.637937
0.805 	30.212192
0.806 	27.823599
0.807 	27.017549
0.808 	27.578942
0.809 	28.877758
0.810 	30.501005
0.811 	31.588165
0.812 	31.469789
0.813 	30.575227
0.814 	29.886687
0.815 	30.375953
0.816 	29.179474
0.817 	26.544037
0.818 	27.121072
0.819 	29.512833
0.820 	29.306686
0.821 	28.535006
0.822 	29.615431
0.823 	31.990964
0.824 	33.266067
0.825 	31.791246
0.826 	30.233136
0.827 	30.496038
0.828 	30.293295
0.829 	28.403684
0.830 	26.609752
0.831 	25.844427
0.832 	27.609428
0.833 	29.484650
0.834 	29.423670
0.835 	29.396037
0.836 	28.766882
0.837 	27.096956
0.838 	26.950404
0.839 	28.921766
0.840 	28.686569
0.841 	26.998106
0.842 	27.683223
0.843 	29.532035
0.844 	30.506177
0.845 	30.457798
0.846 	29.231779
0.847 	28.589477
0.848 	29.197357
0.849 	30.085163
0.850 	31.298922
0.851 	32.074404
0.852 	31.399537
0.853 	28.699654
0.854 	26.459395
0.855 	26.154772
0.856 	26.741446
0.857 	27.577375
0.858 	27.894569
0.859 	27.262664
0.860 	27.118181
0.861 	28.275614
0.862 	29.183725
0.863 	28.600090
0.864 	27.340908
0.865 	27.284485
0.866 	28.515863
0.867 	29.839426
0.868 	30.140011
0.869 	28.793053
0.870 	26.998789
0.871 	26.564064
0.872 	27.194794
0.873 	27.777954
0.874 	28.390770
0.875 	28.986023
0.876 	29.421920
0.877 	29.006071
0.878 	28.625227
0.879 	29.268031
0.880 	30.101080
0.881 	30.741025
0.882 	31.169130
0.883 	30.467701
0.884 	28.980041
0.885 	28.332270
0.886 	27.814610
0.887 	26.524740
0.888 	26.065742
0.889 	27.474593
0.890 	28.909066
0.891 	28.330596
0.892 	26.891973
0.893 	26.859681
0.894 	27.974290
0.895 	28.527271
0.896 	28.578043
0.897 	28.840367
0.898 	28.299127
0.899 	26.713060
0.900 	26.039610
0.901 	27.214944
0.902 	27.400110
0.903 	25.406612
0.904 	24.636653
0.905 	26.528826
0.906 	28.475846
0.907 	28.986384
0.908 	28.591410
0.909 	27.579262
0.910 	26.874494
0.911 	27.201221
0.912 	27.902579
0.913 	27.995469
0.914 	27.589055
0.915 	27.326714
0.916 	27.384142
0.917 	26.990294
0.918 	26.243991
0.919 	26.159772
0.920 	26.919578
0.921 	28.202604
0.922 	29.036736
0.923 	28.833668
0.924 	27.757471
0.925 	26.951435
0.926 	27.889103
0.927 	29.738492
0.928 	29.792016
0.929 	27.123372
0.930 	24.078238
0.931 	22.785742
0.932 	22.860503
0.933 	24.165058
0.934 	26.553853
0.935 	28.076604
0.936 	27.683725
0.937 	26.336145
0.938 	25.719503
0.939 	26.166773
0.940 	26.668416
0.941 	25.955684
0.942 	25.437539
0.943 	26.921295
0.944 	28.705874
0.945 	27.972541
0.946 	26.961485
0.947 	26.469767
0.948 	25.627504
0.949 	25.404821
0.950 	25.331532
0.951 	25.454492
0.952 	25.701682
0.953 	25.826781
0.954 	25.633793
0.955 	25.994386
0.956 	26.101776
0.957 	25.221552
0.958 	24.466789
0.959 	24.374779
0.960 	24.528796
0.961 	24.135307
0.962 	23.751490
0.963 	23.922193
0.964 	25.188058
0.965 	25.559687
0.966 	24.625158
0.967 	26.462690
0.968 	26.711099
0.969 	25.562680
0.970 	22.889113
0.971 	23.584124
0.972 	24.379668
0.973 	24.344482
0.974 	24.814371
0.975 	25.248710
0.976 	25.155080
0.977 	25.243370
0.978 	24.628563
0.979 	24.872504
0.980 	25.487356
0.981 	23.545377
0.982 	23.769682
0.983 	24.158007
0.984 	23.730483
0.985 	24.622125
0.986 	26.326321
0.987 	25.497456
0.988 	23.341344
0.989 	24.769099
0.990 	25.078914
0.991 	22.882144
0.992 	24.094340
0.993 	25.153147
0.994 	23.281166
0.995 	23.665891
0.996 	24.453261
0.997 	25.232130
0.998 	25.703185
0.999 	24.229257
1.000 	22.940009
1.001 	24.677855
1.002 	24.684076
1.003 	23.775803
1.004 	24.580372
1.005 	24.194900
1.006 	22.347941
1.007 	23.255081
1.008 	27.405591
1.009 	28.893227
1.010 	26.379534
1.011 	25.646766
1.012 	23.439504
1.013 	21.407670
1.014 	22.215782
1.015 	23.591570
1.016 	25.375279
1.017 	27.575309
1.018 	25.871076
1.019 	21.370505
1.020 	21.371084
1.021 	23.176181
1.022 	23.686388
1.023 	23.173157
1.024 	23.667849
1.025 	24.438769
1.026 	25.803763
1.027 	26.805974
1.028 	25.143212
1.029 	25.186394
1.030 	26.059884
1.031 	24.897496
1.032 	22.742642
1.033 	22.806288
1.034 	23.270686
1.035 	24.640638
1.036 	26.479237
1.037 	26.112564
1.038 	24.071269
1.039 	23.006221
1.040 	23.149990
1.041 	24.011733
1.042 	25.585065
1.043 	26.091947
1.044 	24.235317
1.045 	22.585565
1.046 	22.533437
1.047 	24.451105
1.048 	25.663604
1.049 	25.517679
1.050 	25.861938
1.051 	25.813129
1.052 	25.983451
1.053 	26.588272
1.054 	25.133578
1.055 	22.834276
1.056 	22.627190
1.057 	23.521600
1.058 	24.135223
1.059 	23.815891
1.060 	22.974537
1.061 	23.527253
1.062 	25.197042
1.063 	25.565613
1.064 	25.031819
1.065 	24.352118
1.066 	23.577082
1.067 	24.929137
1.068 	26.381432
1.069 	23.997548
1.070 	21.781547
1.071 	22.580990
1.072 	24.783897
1.073 	25.567017
1.074 	24.941874
1.075 	24.628470
1.076 	24.929714
1.077 	25.338120
1.078 	25.449072
1.079 	24.718515
1.080 	22.673602
1.081 	21.941927
1.082 	23.284602
1.083 	23.445601
1.084 	23.359566
1.085 	24.340230
1.086 	24.849442
1.087 	25.791103
1.088 	26.549864
1.089 	25.951079
1.090 	25.455049
1.091 	24.699781
1.092 	23.869260
1.093 	23.490820
1.094 	22.884069
1.095 	23.695922
1.096 	25.376315
1.097 	25.087065
1.098 	23.612773
1.099 	22.338102
1.100 	22.185585
1.101 	24.105731
1.102 	26.818874
1.103 	27.170247
1.104 	25.154658
1.105 	24.353596
1.106 	25.301761
1.107 	25.529410
1.108 	24.072128
1.109 	22.924117
1.110 	22.153911
1.111 	21.655606
1.112 	22.459133
1.113 	23.636490
1.114 	23.227989
1.115 	21.868799
1.116 	21.268935
1.117 	21.091402
1.118 	20.825978
1.119 	21.823176
1.120 	23.527327
1.121 	23.380589
1.122 	22.330794
1.123 	23.137346
1.124 	25.581815
1.125 	26.672514
1.126 	25.385071
1.127 	23.255603
1.128 	23.123798
1.129 	23.878137
1.130 	22.825530
1.131 	22.469745
1.132 	23.715531
1.133 	24.347515
1.134 	24.118396
1.135 	23.587582
1.136 	22.686000
1.137 	22.084811
1.138 	20.976546
1.139 	19.003102
1.140 	19.201744
1.141 	21.707134
1.142 	23.333507
1.143 	22.819069
1.144 	20.943834
1.145 	20.123016
1.146 	21.735152
1.147 	23.697439
1.148 	24.145489
1.149 	23.976134
1.150 	23.782973
1.151 	23.325132
1.152 	23.046047
1.153 	22.656446
1.154 	22.272491
1.155 	21.987734
1.156 	21.578692
1.157 	21.938693
1.158 	22.663424
1.159 	21.472081
1.160 	18.808807
1.161 	18.204710
1.162 	19.500957
1.163 	19.284892
1.164 	17.706146
1.165 	18.148205
1.166 	20.136708
1.167 	20.410647
1.168 	19.406742
1.169 	18.850916
1.170 	19.117761
1.171 	19.517604
1.172 	19.146915
1.173 	18.341348
1.174 	18.174580
1.175 	19.205117
1.176 	20.416671
1.177 	20.550210
1.178 	20.897976
1.179 	22.086650
1.180 	21.871466
1.181 	20.752018
1.182 	20.605702
1.183 	20.288058
1.184 	19.415180
1.185 	19.186541
1.186 	18.935404
1.187 	17.716905
1.188 	16.167346
1.189 	15.924210
1.190 	17.954357
1.191 	20.920994
1.192 	23.107407
1.193 	23.035755
1.194 	21.252188
1.195 	19.530801
1.196 	18.378925
1.197 	17.993129
1.198 	18.399402
1.199 	18.324115
1.200 	17.637037
1.201 	18.188547
1.202 	19.968612
1.203 	21.080884
1.204 	21.158096
1.205 	20.985153
1.206 	20.187701
1.207 	19.293380
1.208 	18.910786
1.209 	19.475046
1.210 	21.004718
1.211 	22.269689
1.212 	21.774212
1.213 	20.370049
1.214 	20.157180
1.215 	20.594370
1.216 	20.702547
1.217 	21.452962
1.218 	22.385958
1.219 	22.161531
1.220 	21.094155
1.221 	20.391326
1.222 	20.663774
1.223 	21.377590
1.224 	21.392015
1.225 	19.950590
1.226 	18.043838
1.227 	18.416336
1.228 	21.442799
1.229 	23.814908
1.230 	24.044493
1.231 	22.441550
1.232 	19.495355
1.233 	17.858984
1.234 	18.619648
1.235 	19.286679
1.236 	19.468596
1.237 	20.039283
1.238 	19.981726
1.239 	18.748598
1.240 	18.541656
1.241 	19.969409
1.242 	20.454322
1.243 	20.452823
1.244 	21.360857
1.245 	21.923239
1.246 	21.504938
1.247 	20.776349
1.248 	20.424158
1.249 	20.697552
1.250 	21.239390
1.251 	21.535217
1.252 	21.581599
1.253 	20.950109
1.254 	19.732742
1.255 	18.681690
1.256 	18.433815
1.257 	19.101101
1.258 	19.353994
1.259 	19.076504
1.260 	19.801464
1.261 	21.469511
1.262 	22.275808
1.263 	21.060492
1.264 	19.862277
1.265 	20.684581
1.266 	22.035066
1.267 	22.763379
1.268 	22.184790
1.269 	20.264634
1.270 	17.843654
1.271 	16.882966
1.272 	17.729795
1.273 	19.259780
1.274 	21.481184
1.275 	23.176981
1.276 	22.657148
1.277 	20.297035
1.278 	18.883001
1.279 	18.783696
1.280 	18.092537
1.281 	16.762691
1.282 	16.886001
1.283 	18.418774
1.284 	19.964572
1.285 	20.988056
1.286 	21.364107
1.287 	20.443113
1.288 	19.898809
1.289 	21.507423
1.290 	22.662258
1.291 	21.427970
1.292 	19.785808
1.293 	19.296917
1.294 	20.767741
1.295 	23.101305
1.296 	23.078043
1.297 	21.055906
1.298 	19.950881
1.299 	20.002701
1.300 	20.429492
1.301 	20.673220
1.302 	19.439830
1.303 	17.558967
1.304 	17.238628
1.305 	18.325070
1.306 	19.334629
1.307 	20.072682
1.308 	21.649771
1.309 	23.951889
1.310 	24.447220
1.311 	21.991036
1.312 	18.727153
1.313 	17.114538
1.314 	17.321505
1.315 	18.555346
1.316 	19.543091
1.317 	19.789187
1.318 	20.138161
1.319 	19.531016
1.320 	17.689835
1.321 	16.892219
1.322 	18.617440
1.323 	20.305376
1.324 	20.429000
1.325 	19.394821
1.326 	17.369457
1.327 	15.500110
1.328 	15.840468
1.329 	18.530981
1.330 	20.700701
1.331 	21.095272
1.332 	20.611169
1.333 	20.617151
1.334 	19.936312
1.335 	17.716453
1.336 	16.574459
1.337 	17.168866
1.338 	17.089004
1.339 	16.652682
1.340 	17.568265
1.341 	18.547837
1.342 	18.537620
1.343 	18.711136
1.344 	18.932350
1.345 	17.789467
1.346 	15.425957
1.347 	14.266849
1.348 	15.264408
1.349 	17.212093
1.350 	19.042855
1.351 	19.212622
1.352 	18.819305
1.353 	19.407888
1.354 	19.189146
1.355 	16.954386
1.356 	13.996900
1.357 	12.786296
1.358 	14.573190
1.359 	16.520811
1.360 	17.074804
1.361 	17.391703
1.362 	18.188771
1.363 	17.914444
1.364 	15.972361
1.365 	14.096883
1.366 	14.893472
1.367 	16.651567
1.368 	16.769680
1.369 	16.647513
1.370 	16.404438
1.371 	14.909633
1.372 	14.125115
1.373 	15.642449
1.374 	16.620523
1.375 	15.321698
1.376 	14.362883
1.377 	14.561021
1.378 	14.784251
1.379 	14.517791
1.380 	13.183850
1.381 	10.924957
1.382 	9.943249
1.383 	10.800127
1.384 	12.367503
1.385 	13.917030
1.386 	14.134550
1.387 	12.926992
1.388 	11.718263
1.389 	12.665005
1.390 	15.177475
1.391 	15.849550
1.392 	14.773285
1.393 	13.068394
1.394 	11.267778
1.395 	10.615648
1.396 	11.647908
1.397 	12.165418
1.398 	11.971369
1.399 	12.832589
1.400 	12.671339
1.401 	10.630104
1.402 	11.095455
1.403 	15.665387
1.404 	18.331953
1.405 	13.432766
1.406 	7.022786
1.407 	6.569178
1.408 	9.641668
1.409 	11.881495
1.410 	12.538771
1.411 	11.808559
1.412 	9.491922
1.413 	7.316558
1.414 	8.953077
1.415 	13.501647
1.416 	15.148073
1.417 	12.343652
1.418 	9.649620
1.419 	9.940380
1.420 	10.893900
1.421 	11.090129
1.422 	10.133566
1.423 	7.212443
1.424 	3.543870
1.425 	3.121260
1.426 	7.092044
1.427 	11.495578
1.428 	13.700268
1.429 	13.060577
1.430 	11.970602
1.431 	10.934713
1.432 	8.456839
1.433 	7.639824
1.434 	10.397013
1.435 	12.248618
1.436 	11.367602
1.437 	11.046806
1.438 	12.547363
1.439 	13.878521
1.440 	13.916198
1.441 	11.008300
1.442 	7.278119
1.443 	7.569068
1.444 	11.467376
1.445 	14.766667
1.446 	14.003635
1.447 	9.160030
1.448 	4.820051
1.449 	5.983876
1.450 	10.098343
1.451 	11.334371
1.452 	10.198998
1.453 	9.129452
1.454 	8.755794
1.455 	10.255206
1.456 	10.923346
1.457 	9.286598
1.458 	9.496037
1.459 	10.922472
1.460 	11.191425
1.461 	12.515718
1.462 	13.175561
1.463 	10.594677
1.464 	8.099361
1.465 	8.122814
1.466 	7.929565
1.467 	8.679383
1.468 	11.990693
1.469 	12.979493
1.470 	10.188599
1.471 	6.245990
1.472 	3.683347
1.473 	5.247079
1.474 	9.787592
1.475 	13.184278
1.476 	14.323450
1.477 	13.478075
1.478 	10.381319
1.479 	7.881545
1.480 	8.978226
1.481 	10.362078
1.482 	8.344101
1.483 	6.632975
1.484 	7.997285
1.485 	9.604304
1.486 	11.220820
1.487 	14.470066
1.488 	16.540725
1.489 	15.065004
1.490 	10.570476
1.491 	6.795747
1.492 	7.744116
1.493 	13.261323
1.494 	17.372466
1.495 	16.600339
1.496 	15.367734
1.497 	14.281126
1.498 	10.269774
1.499 	7.700026
1.500 	8.228492
1.501 	8.481426
1.502 	10.299073
1.503 	13.684643
1.504 	13.925266
1.505 	9.379196
1.506 	5.304690
1.507 	6.361513
1.508 	9.761790
1.509 	13.387385
1.510 	13.442033
1.511 	10.046344
1.512 	9.177769
1.513 	10.845330
1.514 	12.580261
1.515 	14.176638
1.516 	15.359181
1.517 	14.074241
1.518 	11.165073
1.519 	10.267807
1.520 	12.945163
1.521 	14.428642
1.522 	12.239751
1.523 	9.824462
1.524 	10.111805
1.525 	10.441600
1.526 	9.435468
1.527 	7.979983
1.528 	6.933325
1.529 	8.383023
1.530 	11.651516
1.531 	13.431017
1.532 	13.342885
1.533 	12.520230
1.534 	10.748527
1.535 	10.789065
1.536 	12.062436
1.537 	12.371967
1.538 	12.792504
1.539 	13.840986
1.540 	14.245964
1.541 	11.541070
1.542 	9.090393
1.543 	10.467643
1.544 	11.271612
1.545 	12.484661
1.546 	16.356093
1.547 	16.308794
1.548 	12.559563
1.549 	11.736199
1.550 	13.713791
1.551 	13.524323
1.552 	10.967803
1.553 	7.524085
1.554 	9.353071
1.555 	12.667008
1.556 	12.178492
1.557 	10.529289
1.558 	13.867322
1.559 	19.504192
1.560 	20.391986
1.561 	15.201614
1.562 	9.308607
1.563 	6.103170
1.564 	5.649163
1.565 	7.464972
1.566 	10.115873
1.567 	11.929143
1.568 	12.848932
1.569 	14.300174
1.570 	14.618610
1.571 	13.935707
1.572 	12.450307
1.573 	12.733462
1.574 	15.688957
1.575 	16.665431
1.576 	14.796509
1.577 	7.703647
1.578 	5.486146
1.579 	9.999349
1.580 	13.828906
1.581 	16.252560
1.582 	18.715486
1.583 	18.666864
1.584 	16.298792
1.585 	15.591904
1.586 	14.135572
1.587 	15.509983
1.588 	15.913045
1.589 	11.861219
1.590 	7.865818
1.591 	7.323086
1.592 	11.568462
1.593 	13.312047
1.594 	15.034870
1.595 	15.450438
1.596 	13.161580
1.597 	8.240515
1.598 	8.591292
1.599 	13.957560
1.600 	18.641439
1.601 	17.736835
1.602 	13.420246
1.603 	10.300264
1.604 	10.550606
1.605 	12.397788
1.606 	12.919817
1.607 	16.702087
1.608 	17.731122
1.609 	14.664437
1.610 	10.864066
1.611 	11.610217
1.612 	14.442648
1.613 	10.918378
1.614 	11.326173
1.615 	16.519357
1.616 	16.774500
1.617 	16.963531
1.618 	19.432131
1.619 	18.668886
1.620 	15.463726
1.621 	13.217263
1.622 	9.160565
1.623 	7.862621
1.624 	15.023615
1.625 	20.549513
1.626 	23.128678
1.627 	19.691166
1.628 	9.079339
1.629 	2.570849
1.630 	9.553576
1.631 	15.857843
1.632 	12.877950
1.633 	11.921799
1.634 	20.724610
1.635 	23.761542
1.636 	13.357934
1.637 	7.298521
1.638 	11.508210
1.639 	13.787569
1.640 	11.979732
1.641 	17.497670
1.642 	11.691866
1.643 	5.240545
1.644 	10.200762
1.645 	18.976073
1.646 	22.524357
1.647 	23.454647
1.648 	20.405061
1.649 	15.631847
1.650 	9.181011
1.651 	6.811661
1.652 	12.244361
1.653 	15.891366
1.654 	14.365307
1.655 	15.362422
1.656 	12.281866
1.657 	12.496077
1.658 	13.066664
1.659 	9.937471
1.660 	5.030557
1.661 	12.376447
1.662 	19.506638
1.663 	19.113511
1.664 	17.576535
1.665 	23.498665
1.666 	24.004597
1.667 	16.138837
1.668 	11.681906
1.669 	15.629897
1.670 	16.158748
1.671 	13.298270
1.672 	11.436116
1.673 	12.867711
1.674 	10.633596
1.675 	15.779200
1.676 	18.989384
1.677 	17.614300
1.678 	7.024407
1.679 	-3.222405
1.680 	10.618489
1.681 	15.453849
1.682 	23.139086
1.683 	16.560344
1.684 	13.490346
1.685 	32.354272
1.686 	19.856248
1.687 	7.792737
1.688 	17.771334
1.689 	18.725567
1.690 	7.851103
1.691 	15.735360
1.692 	5.233180
1.693 	4.989028
1.694 	14.796310
1.695 	26.621698
1.696 	28.615742
1.697 	34.435084
1.698 	-2.035111
1.699 	-16.213130
1.700 	-11.292243
