0.660 	39.133531
0.661 	40.871351
0.662 	40.348056
0.663 	41.802680
0.664 	42.396000
0.665 	38.385872
0.666 	36.397712
0.667 	39.324191
0.668 	39.028298
0.669 	41.701396
0.670 	39.393134
0.671 	38.101691
0.672 	40.401025
0.673 	41.094752
0.674 	40.720710
0.675 	40.525170
0.676 	41.098029
0.677 	41.219903
0.678 	37.015802
0.679 	36.934854
0.680 	36.323799
0.681 	37.928129
0.682 	43.124597
0.683 	41.029015
0.684 	37.091382
0.685 	37.767924
0.686 	39.554064
0.687 	39.161062
0.688 	38.787783
0.689 	38.598339
0.690 	39.061133
0.691 	38.679481
0.692 	39.354514
0.693 	36.954595
0.694 	36.466562
0.695 	39.356380
0.696 	39.978435
0.697 	36.414212
0.698 	37.567269
0.699 	36.937550
0.700 	37.663118
0.701 	38.239100
0.702 	37.612804
0.703 	37.396702
0.704 	38.775915
0.705 	39.807901
0.706 	38.117145
0.707 	37.106740
0.708 	36.189103
0.709 	36.006799
0.710 	36.837281
0.711 	38.468365
0.712 	37.840371
0.713 	37.233120
0.714 	37.482339
0.715 	37.032877
0.716 	38.208879
0.717 	37.976951
0.718 	37.009551
0.719 	36.581712
0.720 	33.976569
0.721 	35.699850
0.722 	36.792256
0.723 	37.662583
0.724 	36.702169
0.725 	35.575703
0.726 	37.554272
0.727 	38.209419
0.728 	35.879279
0.729 	35.600944
0.730 	35.704780
0.731 	36.037622
0.732 	37.231208
0.733 	37.146547
0.734 	35.248381
0.735 	35.261615
0.736 	35.206963
0.737 	34.870069
0.738 	35.649877
0.739 	35.698114
0.740 	35.549065
0.741 	36.688226
0.742 	35.519182
0.743 	36.164106
0.744 	37.995287
0.745 	37.493701
0.746 	35.699551
0.747 	34.852594
0.748 	34.020751
0.749 	33.535781
0.750 	35.144039
0.751 	35.877937
0.752 	36.175642
0.753 	36.326037
0.754 	35.153071
0.755 	34.442315
0.756 	34.425035
0.757 	34.282135
0.758 	34.299141
0.759 	35.371844
0.760 	35.972651
0.761 	34.757541
0.762 	34.091811
0.763 	35.335848
0.764 	36.174507
0.765 	35.862570
0.766 	35.200172
0.767 	35.041281
0.768 	35.369974
0.769 	35.200941
0.770 	34.548236
0.771 	33.603766
0.772 	34.256905
0.773 	35.716156
0.774 	35.294278
0.775 	34.235922
0.776 	34.337550
0.777 	34.240627
0.778 	33.896796
0.779 	33.725559
0.780 	33.883391
0.781 	34.211141
0.782 	34.500776
0.783 	35.330889
0.784 	35.592617
0.785 	34.950644
0.786 	34.491027
0.787 	34.600871
0.788 	34.112668
0.789 	33.270302
0.790 	32.994667
0.791 	33.649593
0.792 	33.779516
0.793 	33.726941
0.794 	34.009918
0.795 	34.150415
0.796 	33.549763
0.797 	33.186543
0.798 	34.168359
0.799 	34.942450
0.800 	34.556570
0.801 	33.489534
0.802 	33.206635
0.803 	34.003301
0.804 	34.739819
0.805 	34.063426
0.806 	33.316446
0.807 	33.106516
0.808 	32.326943
0.809 	32.259318
0.810 	32.851249
0.811 	33.484928
0.812 	33.668044
0.813 	33.139161
0.814 	32.676946
0.815 	33.011240
0.816 	33.342725
0.817 	33.647783
0.818 	34.001045
0.819 	33.625630
0.820 	32.960110
0.821 	32.901055
0.822 	33.425832
0.823 	33.627489
0.824 	33.789335
0.825 	33.932865
0.826 	33.455883
0.827 	32.875067
0.828 	33.135503
0.829 	33.240412
0.830 	32.548697
0.831 	32.465725
0.832 	33.135028
0.833 	32.848784
0.834 	32.311926
0.835 	32.612509
0.836 	32.350787
0.837 	31.501930
0.838 	31.442508
0.839 	31.933026
0.840 	31.817297
0.841 	31.378049
0.842 	31.716878
0.843 	32.290313
0.844 	32.352204
0.845 	32.553692
0.846 	32.609466
0.847 	32.145239
0.848 	31.799688
0.849 	31.811167
0.850 	32.004186
0.851 	32.007349
0.852 	32.244955
0.853 	32.687347
0.854 	32.779850
0.855 	32.641240
0.856 	31.977483
0.857 	31.045179
0.858 	31.099583
0.859 	31.568110
0.860 	31.269454
0.861 	31.078883
0.862 	31.952878
0.863 	33.160679
0.864 	33.438402
0.865 	32.959807
0.866 	32.635144
0.867 	32.541961
0.868 	32.345066
0.869 	31.887838
0.870 	31.262127
0.871 	30.871306
0.872 	31.048047
0.873 	30.839101
0.874 	30.392544
0.875 	30.843197
0.876 	31.397150
0.877 	31.157741
0.878 	30.838671
0.879 	31.142820
0.880 	31.699472
0.881 	31.841599
0.882 	31.493304
0.883 	31.213410
0.884 	31.377747
0.885 	31.384398
0.886 	30.733957
0.887 	30.205752
0.888 	30.488769
0.889 	30.921015
0.890 	30.874241
0.891 	30.840034
0.892 	31.101050
0.893 	31.214966
0.894 	30.775737
0.895 	30.200306
0.896 	30.178219
0.897 	30.637647
0.898 	30.823967
0.899 	30.471069
0.900 	30.302342
0.901 	30.533480
0.902 	30.530925
0.903 	30.065953
0.904 	29.467328
0.905 	29.300638
0.906 	30.004882
0.907 	31.014945
0.908 	31.259268
0.909 	30.643465
0.910 	30.099215
0.911 	29.859154
0.912 	29.428869
0.913 	29.086360
0.914 	29.438921
0.915 	29.993073
0.916 	30.273376
0.917 	30.298751
0.918 	30.140744
0.919 	29.850420
0.920 	29.813304
0.921 	29.909592
0.922 	29.589518
0.923 	29.046709
0.924 	28.795323
0.925 	29.141728
0.926 	29.545526
0.927 	29.647838
0.928 	29.784988
0.929 	29.781195
0.930 	29.511331
0.931 	29.386462
0.932 	29.589717
0.933 	29.821032
0.934 	29.712323
0.935 	29.313284
0.936 	29.004448
0.937 	29.327210
0.938 	29.729297
0.939 	30.022555
0.940 	30.132923
0.941 	29.897423
0.942 	29.894613
0.943 	29.873113
0.944 	29.824005
0.945 	29.943581
0.946 	30.162822
0.947 	29.821021
0.948 	29.028910
0.949 	28.307437
0.950 	28.209821
0.951 	28.253390
0.952 	28.459171
0.953 	28.666600
0.954 	28.633655
0.955 	28.132261
0.956 	27.693685
0.957 	28.129618
0.958 	28.837983
0.959 	29.592483
0.960 	29.602016
0.961 	28.725691
0.962 	27.881704
0.963 	27.432262
0.964 	27.705564
0.965 	28.097834
0.966 	28.134841
0.967 	27.884816
0.968 	27.677099
0.969 	27.208842
0.970 	27.900289
0.971 	28.602909
0.972 	28.323644
0.973 	28.571347
0.974 	29.494648
0.975 	29.779214
0.976 	28.914108
0.977 	28.018636
0.978 	27.649949
0.979 	27.837785
0.980 	27.456346
0.981 	27.557049
0.982 	27.921858
0.983 	27.964460
0.984 	28.371649
0.985 	28.690683
0.986 	28.647342
0.987 	28.025095
0.988 	28.078326
0.989 	28.769777
0.990 	28.603763
0.991 	28.118480
0.992 	27.793139
0.993 	27.902860
0.994 	27.961835
0.995 	28.389061
0.996 	28.924584
0.997 	28.092378
0.998 	27.180613
0.999 	27.532644
1.000 	28.497890
1.001 	28.814794
1.002 	28.613434
1.003 	28.791825
1.004 	29.136605
1.005 	29.279007
1.006 	28.745033
1.007 	28.121054
1.008 	28.430828
1.009 	28.370788
1.010 	27.473035
1.011 	27.518245
1.012 	27.947321
1.013 	28.594496
1.014 	29.265119
1.015 	28.644503
1.016 	28.065587
1.017 	28.563814
1.018 	29.171337
1.019 	28.992424
1.020 	28.572486
1.021 	28.969288
1.022 	29.340199
1.023 	29.278373
1.024 	28.701949
1.025 	28.343738
1.026 	28.991921
1.027 	29.586347
1.028 	29.073703
1.029 	28.528181
1.030 	29.059983
1.031 	29.202389
1.032 	27.696506
1.033 	27.362822
1.034 	29.035696
1.035 	29.965034
1.036 	29.970646
1.037 	29.401546
1.038 	28.237722
1.039 	27.546759
1.040 	28.061025
1.041 	29.118983
1.042 	29.637532
1.043 	29.072859
1.044 	28.650548
1.045 	28.800292
1.046 	29.336082
1.047 	29.825272
1.048 	29.577307
1.049 	28.800713
1.050 	28.235411
1.051 	28.236082
1.052 	28.618440
1.053 	28.835395
1.054 	29.321275
1.055 	29.790513
1.056 	29.265803
1.057 	28.325620
1.058 	27.992985
1.059 	28.288228
1.060 	28.921413
1.061 	28.854768
1.062 	28.238385
1.063 	28.387323
1.064 	29.503301
1.065 	30.474818
1.066 	30.049250
1.067 	29.012673
1.068 	28.584520
1.069 	28.859234
1.070 	28.849034
1.071 	28.507984
1.072 	28.217607
1.073 	28.324613
1.074 	28.805561
1.075 	28.870827
1.076 	28.681664
1.077 	28.643551
1.078 	28.487775
1.079 	28.579377
1.080 	29.066102
1.081 	29.404307
1.082 	29.088599
1.083 	28.219270
1.084 	27.652238
1.085 	27.868468
1.086 	28.709711
1.087 	29.307211
1.088 	29.019720
1.089 	28.476818
1.090 	28.652541
1.091 	28.751138
1.092 	27.988885
1.093 	27.875324
1.094 	28.776894
1.095 	29.369425
1.096 	29.474825
1.097 	29.117751
1.098 	28.201405
1.099 	27.756485
1.100 	28.093074
1.101 	27.901092
1.102 	27.393850
1.103 	27.122020
1.104 	27.187830
1.105 	27.983903
1.106 	28.696743
1.107 	28.522009
1.108 	28.372165
1.109 	28.939516
1.110 	29.199157
1.111 	28.311071
1.112 	27.810264
1.113 	28.135071
1.114 	27.863596
1.115 	27.358411
1.116 	27.153845
1.117 	26.871849
1.118 	26.792219
1.119 	27.116360
1.120 	27.345688
1.121 	27.717713
1.122 	28.436275
1.123 	28.931040
1.124 	28.949186
1.125 	28.597069
1.126 	27.768584
1.127 	26.847885
1.128 	26.696367
1.129 	27.438850
1.130 	28.181818
1.131 	28.400434
1.132 	28.140595
1.133 	27.501395
1.134 	27.039257
1.135 	26.939249
1.136 	27.056244
1.137 	27.130923
1.138 	26.774195
1.139 	26.124978
1.140 	25.713761
1.141 	25.652192
1.142 	25.478861
1.143 	25.363659
1.144 	25.659479
1.145 	25.844141
1.146 	25.331882
1.147 	24.518548
1.148 	24.483641
1.149 	25.266776
1.150 	25.871467
1.151 	25.637305
1.152 	25.071870
1.153 	24.812365
1.154 	24.546903
1.155 	23.842116
1.156 	23.228264
1.157 	23.146307
1.158 	23.552295
1.159 	24.238673
1.160 	24.890151
1.161 	25.099352
1.162 	24.901858
1.163 	24.743332
1.164 	24.682528
1.165 	24.452883
1.166 	23.916402
1.167 	23.380076
1.168 	23.345273
1.169 	24.199888
1.170 	24.977117
1.171 	24.817640
1.172 	24.702070
1.173 	24.893307
1.174 	24.694845
1.175 	24.002933
1.176 	23.027402
1.177 	22.497581
1.178 	22.737068
1.179 	23.166791
1.180 	23.539044
1.181 	23.860555
1.182 	24.333433
1.183 	25.032499
1.184 	25.347356
1.185 	24.750090
1.186 	23.847293
1.187 	23.501800
1.188 	23.636282
1.189 	23.625686
1.190 	23.778076
1.191 	24.053364
1.192 	23.545081
1.193 	22.536822
1.194 	22.026278
1.195 	22.219228
1.196 	22.782830
1.197 	23.085990
1.198 	22.862431
1.199 	22.696053
1.200 	22.949507
1.201 	23.267522
1.202 	23.394191
1.203 	23.672272
1.204 	23.867264
1.205 	23.615272
1.206 	23.650039
1.207 	24.392765
1.208 	24.726613
1.209 	24.272643
1.210 	23.885503
1.211 	23.902868
1.212 	24.015234
1.213 	24.149040
1.214 	24.328390
1.215 	24.232969
1.216 	23.691169
1.217 	23.117196
1.218 	23.049404
1.219 	23.569595
1.220 	23.940553
1.221 	23.765380
1.222 	23.527947
1.223 	23.508860
1.224 	23.284990
1.225 	22.913902
1.226 	23.044104
1.227 	23.594672
1.228 	24.156149
1.229 	24.728157
1.230 	24.901049
1.231 	24.798573
1.232 	24.841945
1.233 	24.651933
1.234 	24.113909
1.235 	23.832496
1.236 	23.886813
1.237 	24.346816
1.238 	24.847212
1.239 	24.816213
1.240 	24.584748
1.241 	24.642826
1.242 	24.816511
1.243 	24.799729
1.244 	24.882425
1.245 	24.758474
1.246 	23.975129
1.247 	23.403846
1.248 	23.828908
1.249 	24.488544
1.250 	24.978899
1.251 	25.263200
1.252 	25.300244
1.253 	25.136280
1.254 	24.880464
1.255 	24.643053
1.256 	24.373518
1.257 	23.971657
1.258 	23.840269
1.259 	24.408519
1.260 	25.093455
1.261 	25.325463
1.262 	25.355220
1.263 	25.703491
1.264 	26.117770
1.265 	26.267832
1.266 	25.984135
1.267 	25.349526
1.268 	25.034783
1.269 	25.099300
1.270 	25.064842
1.271 	24.766649
1.272 	24.245934
1.273 	23.841630
1.274 	23.798148
1.275 	24.342713
1.276 	25.129979
1.277 	25.357944
1.278 	24.945740
1.279 	24.048789
1.280 	23.213083
1.281 	22.892971
1.282 	23.077243
1.283 	23.619156
1.284 	24.098562
1.285 	24.218360
1.286 	24.302029
1.287 	24.533048
1.288 	24.661032
1.289 	24.696687
1.290 	24.604426
1.291 	24.364425
1.292 	24.226095
1.293 	24.216000
1.294 	24.448526
1.295 	24.910276
1.296 	24.861315
1.297 	24.314407
1.298 	24.113446
1.299 	24.244869
1.300 	24.055107
1.301 	23.629506
1.302 	23.336914
1.303 	23.410336
1.304 	23.626155
1.305 	23.548659
1.306 	23.255935
1.307 	23.083130
1.308 	23.237153
1.309 	23.491649
1.310 	23.578619
1.311 	23.750146
1.312 	23.817049
1.313 	23.409660
1.314 	22.856669
1.315 	22.971936
1.316 	23.163542
1.317 	22.664933
1.318 	22.257783
1.319 	22.639817
1.320 	22.991470
1.321 	22.711000
1.322 	22.441679
1.323 	22.537188
1.324 	22.617705
1.325 	22.685795
1.326 	23.256827
1.327 	23.911748
1.328 	23.606831
1.329 	22.491665
1.330 	21.603490
1.331 	21.440722
1.332 	21.492219
1.333 	21.605473
1.334 	22.051705
1.335 	22.348866
1.336 	22.068427
1.337 	21.661365
1.338 	21.619659
1.339 	21.879583
1.340 	21.840945
1.341 	21.816790
1.342 	22.132106
1.343 	21.779514
1.344 	20.564068
1.345 	20.001562
1.346 	20.558798
1.347 	21.514201
1.348 	22.122839
1.349 	21.990726
1.350 	21.116815
1.351 	19.992493
1.352 	19.029208
1.353 	18.727932
1.354 	19.219923
1.355 	19.854712
1.356 	20.292704
1.357 	20.578537
1.358 	20.616806
1.359 	20.511726
1.360 	20.274394
1.361 	20.021011
1.362 	20.163677
1.363 	20.438418
1.364 	20.285991
1.365 	20.020402
1.366 	19.863241
1.367 	19.660166
1.368 	19.402842
1.369 	19.203559
1.370 	19.510067
1.371 	19.870523
1.372 	19.596455
1.373 	18.701018
1.374 	17.976008
1.375 	18.039772
1.376 	18.565622
1.377 	18.801414
1.378 	18.316713
1.379 	17.569670
1.380 	16.769770
1.381 	15.995338
1.382 	15.436644
1.383 	15.141511
1.384 	15.481011
1.385 	16.372714
1.386 	16.736523
1.387 	17.006925
1.388 	17.112726
1.389 	15.832177
1.390 	14.114358
1.391 	13.625709
1.392 	13.308535
1.393 	12.396103
1.394 	12.364661
1.395 	13.575985
1.396 	14.684335
1.397 	15.306741
1.398 	15.191623
1.399 	14.201254
1.400 	13.021201
1.401 	12.194107
1.402 	12.154320
1.403 	13.002890
1.404 	13.291585
1.405 	12.292482
1.406 	11.192446
1.407 	11.147359
1.408 	11.801842
1.409 	12.204711
1.410 	12.611168
1.411 	13.125472
1.412 	12.716085
1.413 	11.550511
1.414 	11.719678
1.415 	13.796792
1.416 	14.567240
1.417 	12.683439
1.418 	10.454736
1.419 	9.726744
1.420 	11.005163
1.421 	12.901008
1.422 	13.176409
1.423 	11.969413
1.424 	11.328016
1.425 	11.568999
1.426 	11.712543
1.427 	12.233512
1.428 	12.898108
1.429 	12.602672
1.430 	11.842684
1.431 	11.579671
1.432 	11.224546
1.433 	10.409872
1.434 	10.105656
1.435 	10.400899
1.436 	11.196925
1.437 	11.948407
1.438 	12.039048
1.439 	11.802678
1.440 	11.863323
1.441 	12.344996
1.442 	13.440692
1.443 	14.374623
1.444 	13.687624
1.445 	12.057465
1.446 	11.735722
1.447 	12.874681
1.448 	13.659033
1.449 	13.148676
1.450 	11.773414
1.451 	10.486302
1.452 	10.848505
1.453 	12.652662
1.454 	12.832243
1.455 	11.160745
1.456 	10.230141
1.457 	10.884896
1.458 	12.184211
1.459 	12.844769
1.460 	12.749594
1.461 	12.243641
1.462 	12.033320
1.463 	12.641749
1.464 	12.751598
1.465 	11.954647
1.466 	11.339372
1.467 	11.473305
1.468 	11.523380
1.469 	11.606897
1.470 	12.711585
1.471 	13.483521
1.472 	13.043063
1.473 	12.419163
1.474 	12.114478
1.475 	12.273212
1.476 	12.222856
1.477 	11.834882
1.478 	12.214390
1.479 	12.814012
1.480 	12.553018
1.481 	12.182687
1.482 	12.016619
1.483 	11.721112
1.484 	11.650915
1.485 	11.818587
1.486 	11.986500
1.487 	12.429211
1.488 	12.919591
1.489 	12.744928
1.490 	12.778525
1.491 	13.694351
1.492 	13.954612
1.493 	13.540636
1.494 	13.467668
1.495 	13.511956
1.496 	13.525062
1.497 	13.267371
1.498 	12.434233
1.499 	12.065643
1.500 	13.053284
1.501 	13.971968
1.502 	12.898442
1.503 	11.868351
1.504 	12.845403
1.505 	14.164011
1.506 	14.470289
1.507 	14.123710
1.508 	14.119300
1.509 	14.779066
1.510 	14.688303
1.511 	13.141023
1.512 	11.795615
1.513 	12.432376
1.514 	13.750327
1.515 	15.051143
1.516 	16.188182
1.517 	16.211411
1.518 	15.028482
1.519 	14.418358
1.520 	14.890224
1.521 	14.477910
1.522 	13.577051
1.523 	14.500679
1.524 	16.566936
1.525 	17.054922
1.526 	15.950288
1.527 	14.772311
1.528 	14.563723
1.529 	15.779886
1.530 	16.819114
1.531 	16.249018
1.532 	14.513828
1.533 	13.089665
1.534 	12.958243
1.535 	14.017704
1.536 	15.099021
1.537 	14.921655
1.538 	14.491759
1.539 	15.381290
1.540 	16.486945
1.541 	16.096878
1.542 	15.680423
1.543 	15.665076
1.544 	15.172403
1.545 	15.660046
1.546 	16.866292
1.547 	16.674388
1.548 	14.697236
1.549 	12.843594
1.550 	13.555563
1.551 	15.892206
1.552 	17.591636
1.553 	16.606135
1.554 	14.993465
1.555 	15.598751
1.556 	16.911698
1.557 	17.158705
1.558 	16.231133
1.559 	15.558247
1.560 	15.886688
1.561 	16.597277
1.562 	16.894191
1.563 	16.114655
1.564 	15.910866
1.565 	17.091917
1.566 	17.880843
1.567 	17.960553
1.568 	18.093643
1.569 	18.130566
1.570 	16.339310
1.571 	15.021089
1.572 	15.596504
1.573 	16.428929
1.574 	16.195898
1.575 	15.642210
1.576 	16.316718
1.577 	17.091648
1.578 	17.574704
1.579 	17.234554
1.580 	15.226048
1.581 	15.004929
1.582 	16.863489
1.583 	17.016584
1.584 	16.773098
1.585 	18.724902
1.586 	20.722147
1.587 	20.556958
1.588 	18.890645
1.589 	17.952755
1.590 	18.693543
1.591 	18.394815
1.592 	17.451567
1.593 	16.890045
1.594 	16.290066
1.595 	15.559464
1.596 	16.229512
1.597 	18.623299
1.598 	21.262464
1.599 	21.558297
1.600 	19.074435
1.601 	17.619682
1.602 	18.193127
1.603 	19.209535
1.604 	18.902394
1.605 	17.717489
1.606 	17.060157
1.607 	16.815559
1.608 	17.292242
1.609 	19.424333
1.610 	20.068169
1.611 	18.722821
1.612 	19.435884
1.613 	20.093781
1.614 	18.781423
1.615 	19.027426
1.616 	20.036817
1.617 	18.478100
1.618 	17.936776
1.619 	18.817697
1.620 	18.713050
1.621 	18.347007
1.622 	18.523155
1.623 	19.454595
1.624 	19.633382
1.625 	19.867908
1.626 	20.277118
1.627 	18.935393
1.628 	17.962779
1.629 	20.023553
1.630 	19.551875
1.631 	18.369174
1.632 	19.378450
1.633 	20.112525
1.634 	20.174260
1.635 	20.221501
1.636 	19.268425
1.637 	17.268497
1.638 	19.104197
1.639 	20.614645
1.640 	20.071588
1.641 	21.965983
1.642 	21.056540
1.643 	19.492185
1.644 	18.649794
1.645 	17.868821
1.646 	20.634577
1.647 	22.812168
1.648 	21.078906
1.649 	19.284058
1.650 	18.982134
1.651 	20.042217
1.652 	19.405247
1.653 	20.007258
1.654 	22.264589
1.655 	21.145198
1.656 	19.816912
1.657 	18.804093
1.658 	18.510801
1.659 	20.059862
1.660 	24.661089
1.661 	22.581584
1.662 	19.579312
1.663 	23.083623
1.664 	25.205701
1.665 	23.857204
1.666 	21.061248
1.667 	20.271187
1.668 	19.598634
1.669 	23.692539
1.670 	26.332434
1.671 	21.382733
1.672 	24.439853
1.673 	29.456977
1.674 	23.449610
1.675 	20.410221
1.676 	22.665980
1.677 	30.765021
1.678 	32.173355
1.679 	29.385971
1.680 	27.622649
1.681 	26.186747
1.682 	26.008148
1.683 	29.417508
1.684 	23.605777
1.685 	19.391743
1.686 	22.796185
1.687 	31.288954
1.688 	28.888050
1.689 	25.175981
1.690 	33.248863
1.691 	41.599971
1.692 	38.413524
1.693 	34.772769
1.694 	31.786406
1.695 	31.719556
1.696 	37.149683
1.697 	34.851160
1.698 	30.853437
1.699 	35.625459
1.700 	28.762477
