0.660 	44.181548
0.661 	42.903090
0.662 	44.975347
0.663 	43.701995
0.664 	48.370223
0.665 	39.993714
0.666 	41.845491
0.667 	40.815316
0.668 	42.201717
0.669 	42.380781
0.670 	42.901296
0.671 	42.044367
0.672 	40.981139
0.673 	41.766515
0.674 	41.651774
0.675 	42.436936
0.676 	44.845890
0.677 	43.582668
0.678 	40.428289
0.679 	40.222290
0.680 	42.416797
0.681 	44.881254
0.682 	41.883499
0.683 	41.931802
0.684 	42.420459
0.685 	43.419678
0.686 	41.047265
0.687 	40.885495
0.688 	43.765963
0.689 	44.182251
0.690 	40.112824
0.691 	38.058754
0.692 	41.929061
0.693 	42.712574
0.694 	43.320597
0.695 	42.594848
0.696 	40.320049
0.697 	40.507099
0.698 	39.654736
0.699 	38.493630
0.700 	41.123747
0.701 	42.817268
0.702 	43.287889
0.703 	41.059937
0.704 	40.635457
0.705 	41.082527
0.706 	41.025574
0.707 	39.743864
0.708 	37.858036
0.709 	38.505028
0.710 	40.320377
0.711 	39.584888
0.712 	40.288278
0.713 	40.673920
0.714 	41.297363
0.715 	41.527576
0.716 	40.329088
0.717 	39.205000
0.718 	41.271425
0.719 	41.239168
0.720 	39.162611
0.721 	38.660338
0.722 	38.960618
0.723 	38.782009
0.724 	39.384391
0.725 	38.893944
0.726 	39.430587
0.727 	39.248156
0.728 	37.614637
0.729 	37.218568
0.730 	38.468776
0.731 	40.683346
0.732 	41.016044
0.733 	39.236477
0.734 	38.028336
0.735 	39.500084
0.736 	39.390465
0.737 	37.729575
0.738 	37.693747
0.739 	38.085567
0.740 	38.307328
0.741 	37.746705
0.742 	37.709013
0.743 	39.377813
0.744 	39.252107
0.745 	37.913121
0.746 	37.457895
0.747 	37.906934
0.748 	37.780098
0.749 	37.295342
0.750 	37.633601
0.751 	37.503988
0.752 	38.458460
0.753 	38.879551
0.754 	37.957496
0.755 	37.515040
0.756 	37.670755
0.757 	36.832944
0.758 	36.354466
0.759 	38.229056
0.760 	39.262267
0.761 	37.721232
0.762 	37.332032
0.763 	38.507205
0.764 	38.261813
0.765 	37.225352
0.766 	37.649930
0.767 	37.286353
0.768 	37.308816
0.769 	37.939627
0.770 	37.600667
0.771 	37.600870
0.772 	37.103152
0.773 	35.737785
0.774 	35.800457
0.775 	37.043996
0.776 	37.597540
0.777 	37.288649
0.778 	35.968701
0.779 	36.074789
0.780 	36.953212
0.781 	36.977630
0.782 	37.272208
0.783 	37.274345
0.784 	36.568968
0.785 	36.399571
0.786 	36.396650
0.787 	35.894680
0.788 	36.119080
0.789 	36.796396
0.790 	36.469463
0.791 	35.787697
0.792 	36.251436
0.793 	36.753196
0.794 	35.791394
0.795 	35.073434
0.796 	34.928412
0.797 	35.767791
0.798 	37.115779
0.799 	37.249596
0.800 	36.505822
0.801 	36.113643
0.802 	35.741372
0.803 	35.175298
0.804 	35.280113
0.805 	35.313899
0.806 	35.361846
0.807 	35.635266
0.808 	35.789104
0.809 	35.813026
0.810 	35.932130
0.811 	36.074525
0.812 	36.096411
0.813 	36.036068
0.814 	35.554777
0.815 	35.112950
0.816 	35.173500
0.817 	35.198672
0.818 	35.265459
0.819 	36.279410
0.820 	36.927360
0.821 	36.074408
0.822 	34.797458
0.823 	34.113121
0.824 	34.484983
0.825 	34.956152
0.826 	34.913420
0.827 	34.895394
0.828 	35.158900
0.829 	35.177747
0.830 	35.086253
0.831 	35.617406
0.832 	36.090722
0.833 	35.350237
0.834 	34.701226
0.835 	35.153223
0.836 	35.477682
0.837 	34.650023
0.838 	33.800253
0.839 	33.720214
0.840 	34.166216
0.841 	34.684398
0.842 	34.539919
0.843 	34.068352
0.844 	34.131370
0.845 	34.434013
0.846 	34.496568
0.847 	34.148411
0.848 	33.569523
0.849 	33.445198
0.850 	33.884030
0.851 	34.471163
0.852 	35.244291
0.853 	35.548261
0.854 	34.744847
0.855 	33.995769
0.856 	33.720801
0.857 	33.312542
0.858 	32.872162
0.859 	32.810578
0.860 	33.142080
0.861 	33.566347
0.862 	34.053528
0.863 	34.398244
0.864 	34.432706
0.865 	34.257320
0.866 	34.042314
0.867 	34.073090
0.868 	34.133503
0.869 	33.764487
0.870 	33.084168
0.871 	32.867531
0.872 	33.233262
0.873 	33.479496
0.874 	33.135691
0.875 	32.821684
0.876 	33.156134
0.877 	33.592762
0.878 	33.471518
0.879 	33.088134
0.880 	33.146694
0.881 	33.474605
0.882 	33.006603
0.883 	32.134465
0.884 	32.458547
0.885 	33.483525
0.886 	33.717138
0.887 	33.114124
0.888 	32.605429
0.889 	32.784833
0.890 	32.714915
0.891 	31.945291
0.892 	31.407791
0.893 	31.912960
0.894 	32.987543
0.895 	33.427558
0.896 	33.048553
0.897 	32.618344
0.898 	32.629468
0.899 	32.780582
0.900 	32.614198
0.901 	32.206306
0.902 	32.160061
0.903 	32.322527
0.904 	32.175591
0.905 	31.884910
0.906 	31.684167
0.907 	31.477079
0.908 	31.503741
0.909 	31.883157
0.910 	32.160090
0.911 	32.179988
0.912 	31.808509
0.913 	31.346864
0.914 	31.318579
0.915 	31.717256
0.916 	31.972359
0.917 	31.816657
0.918 	31.596662
0.919 	31.481926
0.920 	31.374331
0.921 	31.397474
0.922 	31.405916
0.923 	31.093743
0.924 	30.983827
0.925 	31.508339
0.926 	31.940686
0.927 	31.831193
0.928 	31.338736
0.929 	30.844685
0.930 	30.727282
0.931 	30.672810
0.932 	30.491212
0.933 	30.637177
0.934 	31.227285
0.935 	31.722689
0.936 	31.670615
0.937 	31.215989
0.938 	31.092201
0.939 	31.469660
0.940 	31.589310
0.941 	31.302627
0.942 	30.979422
0.943 	30.722379
0.944 	30.533043
0.945 	30.601424
0.946 	30.918098
0.947 	31.072813
0.948 	31.006078
0.949 	30.680864
0.950 	30.310152
0.951 	30.322122
0.952 	30.229831
0.953 	29.845092
0.954 	29.834373
0.955 	29.513399
0.956 	29.290082
0.957 	29.524154
0.958 	30.204632
0.959 	30.708832
0.960 	30.220634
0.961 	29.966898
0.962 	30.375785
0.963 	30.206528
0.964 	30.304946
0.965 	30.223822
0.966 	30.332651
0.967 	30.089349
0.968 	29.836265
0.969 	29.518171
0.970 	29.148747
0.971 	29.637468
0.972 	29.754690
0.973 	29.248534
0.974 	29.224045
0.975 	29.798821
0.976 	29.863675
0.977 	29.508988
0.978 	29.823807
0.979 	29.935157
0.980 	29.175753
0.981 	29.088763
0.982 	29.886912
0.983 	30.074525
0.984 	29.896491
0.985 	30.187049
0.986 	29.786221
0.987 	29.654730
0.988 	29.942988
0.989 	30.517020
0.990 	31.193682
0.991 	30.786359
0.992 	29.472566
0.993 	29.441267
0.994 	30.170781
0.995 	29.962750
0.996 	29.913106
0.997 	29.787093
0.998 	29.678787
0.999 	30.350047
1.000 	31.062394
1.001 	30.820276
1.002 	29.496232
1.003 	28.925649
1.004 	29.966798
1.005 	30.807897
1.006 	30.546711
1.007 	30.089526
1.008 	30.457632
1.009 	30.961537
1.010 	30.363281
1.011 	30.084379
1.012 	30.091516
1.013 	29.881255
1.014 	30.288107
1.015 	30.460626
1.016 	30.360536
1.017 	30.068568
1.018 	30.074711
1.019 	30.474138
1.020 	30.701036
1.021 	30.548126
1.022 	30.962002
1.023 	31.356495
1.024 	30.823909
1.025 	30.632833
1.026 	30.848088
1.027 	30.750360
1.028 	30.892528
1.029 	31.023625
1.030 	31.349614
1.031 	31.163005
1.032 	30.122574
1.033 	29.904304
1.034 	30.393521
1.035 	30.662702
1.036 	30.798169
1.037 	31.149602
1.038 	31.302965
1.039 	31.036867
1.040 	31.278531
1.041 	32.062099
1.042 	31.945065
1.043 	30.946117
1.044 	31.017577
1.045 	31.252968
1.046 	31.187021
1.047 	31.098835
1.048 	30.801006
1.049 	30.109708
1.050 	29.999196
1.051 	31.035984
1.052 	31.222241
1.053 	30.416962
1.054 	30.611368
1.055 	31.470806
1.056 	31.887788
1.057 	31.801436
1.058 	31.686425
1.059 	31.555460
1.060 	30.991434
1.061 	30.828779
1.062 	31.356119
1.063 	31.269450
1.064 	31.116248
1.065 	31.320051
1.066 	31.372623
1.067 	31.527813
1.068 	31.558491
1.069 	31.455781
1.070 	31.351473
1.071 	31.232835
1.072 	31.322541
1.073 	31.490401
1.074 	31.265284
1.075 	30.523929
1.076 	30.358035
1.077 	30.944185
1.078 	31.025673
1.079 	30.519866
1.080 	30.242372
1.081 	30.821502
1.082 	31.411824
1.083 	31.143666
1.084 	30.799011
1.085 	30.549657
1.086 	30.288789
1.087 	30.905662
1.088 	31.423981
1.089 	31.457564
1.090 	31.626586
1.091 	31.349748
1.092 	31.022309
1.093 	31.382315
1.094 	31.565716
1.095 	31.225653
1.096 	30.762232
1.097 	30.355198
1.098 	30.350203
1.099 	30.396769
1.100 	30.696112
1.101 	30.989426
1.102 	30.796680
1.103 	30.210524
1.104 	29.724966
1.105 	29.999433
1.106 	30.568914
1.107 	30.692713
1.108 	30.690205
1.109 	31.214595
1.110 	31.776856
1.111 	31.548084
1.112 	30.680753
1.113 	29.991247
1.114 	29.794994
1.115 	29.963478
1.116 	30.300229
1.117 	30.476515
1.118 	30.666822
1.119 	30.908778
1.120 	30.673984
1.121 	30.091116
1.122 	29.835358
1.123 	30.337431
1.124 	30.839849
1.125 	30.516874
1.126 	29.792879
1.127 	29.289212
1.128 	29.140541
1.129 	29.411430
1.130 	29.885261
1.131 	30.213587
1.132 	29.858622
1.133 	28.942762
1.134 	28.422448
1.135 	28.351169
1.136 	28.308814
1.137 	28.550242
1.138 	29.020316
1.139 	28.914910
1.140 	28.196356
1.141 	27.565446
1.142 	27.493321
1.143 	28.257962
1.144 	28.932373
1.145 	28.507385
1.146 	27.415994
1.147 	26.274143
1.148 	25.751169
1.149 	26.032765
1.150 	26.050342
1.151 	25.402428
1.152 	24.967307
1.153 	25.366789
1.154 	26.293120
1.155 	26.527744
1.156 	25.845224
1.157 	25.344477
1.158 	25.161399
1.159 	25.123992
1.160 	25.349888
1.161 	25.570183
1.162 	25.771175
1.163 	25.766366
1.164 	25.560260
1.165 	25.167648
1.166 	24.983986
1.167 	25.031227
1.168 	24.977696
1.169 	25.267935
1.170 	25.523872
1.171 	25.189730
1.172 	25.161899
1.173 	25.931883
1.174 	26.428294
1.175 	25.802390
1.176 	24.431053
1.177 	23.985959
1.178 	24.499280
1.179 	24.910184
1.180 	24.968570
1.181 	24.623117
1.182 	24.281579
1.183 	24.362421
1.184 	24.667756
1.185 	24.720868
1.186 	24.486526
1.187 	24.562922
1.188 	24.838371
1.189 	24.761006
1.190 	24.451035
1.191 	24.127686
1.192 	23.799309
1.193 	23.573411
1.194 	23.496272
1.195 	23.860786
1.196 	24.310494
1.197 	24.126126
1.198 	23.603467
1.199 	23.602711
1.200 	24.056418
1.201 	24.250193
1.202 	24.015373
1.203 	23.640387
1.204 	23.219286
1.205 	23.129397
1.206 	23.633852
1.207 	24.318667
1.208 	24.626541
1.209 	24.528076
1.210 	24.557436
1.211 	24.761570
1.212 	24.822546
1.213 	24.582720
1.214 	24.114383
1.215 	24.228628
1.216 	24.779578
1.217 	24.683229
1.218 	24.113023
1.219 	23.894183
1.220 	23.979963
1.221 	23.993831
1.222 	23.779249
1.223 	23.539476
1.224 	23.851963
1.225 	24.694672
1.226 	25.415727
1.227 	25.915001
1.228 	26.137484
1.229 	26.127287
1.230 	26.079807
1.231 	26.102417
1.232 	26.084823
1.233 	25.702034
1.234 	24.973772
1.235 	24.479959
1.236 	24.888093
1.237 	26.175155
1.238 	26.737420
1.239 	26.005073
1.240 	25.375800
1.241 	25.632894
1.242 	25.927578
1.243 	25.959194
1.244 	26.180642
1.245 	26.083046
1.246 	25.383689
1.247 	25.037112
1.248 	25.551973
1.249 	26.099034
1.250 	26.303741
1.251 	26.359283
1.252 	26.685115
1.253 	26.842773
1.254 	26.403351
1.255 	25.948048
1.256 	25.597322
1.257 	25.007350
1.258 	24.801694
1.259 	25.749863
1.260 	26.930875
1.261 	27.410311
1.262 	27.071399
1.263 	26.305352
1.264 	25.906633
1.265 	26.336659
1.266 	26.637803
1.267 	26.226342
1.268 	26.018267
1.269 	26.296580
1.270 	26.402823
1.271 	26.019742
1.272 	25.808371
1.273 	26.061252
1.274 	26.423540
1.275 	26.574491
1.276 	26.411366
1.277 	25.988715
1.278 	25.396673
1.279 	24.689521
1.280 	24.507964
1.281 	25.001526
1.282 	25.683011
1.283 	25.760324
1.284 	25.388793
1.285 	25.238132
1.286 	25.517885
1.287 	26.093942
1.288 	26.576827
1.289 	26.713520
1.290 	26.746575
1.291 	26.865017
1.292 	26.711779
1.293 	25.913527
1.294 	25.309652
1.295 	25.628471
1.296 	25.810037
1.297 	25.160129
1.298 	24.659117
1.299 	25.007445
1.300 	25.781882
1.301 	26.307331
1.302 	26.120197
1.303 	25.761184
1.304 	25.237932
1.305 	24.540917
1.306 	24.060133
1.307 	24.091846
1.308 	24.742052
1.309 	25.270792
1.310 	25.128214
1.311 	25.099632
1.312 	25.329138
1.313 	24.858746
1.314 	23.620144
1.315 	23.213582
1.316 	23.823895
1.317 	24.148087
1.318 	23.775028
1.319 	23.430473
1.320 	23.021747
1.321 	22.559930
1.322 	22.989189
1.323 	24.284584
1.324 	25.164680
1.325 	25.406064
1.326 	25.039768
1.327 	24.008822
1.328 	22.818475
1.329 	22.499791
1.330 	23.220231
1.331 	23.982650
1.332 	23.695501
1.333 	22.551918
1.334 	21.775960
1.335 	22.051247
1.336 	23.065769
1.337 	23.580663
1.338 	22.938413
1.339 	21.809482
1.340 	21.679177
1.341 	22.702950
1.342 	23.299620
1.343 	22.604322
1.344 	21.110773
1.345 	20.016025
1.346 	20.109883
1.347 	21.263678
1.348 	22.194155
1.349 	22.171707
1.350 	21.354944
1.351 	20.866877
1.352 	21.074009
1.353 	21.380030
1.354 	21.507680
1.355 	21.080635
1.356 	20.956048
1.357 	21.821738
1.358 	22.554826
1.359 	22.304344
1.360 	21.180545
1.361 	20.312016
1.362 	20.155295
1.363 	20.043426
1.364 	19.697706
1.365 	19.440271
1.366 	19.143994
1.367 	19.054771
1.368 	19.559852
1.369 	19.922352
1.370 	19.775655
1.371 	19.277245
1.372 	18.575003
1.373 	17.886723
1.374 	17.414101
1.375 	17.396498
1.376 	17.974975
1.377 	18.401713
1.378 	18.154261
1.379 	17.880797
1.380 	17.411222
1.381 	17.051857
1.382 	17.330174
1.383 	17.098919
1.384 	15.875757
1.385 	14.662583
1.386 	14.748758
1.387 	16.094298
1.388 	16.452469
1.389 	14.935676
1.390 	13.745527
1.391 	14.087060
1.392 	14.249855
1.393 	13.744715
1.394 	13.813505
1.395 	14.193293
1.396 	14.037969
1.397 	14.326552
1.398 	15.513236
1.399 	15.976761
1.400 	14.964650
1.401 	12.991507
1.402 	11.214090
1.403 	11.469877
1.404 	13.466711
1.405 	14.667606
1.406 	13.446047
1.407 	11.711290
1.408 	11.205872
1.409 	11.078004
1.410 	11.431445
1.411 	12.414881
1.412 	13.103483
1.413 	12.819704
1.414 	12.548746
1.415 	13.035894
1.416 	13.090562
1.417 	12.450487
1.418 	11.640797
1.419 	11.053151
1.420 	12.097405
1.421 	14.029534
1.422 	14.185250
1.423 	12.901446
1.424 	11.744033
1.425 	11.309726
1.426 	11.396231
1.427 	11.700106
1.428 	11.892599
1.429 	12.062844
1.430 	12.116475
1.431 	11.796927
1.432 	11.228523
1.433 	11.226617
1.434 	12.229332
1.435 	12.844139
1.436 	11.729414
1.437 	10.645054
1.438 	10.912792
1.439 	11.125851
1.440 	11.521039
1.441 	13.038486
1.442 	14.353806
1.443 	13.684372
1.444 	11.980047
1.445 	11.304677
1.446 	12.188900
1.447 	13.176651
1.448 	13.456527
1.449 	13.483846
1.450 	12.548096
1.451 	10.670470
1.452 	9.933870
1.453 	11.046709
1.454 	12.175129
1.455 	11.925510
1.456 	10.915404
1.457 	11.164673
1.458 	12.624336
1.459 	13.469585
1.460 	13.296855
1.461 	13.076462
1.462 	13.003522
1.463 	12.808829
1.464 	12.679139
1.465 	12.487888
1.466 	11.483091
1.467 	10.295350
1.468 	11.024558
1.469 	13.539966
1.470 	14.818648
1.471 	13.907437
1.472 	12.216977
1.473 	10.921489
1.474 	11.128953
1.475 	12.641486
1.476 	13.932088
1.477 	15.037926
1.478 	15.908726
1.479 	14.925442
1.480 	12.750521
1.481 	11.177400
1.482 	10.783718
1.483 	11.571911
1.484 	13.248590
1.485 	14.479332
1.486 	14.135990
1.487 	13.412030
1.488 	13.073600
1.489 	12.439013
1.490 	11.883066
1.491 	12.504988
1.492 	13.567247
1.493 	13.653996
1.494 	12.876106
1.495 	12.298726
1.496 	12.150489
1.497 	12.438042
1.498 	13.060457
1.499 	13.332171
1.500 	13.253320
1.501 	13.055025
1.502 	11.794733
1.503 	11.125662
1.504 	12.760210
1.505 	14.081923
1.506 	14.589379
1.507 	15.532562
1.508 	16.175526
1.509 	16.017018
1.510 	15.471926
1.511 	14.720478
1.512 	14.259440
1.513 	14.263078
1.514 	13.725672
1.515 	13.846972
1.516 	14.391209
1.517 	14.618403
1.518 	14.414308
1.519 	13.756293
1.520 	13.265231
1.521 	13.018073
1.522 	14.691694
1.523 	17.238016
1.524 	17.076313
1.525 	15.456470
1.526 	14.756403
1.527 	14.869764
1.528 	15.443880
1.529 	15.569862
1.530 	14.786099
1.531 	14.276677
1.532 	14.374686
1.533 	14.253392
1.534 	14.180220
1.535 	15.088770
1.536 	15.993692
1.537 	16.222019
1.538 	15.947837
1.539 	15.326504
1.540 	15.319898
1.541 	15.907655
1.542 	16.458849
1.543 	15.854184
1.544 	14.656828
1.545 	14.959055
1.546 	16.016911
1.547 	16.321675
1.548 	14.832026
1.549 	12.650924
1.550 	13.207819
1.551 	15.985591
1.552 	17.455414
1.553 	15.597346
1.554 	14.228193
1.555 	15.275146
1.556 	16.484967
1.557 	17.285898
1.558 	18.138348
1.559 	17.770957
1.560 	16.563172
1.561 	16.134669
1.562 	15.569027
1.563 	14.925165
1.564 	16.597393
1.565 	18.307305
1.566 	17.927851
1.567 	17.786739
1.568 	18.244879
1.569 	17.730581
1.570 	16.544819
1.571 	15.313086
1.572 	14.536276
1.573 	15.008443
1.574 	16.161136
1.575 	16.867645
1.576 	17.982247
1.577 	19.252486
1.578 	19.246855
1.579 	17.773365
1.580 	15.652087
1.581 	15.184635
1.582 	16.907106
1.583 	16.207708
1.584 	13.872176
1.585 	14.797733
1.586 	16.915765
1.587 	18.826388
1.588 	19.540263
1.589 	18.554949
1.590 	18.780167
1.591 	19.431105
1.592 	18.240324
1.593 	16.179074
1.594 	15.427048
1.595 	15.485905
1.596 	16.583396
1.597 	18.064108
1.598 	18.647027
1.599 	19.712229
1.600 	19.458767
1.601 	18.679718
1.602 	19.264811
1.603 	19.210781
1.604 	18.355614
1.605 	18.338828
1.606 	18.950904
1.607 	18.098808
1.608 	16.715687
1.609 	17.896920
1.610 	19.283048
1.611 	19.243283
1.612 	19.864959
1.613 	20.165783
1.614 	19.456442
1.615 	19.575219
1.616 	20.134007
1.617 	19.930721
1.618 	20.834138
1.619 	20.749667
1.620 	20.321177
1.621 	18.411362
1.622 	17.510164
1.623 	18.103798
1.624 	19.837516
1.625 	20.815792
1.626 	19.582028
1.627 	18.630746
1.628 	19.248976
1.629 	18.505565
1.630 	17.298558
1.631 	18.735033
1.632 	20.219561
1.633 	19.776519
1.634 	19.634852
1.635 	19.828247
1.636 	18.392762
1.637 	17.671012
1.638 	21.140503
1.639 	21.637259
1.640 	19.367066
1.641 	19.165116
1.642 	19.547089
1.643 	20.595006
1.644 	20.424689
1.645 	18.957431
1.646 	19.696697
1.647 	19.693117
1.648 	18.568972
1.649 	20.633300
1.650 	22.761961
1.651 	22.432155
1.652 	20.139513
1.653 	19.763946
1.654 	22.350040
1.655 	19.984928
1.656 	16.049511
1.657 	16.590633
1.658 	17.734767
1.659 	19.456651
1.660 	23.070385
1.661 	23.132674
1.662 	24.409610
1.663 	27.167073
1.664 	25.671148
1.665 	24.535143
1.666 	21.724219
1.667 	20.211466
1.668 	21.436861
1.669 	21.667836
1.670 	23.254020
1.671 	21.713325
1.672 	24.269593
1.673 	27.969478
1.674 	25.513792
1.675 	22.759524
1.676 	21.531102
1.677 	25.267967
1.678 	29.216046
1.679 	30.321538
1.680 	26.119710
1.681 	20.899713
1.682 	31.590952
1.683 	37.141641
1.684 	24.739914
1.685 	15.272804
1.686 	28.604644
1.687 	31.754815
1.688 	32.428877
1.689 	28.739712
1.690 	30.869041
1.691 	35.646348
1.692 	32.835718
1.693 	33.288590
1.694 	27.590195
1.695 	38.942862
1.696 	42.889672
1.697 	37.626567
1.698 	25.767104
1.699 	23.363539
1.700 	33.331704
