0.660 	39.475567
0.661 	33.636424
0.662 	42.346032
0.663 	42.337990
0.664 	37.181099
0.665 	35.932056
0.666 	38.528723
0.667 	35.144693
0.668 	36.230354
0.669 	37.831864
0.670 	37.377646
0.671 	36.157913
0.672 	39.314078
0.673 	35.891462
0.674 	37.157664
0.675 	38.409830
0.676 	36.968707
0.677 	36.147688
0.678 	31.426969
0.679 	34.800724
0.680 	37.889964
0.681 	37.464217
0.682 	36.914073
0.683 	39.306155
0.684 	36.979696
0.685 	35.349268
0.686 	37.484187
0.687 	37.936630
0.688 	33.431752
0.689 	37.417548
0.690 	36.989330
0.691 	34.951952
0.692 	38.609015
0.693 	36.117055
0.694 	36.171984
0.695 	33.121172
0.696 	34.762660
0.697 	36.335440
0.698 	34.564339
0.699 	34.493052
0.700 	35.734697
0.701 	34.279713
0.702 	35.326057
0.703 	37.024969
0.704 	35.340865
0.705 	34.394372
0.706 	33.992809
0.707 	34.945685
0.708 	33.433101
0.709 	33.683422
0.710 	33.494072
0.711 	33.520313
0.712 	34.829809
0.713 	34.721675
0.714 	35.288141
0.715 	35.833318
0.716 	35.427133
0.717 	33.605862
0.718 	33.473838
0.719 	34.333692
0.720 	33.489717
0.721 	33.584298
0.722 	34.299024
0.723 	34.142840
0.724 	33.113175
0.725 	32.111075
0.726 	33.345206
0.727 	33.721757
0.728 	32.044237
0.729 	33.056585
0.730 	34.449256
0.731 	35.307247
0.732 	34.735977
0.733 	33.454397
0.734 	32.051995
0.735 	31.254066
0.736 	32.826050
0.737 	33.361850
0.738 	33.040916
0.739 	32.715349
0.740 	32.261919
0.741 	31.804038
0.742 	30.532768
0.743 	31.918950
0.744 	32.996761
0.745 	32.377383
0.746 	32.333083
0.747 	33.494800
0.748 	33.993121
0.749 	32.312167
0.750 	31.763864
0.751 	31.659396
0.752 	31.966152
0.753 	32.367255
0.754 	32.515809
0.755 	31.805570
0.756 	31.138274
0.757 	31.351735
0.758 	32.051561
0.759 	32.633339
0.760 	32.605143
0.761 	32.592573
0.762 	32.848445
0.763 	34.189401
0.764 	33.796630
0.765 	32.349614
0.766 	31.789085
0.767 	31.147963
0.768 	31.446909
0.769 	32.151828
0.770 	30.814430
0.771 	29.978202
0.772 	30.885903
0.773 	31.341992
0.774 	31.889717
0.775 	32.504471
0.776 	32.291701
0.777 	31.107856
0.778 	30.213470
0.779 	30.484313
0.780 	31.692407
0.781 	31.721127
0.782 	30.938278
0.783 	30.787696
0.784 	31.144967
0.785 	31.162913
0.786 	31.228560
0.787 	31.621046
0.788 	32.109011
0.789 	32.073937
0.790 	30.960121
0.791 	30.285158
0.792 	30.574895
0.793 	31.069100
0.794 	32.177550
0.795 	31.709156
0.796 	29.928367
0.797 	30.488789
0.798 	31.571070
0.799 	31.354709
0.800 	30.984677
0.801 	29.799240
0.802 	29.311775
0.803 	29.750384
0.804 	30.460896
0.805 	30.573744
0.806 	30.526007
0.807 	31.054302
0.808 	30.563529
0.809 	29.655506
0.810 	29.797436
0.811 	30.244605
0.812 	30.677497
0.813 	30.509337
0.814 	30.356117
0.815 	30.455738
0.816 	30.550882
0.817 	30.242472
0.818 	29.744140
0.819 	29.779563
0.820 	29.871239
0.821 	30.110139
0.822 	31.134380
0.823 	31.649247
0.824 	31.162059
0.825 	30.878310
0.826 	30.760519
0.827 	30.476858
0.828 	30.621333
0.829 	30.604081
0.830 	29.553533
0.831 	28.755331
0.832 	29.212153
0.833 	29.502358
0.834 	29.185156
0.835 	29.392168
0.836 	29.523054
0.837 	29.089928
0.838 	29.199748
0.839 	29.339763
0.840 	28.722394
0.841 	28.352448
0.842 	28.844268
0.843 	29.151080
0.844 	28.918424
0.845 	28.999893
0.846 	28.940643
0.847 	28.835966
0.848 	29.128753
0.849 	29.571910
0.850 	29.565388
0.851 	29.226080
0.852 	29.379445
0.853 	29.927461
0.854 	30.147373
0.855 	29.616740
0.856 	28.323015
0.857 	27.406019
0.858 	27.952119
0.859 	28.923152
0.860 	29.030441
0.861 	28.659828
0.862 	28.742237
0.863 	29.111491
0.864 	29.336991
0.865 	29.506421
0.866 	29.558111
0.867 	29.334372
0.868 	29.011929
0.869 	29.167701
0.870 	29.356862
0.871 	28.672396
0.872 	27.819645
0.873 	27.781308
0.874 	28.378474
0.875 	28.972140
0.876 	29.064684
0.877 	28.796064
0.878 	28.833806
0.879 	28.935291
0.880 	28.604988
0.881 	28.377746
0.882 	28.383793
0.883 	28.081424
0.884 	27.792154
0.885 	28.097961
0.886 	28.340138
0.887 	28.142688
0.888 	28.160870
0.889 	28.168006
0.890 	27.610197
0.891 	27.322911
0.892 	27.825183
0.893 	28.351864
0.894 	28.499884
0.895 	28.103229
0.896 	27.448955
0.897 	27.076768
0.898 	26.915520
0.899 	27.021556
0.900 	27.602044
0.901 	28.178937
0.902 	27.999476
0.903 	27.597744
0.904 	27.863730
0.905 	28.416747
0.906 	28.447269
0.907 	27.524481
0.908 	26.616068
0.909 	27.578315
0.910 	29.264753
0.911 	29.170417
0.912 	27.411391
0.913 	26.214224
0.914 	26.564231
0.915 	27.193338
0.916 	27.347880
0.917 	27.365869
0.918 	27.345560
0.919 	26.946782
0.920 	26.595894
0.921 	26.934570
0.922 	27.439008
0.923 	27.249972
0.924 	26.552600
0.925 	26.338349
0.926 	26.838890
0.927 	27.159302
0.928 	26.537096
0.929 	25.667707
0.930 	25.504661
0.931 	26.157457
0.932 	27.068801
0.933 	27.417973
0.934 	27.672920
0.935 	28.046166
0.936 	27.675930
0.937 	26.796676
0.938 	26.449781
0.939 	26.610968
0.940 	26.836949
0.941 	27.194846
0.942 	27.491217
0.943 	27.063784
0.944 	27.015951
0.945 	27.301685
0.946 	27.324862
0.947 	27.184936
0.948 	26.784888
0.949 	26.255023
0.950 	26.249776
0.951 	26.229476
0.952 	26.054451
0.953 	26.052595
0.954 	26.434532
0.955 	26.624846
0.956 	26.643419
0.957 	26.568211
0.958 	26.554253
0.959 	26.914639
0.960 	27.019731
0.961 	27.129534
0.962 	27.212081
0.963 	26.360533
0.964 	25.875926
0.965 	26.076210
0.966 	26.574363
0.967 	27.126985
0.968 	27.057446
0.969 	26.549887
0.970 	26.783227
0.971 	26.555933
0.972 	25.782190
0.973 	25.503948
0.974 	25.960760
0.975 	26.528598
0.976 	26.471993
0.977 	26.724314
0.978 	26.569537
0.979 	25.978538
0.980 	25.893960
0.981 	26.333633
0.982 	26.370642
0.983 	25.804521
0.984 	25.907176
0.985 	26.704071
0.986 	27.443660
0.987 	26.869074
0.988 	26.514375
0.989 	27.013601
0.990 	27.423027
0.991 	27.261193
0.992 	26.711014
0.993 	25.782505
0.994 	25.859565
0.995 	26.699355
0.996 	27.237822
0.997 	26.952722
0.998 	26.206914
0.999 	25.610785
1.000 	26.409017
1.001 	26.954814
1.002 	26.538948
1.003 	26.369392
1.004 	26.577433
1.005 	26.860315
1.006 	26.935814
1.007 	26.654802
1.008 	26.802882
1.009 	26.643365
1.010 	25.628743
1.011 	25.528950
1.012 	26.406762
1.013 	26.720697
1.014 	26.423048
1.015 	25.887555
1.016 	26.594778
1.017 	27.531823
1.018 	27.268250
1.019 	26.611353
1.020 	26.553660
1.021 	27.154687
1.022 	27.855205
1.023 	27.930539
1.024 	26.767548
1.025 	25.920435
1.026 	26.114924
1.027 	26.299075
1.028 	26.317747
1.029 	26.767696
1.030 	27.756322
1.031 	28.000820
1.032 	26.606659
1.033 	25.533765
1.034 	26.342167
1.035 	27.346653
1.036 	27.385752
1.037 	26.865354
1.038 	26.722502
1.039 	26.794920
1.040 	27.126280
1.041 	27.451597
1.042 	27.674169
1.043 	27.401961
1.044 	27.238228
1.045 	27.311829
1.046 	27.033582
1.047 	26.290515
1.048 	26.216616
1.049 	26.399117
1.050 	26.353461
1.051 	26.371872
1.052 	26.448206
1.053 	26.366055
1.054 	26.600056
1.055 	27.522780
1.056 	28.031857
1.057 	27.527892
1.058 	26.893773
1.059 	26.598030
1.060 	26.574477
1.061 	26.937608
1.062 	27.332274
1.063 	26.741320
1.064 	26.485583
1.065 	27.217865
1.066 	27.474035
1.067 	26.955658
1.068 	26.288070
1.069 	26.043780
1.070 	26.167977
1.071 	26.411017
1.072 	27.057868
1.073 	27.818822
1.074 	27.840772
1.075 	27.229172
1.076 	26.876047
1.077 	26.926984
1.078 	26.332726
1.079 	25.452682
1.080 	25.327322
1.081 	25.967630
1.082 	26.509462
1.083 	26.442072
1.084 	25.994218
1.085 	25.581224
1.086 	25.694295
1.087 	26.676335
1.088 	27.078512
1.089 	26.316311
1.090 	26.116523
1.091 	26.423962
1.092 	26.670033
1.093 	27.447422
1.094 	28.025068
1.095 	27.314349
1.096 	26.497240
1.097 	26.362846
1.098 	26.301367
1.099 	26.188469
1.100 	26.092326
1.101 	25.857657
1.102 	25.809621
1.103 	26.070659
1.104 	26.165129
1.105 	26.369263
1.106 	26.855803
1.107 	27.073330
1.108 	26.802427
1.109 	26.487347
1.110 	26.240992
1.111 	25.858270
1.112 	25.725994
1.113 	26.132527
1.114 	26.559167
1.115 	26.841496
1.116 	27.137901
1.117 	26.887129
1.118 	25.917879
1.119 	25.357550
1.120 	25.594811
1.121 	25.855921
1.122 	25.800785
1.123 	25.793394
1.124 	26.108850
1.125 	26.877889
1.126 	27.418165
1.127 	26.928789
1.128 	25.721222
1.129 	25.116320
1.130 	25.482887
1.131 	26.005948
1.132 	25.911717
1.133 	25.422550
1.134 	25.391228
1.135 	25.876654
1.136 	26.204998
1.137 	25.928421
1.138 	25.275082
1.139 	24.683927
1.140 	24.362658
1.141 	24.242837
1.142 	24.204188
1.143 	24.626014
1.144 	25.102351
1.145 	24.848392
1.146 	24.433028
1.147 	24.408784
1.148 	24.751964
1.149 	25.209100
1.150 	24.941168
1.151 	23.486121
1.152 	22.564990
1.153 	23.560259
1.154 	25.130352
1.155 	25.483571
1.156 	24.116246
1.157 	22.564025
1.158 	22.327727
1.159 	22.981742
1.160 	23.569106
1.161 	23.545369
1.162 	23.099467
1.163 	22.714689
1.164 	22.703230
1.165 	22.931607
1.166 	23.268958
1.167 	23.584082
1.168 	23.454740
1.169 	23.169565
1.170 	22.935244
1.171 	22.445299
1.172 	22.569299
1.173 	23.548176
1.174 	24.152522
1.175 	23.848429
1.176 	22.773575
1.177 	22.147805
1.178 	22.471989
1.179 	22.760485
1.180 	22.789677
1.181 	22.699261
1.182 	22.698167
1.183 	23.157988
1.184 	23.614695
1.185 	23.581179
1.186 	23.393965
1.187 	23.505013
1.188 	23.723496
1.189 	23.602423
1.190 	23.246605
1.191 	22.930243
1.192 	22.446328
1.193 	21.685581
1.194 	20.870512
1.195 	20.550813
1.196 	20.854944
1.197 	21.400631
1.198 	21.975513
1.199 	22.530390
1.200 	22.315506
1.201 	21.646258
1.202 	21.672029
1.203 	22.031993
1.204 	21.965129
1.205 	21.718561
1.206 	21.875039
1.207 	22.488379
1.208 	22.870189
1.209 	22.574341
1.210 	22.080317
1.211 	21.780386
1.212 	21.751875
1.213 	22.221555
1.214 	23.033552
1.215 	23.346979
1.216 	23.141554
1.217 	23.193702
1.218 	23.427725
1.219 	23.538522
1.220 	23.468623
1.221 	23.296461
1.222 	23.092816
1.223 	22.694219
1.224 	22.038056
1.225 	21.430989
1.226 	21.277989
1.227 	21.530567
1.228 	21.934392
1.229 	22.689566
1.230 	23.405962
1.231 	23.489608
1.232 	23.417647
1.233 	23.777870
1.234 	24.153135
1.235 	23.974314
1.236 	23.673130
1.237 	23.580225
1.238 	23.298448
1.239 	22.944346
1.240 	22.988691
1.241 	23.169246
1.242 	23.463053
1.243 	23.476274
1.244 	22.973502
1.245 	22.565202
1.246 	22.710257
1.247 	23.265418
1.248 	24.076328
1.249 	24.796761
1.250 	24.993151
1.251 	24.801446
1.252 	24.862569
1.253 	25.138334
1.254 	25.012279
1.255 	24.307264
1.256 	23.339422
1.257 	22.639339
1.258 	22.475129
1.259 	23.094263
1.260 	24.344515
1.261 	25.291681
1.262 	24.886091
1.263 	23.968824
1.264 	24.123849
1.265 	24.774065
1.266 	24.440452
1.267 	23.405570
1.268 	23.194956
1.269 	23.866105
1.270 	24.689002
1.271 	25.026343
1.272 	24.509144
1.273 	24.074820
1.274 	23.888612
1.275 	23.494269
1.276 	23.244071
1.277 	23.402227
1.278 	23.545947
1.279 	23.334025
1.280 	22.955637
1.281 	22.892110
1.282 	23.364188
1.283 	24.451721
1.284 	25.413614
1.285 	25.235892
1.286 	24.042456
1.287 	22.807465
1.288 	22.633148
1.289 	23.247139
1.290 	23.806563
1.291 	23.853347
1.292 	23.604310
1.293 	23.135559
1.294 	23.018296
1.295 	23.649807
1.296 	24.285269
1.297 	24.161330
1.298 	23.496334
1.299 	23.223210
1.300 	23.698084
1.301 	24.147324
1.302 	23.910800
1.303 	23.613118
1.304 	23.643197
1.305 	23.681029
1.306 	23.603162
1.307 	23.514817
1.308 	23.777982
1.309 	24.203358
1.310 	24.089020
1.311 	23.783294
1.312 	23.673384
1.313 	23.216220
1.314 	22.405824
1.315 	21.987717
1.316 	21.725363
1.317 	21.592687
1.318 	22.394616
1.319 	23.628139
1.320 	23.737726
1.321 	22.904981
1.322 	22.553304
1.323 	22.943649
1.324 	22.797650
1.325 	22.105914
1.326 	22.140225
1.327 	22.711632
1.328 	22.818289
1.329 	22.295809
1.330 	22.001896
1.331 	22.535796
1.332 	23.122309
1.333 	23.334464
1.334 	23.445813
1.335 	22.944189
1.336 	21.393871
1.337 	20.373671
1.338 	20.809744
1.339 	21.722824
1.340 	21.941400
1.341 	21.670408
1.342 	21.794646
1.343 	22.101977
1.344 	21.393597
1.345 	20.364840
1.346 	20.465477
1.347 	21.509959
1.348 	22.454128
1.349 	23.052013
1.350 	22.757435
1.351 	21.393662
1.352 	19.665541
1.353 	18.846819
1.354 	19.470608
1.355 	20.537315
1.356 	21.005865
1.357 	21.297787
1.358 	21.642909
1.359 	21.544220
1.360 	20.931789
1.361 	20.322616
1.362 	20.020989
1.363 	20.257369
1.364 	20.584655
1.365 	20.592021
1.366 	20.291264
1.367 	19.858386
1.368 	19.701897
1.369 	19.853532
1.370 	20.114785
1.371 	19.884474
1.372 	19.356085
1.373 	19.302985
1.374 	19.324637
1.375 	18.866480
1.376 	18.236433
1.377 	17.787502
1.378 	17.750326
1.379 	17.848938
1.380 	17.600183
1.381 	17.172412
1.382 	16.980599
1.383 	16.616404
1.384 	16.116713
1.385 	16.090611
1.386 	16.395576
1.387 	16.820696
1.388 	16.906533
1.389 	16.233304
1.390 	15.210710
1.391 	14.266107
1.392 	13.651002
1.393 	13.925840
1.394 	14.680807
1.395 	14.769006
1.396 	13.898541
1.397 	13.578683
1.398 	14.440792
1.399 	14.955890
1.400 	14.530359
1.401 	13.417292
1.402 	12.498936
1.403 	12.870405
1.404 	13.990007
1.405 	14.426352
1.406 	13.519424
1.407 	12.227634
1.408 	11.485713
1.409 	11.539441
1.410 	12.198197
1.411 	12.435945
1.412 	11.809458
1.413 	11.139092
1.414 	11.686147
1.415 	13.176278
1.416 	13.544699
1.417 	12.633358
1.418 	11.950310
1.419 	11.797164
1.420 	11.897308
1.421 	12.266076
1.422 	12.623790
1.423 	12.540528
1.424 	11.950027
1.425 	11.529347
1.426 	11.936391
1.427 	12.709200
1.428 	12.624488
1.429 	11.645208
1.430 	10.910868
1.431 	10.478744
1.432 	9.762198
1.433 	9.387577
1.434 	10.159644
1.435 	11.168101
1.436 	11.201652
1.437 	11.001456
1.438 	11.769914
1.439 	12.534097
1.440 	12.579947
1.441 	12.655519
1.442 	13.187624
1.443 	13.320071
1.444 	12.091018
1.445 	10.968371
1.446 	11.782953
1.447 	13.036487
1.448 	13.040867
1.449 	12.240489
1.450 	11.276131
1.451 	10.151405
1.452 	9.494726
1.453 	10.092449
1.454 	10.794892
1.455 	10.633822
1.456 	10.499451
1.457 	10.900917
1.458 	11.617614
1.459 	12.506398
1.460 	12.896121
1.461 	12.589781
1.462 	12.385939
1.463 	12.665122
1.464 	12.746352
1.465 	12.668195
1.466 	12.400527
1.467 	11.778370
1.468 	11.685635
1.469 	12.330999
1.470 	12.996463
1.471 	12.790242
1.472 	12.058928
1.473 	12.107765
1.474 	12.197948
1.475 	11.503140
1.476 	11.618678
1.477 	13.221218
1.478 	14.402150
1.479 	13.671649
1.480 	11.896854
1.481 	10.799258
1.482 	11.150216
1.483 	12.399895
1.484 	13.107471
1.485 	12.850757
1.486 	12.393225
1.487 	12.605703
1.488 	13.839632
1.489 	14.339157
1.490 	13.446663
1.491 	12.957140
1.492 	12.830277
1.493 	12.329214
1.494 	12.137165
1.495 	12.768143
1.496 	13.933104
1.497 	14.798102
1.498 	14.571745
1.499 	13.973499
1.500 	14.031592
1.501 	14.201692
1.502 	13.136853
1.503 	11.897274
1.504 	12.545883
1.505 	13.779571
1.506 	13.953991
1.507 	13.902763
1.508 	14.132434
1.509 	14.066078
1.510 	13.275175
1.511 	12.365031
1.512 	12.731560
1.513 	14.046531
1.514 	14.776571
1.515 	15.605327
1.516 	16.324985
1.517 	16.054530
1.518 	14.945574
1.519 	14.300775
1.520 	14.290409
1.521 	14.608517
1.522 	15.789030
1.523 	16.825110
1.524 	16.695604
1.525 	16.357716
1.526 	16.340751
1.527 	15.406434
1.528 	14.405105
1.529 	14.856072
1.530 	14.980347
1.531 	14.635541
1.532 	14.872700
1.533 	14.943279
1.534 	13.720730
1.535 	13.453548
1.536 	15.521024
1.537 	16.984492
1.538 	16.564515
1.539 	14.981961
1.540 	14.395847
1.541 	15.075887
1.542 	16.323419
1.543 	17.023955
1.544 	16.829310
1.545 	16.893338
1.546 	17.601505
1.547 	18.211981
1.548 	16.587217
1.549 	14.220790
1.550 	15.257791
1.551 	18.023948
1.552 	19.191285
1.553 	17.187731
1.554 	15.044395
1.555 	15.903086
1.556 	17.282600
1.557 	16.821489
1.558 	15.871342
1.559 	15.701814
1.560 	16.156752
1.561 	16.752563
1.562 	16.717592
1.563 	16.630925
1.564 	17.146181
1.565 	17.895481
1.566 	17.821641
1.567 	17.585303
1.568 	18.238464
1.569 	17.765239
1.570 	16.268948
1.571 	16.809988
1.572 	17.863650
1.573 	18.019306
1.574 	18.217288
1.575 	18.795411
1.576 	19.250732
1.577 	18.603265
1.578 	16.611486
1.579 	14.884415
1.580 	14.587205
1.581 	15.918249
1.582 	17.909444
1.583 	17.805018
1.584 	17.471781
1.585 	18.525461
1.586 	18.375027
1.587 	18.232802
1.588 	18.547393
1.589 	19.348649
1.590 	21.266774
1.591 	21.827049
1.592 	20.028383
1.593 	17.599458
1.594 	16.241886
1.595 	17.350846
1.596 	18.416758
1.597 	17.550572
1.598 	18.602842
1.599 	19.790143
1.600 	18.462259
1.601 	18.327952
1.602 	20.733746
1.603 	20.111188
1.604 	17.233669
1.605 	17.414575
1.606 	19.025675
1.607 	18.998725
1.608 	18.296717
1.609 	19.025829
1.610 	19.482719
1.611 	20.106742
1.612 	22.202995
1.613 	22.316313
1.614 	20.986273
1.615 	20.559331
1.616 	20.940208
1.617 	19.919374
1.618 	19.595435
1.619 	18.684501
1.620 	18.640599
1.621 	20.290557
1.622 	21.323750
1.623 	21.287332
1.624 	20.116890
1.625 	20.756158
1.626 	20.954029
1.627 	19.832655
1.628 	19.634075
1.629 	19.459932
1.630 	17.967767
1.631 	18.997656
1.632 	19.002093
1.633 	18.980517
1.634 	22.283236
1.635 	23.497412
1.636 	20.903000
1.637 	17.708648
1.638 	18.836700
1.639 	20.879158
1.640 	21.351546
1.641 	21.329626
1.642 	19.220601
1.643 	18.671022
1.644 	18.575627
1.645 	19.022419
1.646 	20.209089
1.647 	20.968507
1.648 	19.792480
1.649 	18.745706
1.650 	18.335575
1.651 	21.200263
1.652 	22.899661
1.653 	24.936588
1.654 	24.083224
1.655 	21.476404
1.656 	22.380323
1.657 	21.764004
1.658 	17.634377
1.659 	17.920213
1.660 	22.813494
1.661 	23.257825
1.662 	23.500526
1.663 	23.471872
1.664 	24.999901
1.665 	26.734311
1.666 	22.979582
1.667 	19.664716
1.668 	18.820798
1.669 	20.263328
1.670 	24.365321
1.671 	22.047061
1.672 	24.659839
1.673 	27.495044
1.674 	24.778750
1.675 	23.246872
1.676 	26.044919
1.677 	25.322032
1.678 	27.646295
1.679 	35.018103
1.680 	29.103362
1.681 	22.032706
1.682 	31.067814
1.683 	36.043313
1.684 	33.103130
1.685 	22.122222
1.686 	26.170292
1.687 	27.981384
1.688 	25.661858
1.689 	29.652268
1.690 	38.309825
1.691 	31.596279
1.692 	23.172365
1.693 	30.730769
1.694 	31.796033
1.695 	30.124937
1.696 	44.444432
1.697 	46.154724
1.698 	38.556884
1.699 	33.500516
1.700 	31.491436
