0.660 	24.677541
0.661 	28.573419
0.662 	25.630993
0.663 	28.056277
0.664 	27.928200
0.665 	28.333137
0.666 	32.078409
0.667 	22.642713
0.668 	25.415032
0.669 	27.774146
0.670 	24.717345
0.671 	30.009464
0.672 	28.072656
0.673 	26.742378
0.674 	26.113284
0.675 	24.902400
0.676 	27.497023
0.677 	26.325293
0.678 	27.306759
0.679 	26.926350
0.680 	29.850181
0.681 	27.954308
0.682 	26.239406
0.683 	22.286642
0.684 	25.377713
0.685 	26.554743
0.686 	27.589906
0.687 	28.325546
0.688 	26.047714
0.689 	27.564627
0.690 	26.959056
0.691 	26.463189
0.692 	24.706770
0.693 	25.478206
0.694 	29.701981
0.695 	30.358758
0.696 	26.890730
0.697 	27.138552
0.698 	27.313689
0.699 	27.334107
0.700 	24.742150
0.701 	24.995316
0.702 	25.972968
0.703 	26.665039
0.704 	27.682516
0.705 	28.616423
0.706 	27.551973
0.707 	26.977197
0.708 	26.311361
0.709 	26.959799
0.710 	28.373872
0.711 	28.352344
0.712 	27.039187
0.713 	25.295118
0.714 	25.009256
0.715 	25.911521
0.716 	25.108962
0.717 	26.054037
0.718 	27.797999
0.719 	28.193696
0.720 	27.157876
0.721 	25.956572
0.722 	25.191106
0.723 	25.782087
0.724 	26.392710
0.725 	26.642263
0.726 	24.558750
0.727 	23.956740
0.728 	24.910006
0.729 	25.232138
0.730 	25.962115
0.731 	25.721166
0.732 	25.605164
0.733 	26.046021
0.734 	27.168007
0.735 	26.293497
0.736 	24.978753
0.737 	24.797666
0.738 	25.571183
0.739 	27.174552
0.740 	27.276787
0.741 	27.978205
0.742 	27.087594
0.743 	25.049693
0.744 	25.138637
0.745 	26.006421
0.746 	27.112346
0.747 	27.544517
0.748 	26.799355
0.749 	27.063835
0.750 	26.968248
0.751 	26.649899
0.752 	24.840848
0.753 	23.936113
0.754 	26.524731
0.755 	27.105634
0.756 	25.502635
0.757 	25.522302
0.758 	26.016126
0.759 	25.022659
0.760 	24.284215
0.761 	24.959084
0.762 	25.179200
0.763 	26.784892
0.764 	26.635081
0.765 	25.169480
0.766 	26.332732
0.767 	26.711753
0.768 	25.594470
0.769 	24.814051
0.770 	24.807208
0.771 	25.414964
0.772 	25.901289
0.773 	26.045913
0.774 	26.023533
0.775 	25.566864
0.776 	24.183850
0.777 	23.488140
0.778 	24.263599
0.779 	25.096828
0.780 	25.214070
0.781 	24.874616
0.782 	24.632028
0.783 	25.594259
0.784 	25.820876
0.785 	24.875372
0.786 	25.239337
0.787 	26.215351
0.788 	26.292142
0.789 	24.788002
0.790 	24.436294
0.791 	25.163446
0.792 	24.886260
0.793 	23.802678
0.794 	23.752299
0.795 	24.538709
0.796 	25.276833
0.797 	26.830178
0.798 	27.148587
0.799 	24.946540
0.800 	23.456839
0.801 	24.070312
0.802 	24.616815
0.803 	24.881172
0.804 	25.220649
0.805 	25.126864
0.806 	24.963052
0.807 	25.355667
0.808 	25.302120
0.809 	24.694383
0.810 	24.820115
0.811 	24.880260
0.812 	24.430103
0.813 	24.329006
0.814 	24.092086
0.815 	24.175841
0.816 	24.291437
0.817 	24.552044
0.818 	24.483404
0.819 	23.702294
0.820 	24.049473
0.821 	25.384527
0.822 	26.269857
0.823 	25.876663
0.824 	24.756991
0.825 	23.444631
0.826 	22.582178
0.827 	23.816130
0.828 	25.895045
0.829 	25.920578
0.830 	24.508000
0.831 	24.182844
0.832 	24.924471
0.833 	25.070757
0.834 	24.615497
0.835 	24.540300
0.836 	25.117869
0.837 	25.172882
0.838 	24.274454
0.839 	23.368366
0.840 	22.610010
0.841 	22.666496
0.842 	24.189057
0.843 	25.600480
0.844 	25.724867
0.845 	25.030869
0.846 	24.080823
0.847 	22.904104
0.848 	22.304318
0.849 	23.304703
0.850 	24.791230
0.851 	25.126389
0.852 	24.932823
0.853 	24.715793
0.854 	24.518258
0.855 	24.211166
0.856 	23.516532
0.857 	23.140364
0.858 	23.497789
0.859 	24.137447
0.860 	24.477511
0.861 	24.435009
0.862 	24.482419
0.863 	24.232064
0.864 	23.701334
0.865 	23.097467
0.866 	22.554728
0.867 	22.676406
0.868 	23.357297
0.869 	23.908119
0.870 	24.314003
0.871 	24.569306
0.872 	24.266318
0.873 	23.524929
0.874 	22.866194
0.875 	22.779513
0.876 	22.670554
0.877 	22.303370
0.878 	22.861612
0.879 	23.481726
0.880 	23.124376
0.881 	23.127582
0.882 	23.639630
0.883 	23.785937
0.884 	24.005435
0.885 	24.445289
0.886 	24.669434
0.887 	24.181044
0.888 	22.880577
0.889 	22.188497
0.890 	22.759482
0.891 	23.392971
0.892 	23.619560
0.893 	23.533001
0.894 	23.090618
0.895 	22.377666
0.896 	22.014217
0.897 	22.463413
0.898 	23.220584
0.899 	24.078724
0.900 	24.685783
0.901 	24.150337
0.902 	22.754550
0.903 	22.282793
0.904 	22.633629
0.905 	22.361164
0.906 	22.010552
0.907 	22.497393
0.908 	23.157493
0.909 	23.012803
0.910 	22.334101
0.911 	21.930933
0.912 	22.083964
0.913 	22.492580
0.914 	22.499294
0.915 	22.599162
0.916 	22.595431
0.917 	21.603057
0.918 	20.408624
0.919 	20.484000
0.920 	21.326021
0.921 	21.655479
0.922 	21.944025
0.923 	22.695053
0.924 	23.008280
0.925 	22.457019
0.926 	21.917750
0.927 	21.706820
0.928 	21.105769
0.929 	20.130974
0.930 	19.943776
0.931 	20.863185
0.932 	21.887144
0.933 	22.372822
0.934 	22.457203
0.935 	22.326514
0.936 	21.654780
0.937 	20.547023
0.938 	20.158693
0.939 	20.650805
0.940 	20.880032
0.941 	20.576500
0.942 	20.144419
0.943 	19.781156
0.944 	19.985939
0.945 	20.424502
0.946 	20.424996
0.947 	20.001924
0.948 	19.561137
0.949 	19.382155
0.950 	19.582176
0.951 	20.039245
0.952 	19.931962
0.953 	19.064263
0.954 	18.291826
0.955 	19.005996
0.956 	19.338311
0.957 	19.019424
0.958 	18.953062
0.959 	19.320646
0.960 	19.664267
0.961 	19.501384
0.962 	19.758058
0.963 	20.035411
0.964 	19.741518
0.965 	20.012168
0.966 	19.926775
0.967 	19.442378
0.968 	18.955246
0.969 	18.424664
0.970 	18.771841
0.971 	19.326145
0.972 	19.052303
0.973 	19.125964
0.974 	19.693266
0.975 	19.121421
0.976 	18.595170
0.977 	19.247208
0.978 	19.117267
0.979 	18.958978
0.980 	19.913599
0.981 	20.446425
0.982 	20.125657
0.983 	19.609182
0.984 	19.360819
0.985 	19.700372
0.986 	20.357472
0.987 	19.807100
0.988 	18.435168
0.989 	18.273746
0.990 	18.806690
0.991 	18.523312
0.992 	19.098668
0.993 	19.661365
0.994 	18.869672
0.995 	18.566874
0.996 	18.992778
0.997 	19.212138
0.998 	19.109730
0.999 	18.942324
1.000 	18.895906
1.001 	19.113864
1.002 	19.477211
1.003 	19.686582
1.004 	19.774918
1.005 	19.311869
1.006 	19.009604
1.007 	19.409709
1.008 	19.577086
1.009 	19.561734
1.010 	20.056911
1.011 	20.343250
1.012 	19.745069
1.013 	18.493775
1.014 	17.931177
1.015 	18.842980
1.016 	19.602327
1.017 	19.329848
1.018 	18.673478
1.019 	19.118318
1.020 	19.089873
1.021 	18.950152
1.022 	20.285280
1.023 	21.121974
1.024 	21.017348
1.025 	20.154724
1.026 	18.545497
1.027 	17.888378
1.028 	18.430220
1.029 	19.548010
1.030 	20.519698
1.031 	20.499589
1.032 	20.356550
1.033 	20.326714
1.034 	19.858777
1.035 	19.357889
1.036 	19.547284
1.037 	20.110063
1.038 	20.043532
1.039 	19.706273
1.040 	19.853806
1.041 	19.688375
1.042 	19.673289
1.043 	20.238530
1.044 	20.223482
1.045 	19.751527
1.046 	19.284717
1.047 	19.433235
1.048 	19.920434
1.049 	20.210877
1.050 	20.399009
1.051 	20.264828
1.052 	20.145735
1.053 	20.164413
1.054 	20.203597
1.055 	20.285178
1.056 	20.528823
1.057 	20.302889
1.058 	19.584304
1.059 	19.269820
1.060 	19.611885
1.061 	19.682299
1.062 	19.352198
1.063 	19.576027
1.064 	20.603942
1.065 	21.193859
1.066 	20.399787
1.067 	19.241252
1.068 	18.880389
1.069 	19.508163
1.070 	20.720445
1.071 	20.916509
1.072 	19.933319
1.073 	19.035689
1.074 	19.211283
1.075 	20.114772
1.076 	20.372308
1.077 	19.218907
1.078 	18.057005
1.079 	18.320010
1.080 	19.130599
1.081 	19.347330
1.082 	18.901465
1.083 	18.800436
1.084 	19.173957
1.085 	19.373924
1.086 	19.722896
1.087 	20.140047
1.088 	20.083243
1.089 	19.632495
1.090 	19.378311
1.091 	19.282808
1.092 	19.016239
1.093 	18.781427
1.094 	18.692455
1.095 	18.377899
1.096 	18.184295
1.097 	18.724931
1.098 	19.859242
1.099 	20.432084
1.100 	19.893612
1.101 	18.870841
1.102 	18.527405
1.103 	19.098652
1.104 	19.116594
1.105 	18.528996
1.106 	18.358817
1.107 	18.530794
1.108 	18.843238
1.109 	18.688481
1.110 	17.859622
1.111 	17.491830
1.112 	17.572357
1.113 	17.564130
1.114 	18.124937
1.115 	19.071818
1.116 	19.274838
1.117 	19.136356
1.118 	19.441022
1.119 	19.544652
1.120 	18.803034
1.121 	18.167468
1.122 	18.324667
1.123 	18.060041
1.124 	16.877992
1.125 	16.317142
1.126 	16.759653
1.127 	17.274896
1.128 	17.242531
1.129 	16.451310
1.130 	15.382250
1.131 	14.925879
1.132 	15.464799
1.133 	16.084715
1.134 	15.762302
1.135 	15.089074
1.136 	14.968377
1.137 	15.003829
1.138 	14.859799
1.139 	14.764642
1.140 	14.609890
1.141 	14.130627
1.142 	13.511874
1.143 	13.303607
1.144 	13.647767
1.145 	14.237807
1.146 	14.897600
1.147 	15.015167
1.148 	14.205586
1.149 	13.632855
1.150 	13.977462
1.151 	14.389189
1.152 	14.543314
1.153 	14.760347
1.154 	14.872052
1.155 	14.809362
1.156 	14.596156
1.157 	14.025217
1.158 	13.388719
1.159 	13.170566
1.160 	13.633357
1.161 	14.565890
1.162 	14.586014
1.163 	13.529703
1.164 	12.975502
1.165 	13.095119
1.166 	13.238935
1.167 	13.624641
1.168 	13.870682
1.169 	13.747046
1.170 	13.517713
1.171 	13.036138
1.172 	12.711107
1.173 	13.054699
1.174 	13.605609
1.175 	13.860679
1.176 	13.868392
1.177 	13.962106
1.178 	13.830164
1.179 	13.130279
1.180 	12.533529
1.181 	12.478382
1.182 	12.979431
1.183 	13.819880
1.184 	14.404684
1.185 	13.966595
1.186 	12.854660
1.187 	12.249973
1.188 	12.569654
1.189 	13.639995
1.190 	14.610136
1.191 	14.448898
1.192 	13.191541
1.193 	12.369908
1.194 	12.948353
1.195 	13.974884
1.196 	14.047905
1.197 	13.265017
1.198 	12.629107
1.199 	12.061259
1.200 	11.575001
1.201 	11.849221
1.202 	12.878638
1.203 	13.804052
1.204 	14.237668
1.205 	13.948511
1.206 	13.106524
1.207 	12.831439
1.208 	13.495326
1.209 	14.349689
1.210 	14.359930
1.211 	13.351042
1.212 	12.441979
1.213 	12.777545
1.214 	13.895095
1.215 	14.776928
1.216 	15.364722
1.217 	15.667570
1.218 	15.341333
1.219 	14.295265
1.220 	13.528103
1.221 	13.715869
1.222 	13.905557
1.223 	13.343946
1.224 	13.265686
1.225 	14.097701
1.226 	14.445135
1.227 	14.084743
1.228 	14.015062
1.229 	14.394734
1.230 	14.289152
1.231 	13.621546
1.232 	13.448531
1.233 	14.215571
1.234 	14.871969
1.235 	14.403267
1.236 	14.088519
1.237 	14.682606
1.238 	15.104373
1.239 	14.361253
1.240 	13.130842
1.241 	13.074115
1.242 	14.110256
1.243 	14.769701
1.244 	14.654399
1.245 	14.507178
1.246 	14.531519
1.247 	14.361007
1.248 	14.203148
1.249 	14.121190
1.250 	14.006935
1.251 	14.089289
1.252 	14.507636
1.253 	15.032277
1.254 	14.980131
1.255 	14.455038
1.256 	14.558433
1.257 	15.180147
1.258 	15.667633
1.259 	15.693296
1.260 	15.034619
1.261 	13.550420
1.262 	12.350635
1.263 	12.730420
1.264 	14.209060
1.265 	15.369068
1.266 	15.644678
1.267 	14.902865
1.268 	13.897153
1.269 	13.592005
1.270 	14.124757
1.271 	14.890015
1.272 	14.919517
1.273 	14.167954
1.274 	13.616306
1.275 	14.116998
1.276 	15.061340
1.277 	15.508517
1.278 	15.168698
1.279 	14.044556
1.280 	12.713651
1.281 	12.350955
1.282 	13.216106
1.283 	14.416508
1.284 	14.686332
1.285 	13.739069
1.286 	12.635286
1.287 	12.423676
1.288 	13.462314
1.289 	14.552466
1.290 	14.638626
1.291 	13.552739
1.292 	12.395676
1.293 	12.285231
1.294 	12.989910
1.295 	13.464169
1.296 	13.124890
1.297 	12.374537
1.298 	11.667433
1.299 	11.766499
1.300 	12.500417
1.301 	13.074534
1.302 	13.253096
1.303 	13.092077
1.304 	12.723485
1.305 	12.222445
1.306 	11.921475
1.307 	12.482541
1.308 	13.603870
1.309 	14.405483
1.310 	14.222811
1.311 	12.978421
1.312 	11.198474
1.313 	10.181179
1.314 	10.396555
1.315 	10.822248
1.316 	11.018755
1.317 	11.638142
1.318 	12.547367
1.319 	12.916403
1.320 	12.325874
1.321 	11.582582
1.322 	11.608267
1.323 	12.257182
1.324 	12.277945
1.325 	11.451552
1.326 	10.757065
1.327 	10.689041
1.328 	10.911259
1.329 	10.851003
1.330 	10.533097
1.331 	10.497286
1.332 	10.494174
1.333 	9.637581
1.334 	8.706264
1.335 	8.924458
1.336 	10.060261
1.337 	10.855771
1.338 	10.816477
1.339 	10.371629
1.340 	9.917000
1.341 	9.333583
1.342 	8.675122
1.343 	8.720849
1.344 	9.570090
1.345 	10.294497
1.346 	9.850953
1.347 	8.912495
1.348 	8.796719
1.349 	9.463830
1.350 	9.311695
1.351 	8.137278
1.352 	7.953250
1.353 	9.049619
1.354 	9.597637
1.355 	9.328167
1.356 	9.526504
1.357 	9.887598
1.358 	9.284480
1.359 	7.937917
1.360 	6.617511
1.361 	5.922073
1.362 	6.710834
1.363 	8.387897
1.364 	9.188905
1.365 	8.755715
1.366 	7.830102
1.367 	7.141111
1.368 	6.765649
1.369 	6.863899
1.370 	7.017577
1.371 	6.993449
1.372 	6.857194
1.373 	6.721844
1.374 	6.705055
1.375 	6.710180
1.376 	6.634850
1.377 	6.389630
1.378 	6.114438
1.379 	5.736447
1.380 	4.949303
1.381 	4.223294
1.382 	4.437621
1.383 	5.089325
1.384 	5.769126
1.385 	6.647165
1.386 	7.165723
1.387 	7.080339
1.388 	6.592912
1.389 	5.751405
1.390 	5.462304
1.391 	5.656655
1.392 	5.390428
1.393 	4.895870
1.394 	4.433493
1.395 	3.720991
1.396 	3.273766
1.397 	3.688873
1.398 	4.578485
1.399 	5.361420
1.400 	5.281173
1.401 	4.464837
1.402 	4.806276
1.403 	6.329249
1.404 	6.219259
1.405 	4.361479
1.406 	3.664927
1.407 	4.447688
1.408 	4.788411
1.409 	4.428639
1.410 	4.714964
1.411 	5.093194
1.412 	4.705636
1.413 	4.577022
1.414 	5.063565
1.415 	5.272263
1.416 	5.160514
1.417 	4.861408
1.418 	3.872686
1.419 	2.331260
1.420 	1.597641
1.421 	2.044222
1.422 	3.392839
1.423 	5.168066
1.424 	5.906210
1.425 	5.170602
1.426 	4.542852
1.427 	5.027006
1.428 	5.152147
1.429 	3.994760
1.430 	3.246821
1.431 	4.142213
1.432 	5.496385
1.433 	5.925079
1.434 	5.366582
1.435 	4.255972
1.436 	3.219601
1.437 	3.065064
1.438 	4.111689
1.439 	5.374258
1.440 	6.190330
1.441 	6.768658
1.442 	6.287893
1.443 	5.247002
1.444 	5.233889
1.445 	5.515861
1.446 	6.047839
1.447 	7.242278
1.448 	7.695423
1.449 	6.748334
1.450 	4.777642
1.451 	3.302589
1.452 	2.675191
1.453 	1.729313
1.454 	1.079598
1.455 	1.838197
1.456 	3.168651
1.457 	3.762701
1.458 	3.611189
1.459 	3.582907
1.460 	4.024887
1.461 	4.218138
1.462 	4.521634
1.463 	5.192484
1.464 	5.061548
1.465 	4.088605
1.466 	3.595075
1.467 	4.545334
1.468 	5.848247
1.469 	5.659076
1.470 	4.319574
1.471 	3.239516
1.472 	3.321988
1.473 	4.912238
1.474 	5.728921
1.475 	4.226425
1.476 	3.338437
1.477 	5.443770
1.478 	8.019017
1.479 	8.529395
1.480 	6.410124
1.481 	2.490336
1.482 	0.334568
1.483 	1.229044
1.484 	3.184548
1.485 	5.364879
1.486 	6.791652
1.487 	6.188392
1.488 	4.004249
1.489 	2.271932
1.490 	2.178322
1.491 	2.336434
1.492 	2.756032
1.493 	4.253072
1.494 	6.160181
1.495 	7.137117
1.496 	6.750397
1.497 	5.923244
1.498 	4.923564
1.499 	3.607602
1.500 	3.759663
1.501 	5.470765
1.502 	6.187800
1.503 	6.171834
1.504 	5.520578
1.505 	4.648429
1.506 	4.401659
1.507 	3.977870
1.508 	4.636367
1.509 	5.797838
1.510 	5.989241
1.511 	5.768630
1.512 	5.588737
1.513 	5.096235
1.514 	4.303978
1.515 	3.642493
1.516 	4.315045
1.517 	6.828381
1.518 	8.334809
1.519 	7.071404
1.520 	5.169680
1.521 	5.104901
1.522 	5.547915
1.523 	5.362032
1.524 	5.927518
1.525 	7.203457
1.526 	7.141156
1.527 	4.690960
1.528 	2.454286
1.529 	3.626162
1.530 	5.769156
1.531 	6.274163
1.532 	5.619436
1.533 	4.736511
1.534 	4.514711
1.535 	4.929038
1.536 	6.426167
1.537 	7.374477
1.538 	6.085938
1.539 	3.457655
1.540 	2.107956
1.541 	4.034153
1.542 	7.128497
1.543 	8.257198
1.544 	7.027902
1.545 	6.608722
1.546 	7.573712
1.547 	8.655986
1.548 	7.074294
1.549 	3.527994
1.550 	2.996444
1.551 	5.330417
1.552 	7.655905
1.553 	8.561408
1.554 	6.480343
1.555 	2.399424
1.556 	2.914848
1.557 	7.070735
1.558 	8.284502
1.559 	6.064712
1.560 	5.426711
1.561 	4.892707
1.562 	3.820768
1.563 	5.547676
1.564 	6.919100
1.565 	6.586077
1.566 	7.834354
1.567 	9.384639
1.568 	8.361490
1.569 	6.496504
1.570 	6.015953
1.571 	5.736280
1.572 	6.024508
1.573 	6.227948
1.574 	5.619234
1.575 	7.475148
1.576 	9.371985
1.577 	7.101279
1.578 	4.439344
1.579 	5.256568
1.580 	5.647130
1.581 	4.930862
1.582 	5.189770
1.583 	6.383511
1.584 	6.695364
1.585 	6.171391
1.586 	6.290024
1.587 	6.374099
1.588 	4.758972
1.589 	5.140740
1.590 	6.017983
1.591 	5.444992
1.592 	5.357001
1.593 	7.742746
1.594 	9.060077
1.595 	6.405802
1.596 	4.856834
1.597 	5.921504
1.598 	6.107047
1.599 	6.852501
1.600 	6.896744
1.601 	8.103988
1.602 	11.089562
1.603 	10.718363
1.604 	5.862067
1.605 	3.238458
1.606 	5.963047
1.607 	6.497813
1.608 	5.106987
1.609 	6.374680
1.610 	8.488825
1.611 	6.631179
1.612 	4.437263
1.613 	4.840815
1.614 	6.147810
1.615 	9.311031
1.616 	12.561588
1.617 	11.207849
1.618 	8.358005
1.619 	8.171583
1.620 	5.635269
1.621 	3.604866
1.622 	7.281104
1.623 	9.787798
1.624 	6.090985
1.625 	1.320573
1.626 	4.186558
1.627 	7.398510
1.628 	8.783627
1.629 	8.967854
1.630 	8.053317
1.631 	7.190042
1.632 	7.679166
1.633 	5.923360
1.634 	4.043460
1.635 	4.135064
1.636 	6.725189
1.637 	10.242260
1.638 	11.684939
1.639 	11.600089
1.640 	8.034094
1.641 	6.485581
1.642 	7.339452
1.643 	5.041883
1.644 	6.526035
1.645 	8.924379
1.646 	7.788426
1.647 	7.209127
1.648 	7.789615
1.649 	7.175889
1.650 	8.970088
1.651 	7.874807
1.652 	9.057285
1.653 	10.891835
1.654 	6.654505
1.655 	5.423209
1.656 	6.653486
1.657 	4.896127
1.658 	9.303438
1.659 	11.662022
1.660 	6.506284
1.661 	1.456378
1.662 	4.639496
1.663 	9.603882
1.664 	9.328438
1.665 	10.512648
1.666 	9.966087
1.667 	5.726491
1.668 	1.194163
1.669 	4.381753
1.670 	0.159276
1.671 	2.690456
1.672 	7.703208
1.673 	11.051233
1.674 	13.216663
1.675 	7.943415
1.676 	1.919159
1.677 	11.547927
1.678 	10.104495
1.679 	6.424775
1.680 	13.837381
1.681 	6.028164
1.682 	4.238367
1.683 	4.315604
1.684 	-1.449961
1.685 	3.215952
1.686 	4.836940
1.687 	4.419984
1.688 	2.390488
1.689 	9.161334
1.690 	0.695182
1.691 	15.143590
1.692 	17.037062
1.693 	7.394165
1.694 	1.622599
1.695 	-2.708833
1.696 	-2.981176
1.697 	2.391722
1.698 	21.759913
1.699 	12.665643
1.700 	-4.315785
