0.660 	33.454927
0.661 	31.068374
0.662 	37.915249
0.663 	38.703249
0.664 	34.514277
0.665 	39.997169
0.666 	31.153340
0.667 	38.374296
0.668 	40.293872
0.669 	37.758186
0.670 	34.532403
0.671 	32.163223
0.672 	35.560638
0.673 	35.265309
0.674 	41.190046
0.675 	36.544825
0.676 	39.655739
0.677 	29.758371
0.678 	27.678840
0.679 	30.163064
0.680 	35.079316
0.681 	37.502162
0.682 	39.287298
0.683 	35.675853
0.684 	32.617192
0.685 	33.254040
0.686 	33.520533
0.687 	34.084462
0.688 	32.864338
0.689 	35.001472
0.690 	32.220590
0.691 	30.692579
0.692 	32.180971
0.693 	33.771429
0.694 	36.519732
0.695 	35.480364
0.696 	32.774297
0.697 	29.563472
0.698 	31.335167
0.699 	34.876453
0.700 	33.618835
0.701 	28.806630
0.702 	33.364447
0.703 	36.363618
0.704 	34.276156
0.705 	32.029565
0.706 	30.981934
0.707 	32.972259
0.708 	34.273182
0.709 	33.869558
0.710 	34.488491
0.711 	36.446103
0.712 	36.246662
0.713 	31.134539
0.714 	29.055534
0.715 	30.310704
0.716 	30.482134
0.717 	31.106339
0.718 	32.040676
0.719 	31.992385
0.720 	33.565278
0.721 	34.664627
0.722 	31.929655
0.723 	30.718559
0.724 	31.160092
0.725 	30.316174
0.726 	29.384931
0.727 	30.654558
0.728 	33.876730
0.729 	34.224610
0.730 	32.505793
0.731 	30.263663
0.732 	30.213549
0.733 	31.136690
0.734 	34.879605
0.735 	35.903256
0.736 	32.914915
0.737 	27.847922
0.738 	26.471353
0.739 	29.487699
0.740 	30.585251
0.741 	30.332910
0.742 	29.305970
0.743 	30.722450
0.744 	32.934510
0.745 	33.201758
0.746 	33.449770
0.747 	32.717806
0.748 	32.200597
0.749 	32.570304
0.750 	31.682837
0.751 	29.572391
0.752 	27.499552
0.753 	27.726247
0.754 	29.666557
0.755 	31.241481
0.756 	32.376303
0.757 	33.886253
0.758 	31.665252
0.759 	28.447440
0.760 	28.207423
0.761 	29.416077
0.762 	29.852794
0.763 	28.673919
0.764 	30.072203
0.765 	31.795633
0.766 	32.152600
0.767 	31.406466
0.768 	30.462576
0.769 	29.468016
0.770 	28.989001
0.771 	28.511799
0.772 	27.829237
0.773 	27.800297
0.774 	28.466322
0.775 	28.813200
0.776 	28.681192
0.777 	29.168631
0.778 	30.728598
0.779 	31.971248
0.780 	31.999690
0.781 	31.303842
0.782 	29.885602
0.783 	28.140721
0.784 	25.841764
0.785 	25.697390
0.786 	28.634786
0.787 	31.777835
0.788 	31.548339
0.789 	28.844513
0.790 	27.624966
0.791 	27.730197
0.792 	29.744981
0.793 	31.361084
0.794 	30.232834
0.795 	28.292695
0.796 	27.414755
0.797 	27.751820
0.798 	28.789612
0.799 	29.688787
0.800 	29.899385
0.801 	30.294827
0.802 	30.078999
0.803 	28.521087
0.804 	26.820633
0.805 	27.192651
0.806 	28.648714
0.807 	28.785140
0.808 	27.631769
0.809 	27.476530
0.810 	28.422253
0.811 	28.549043
0.812 	28.150141
0.813 	29.110521
0.814 	30.751495
0.815 	29.574751
0.816 	27.366817
0.817 	27.360012
0.818 	28.814180
0.819 	30.186468
0.820 	30.445783
0.821 	30.026834
0.822 	29.232116
0.823 	28.341802
0.824 	27.712433
0.825 	27.991544
0.826 	28.996630
0.827 	29.117013
0.828 	27.803941
0.829 	26.750894
0.830 	27.491476
0.831 	29.011050
0.832 	29.400400
0.833 	28.124318
0.834 	27.447381
0.835 	28.620465
0.836 	29.027590
0.837 	27.570087
0.838 	26.746655
0.839 	27.298609
0.840 	28.005967
0.841 	28.028789
0.842 	27.836673
0.843 	28.002687
0.844 	28.148711
0.845 	28.150942
0.846 	28.415824
0.847 	27.952948
0.848 	27.042402
0.849 	26.927311
0.850 	26.803002
0.851 	26.921812
0.852 	27.871502
0.853 	27.856433
0.854 	27.038256
0.855 	27.090853
0.856 	27.758089
0.857 	28.349648
0.858 	28.096573
0.859 	26.485580
0.860 	25.601509
0.861 	26.967355
0.862 	28.535356
0.863 	28.623716
0.864 	27.697734
0.865 	27.155254
0.866 	26.954721
0.867 	26.740536
0.868 	26.864040
0.869 	26.893813
0.870 	26.683238
0.871 	26.702076
0.872 	26.804181
0.873 	26.232442
0.874 	25.666148
0.875 	26.456981
0.876 	27.681346
0.877 	28.045469
0.878 	27.889590
0.879 	27.440607
0.880 	27.116859
0.881 	26.885168
0.882 	26.620061
0.883 	26.287333
0.884 	26.303164
0.885 	27.151428
0.886 	27.881913
0.887 	27.546917
0.888 	26.707868
0.889 	25.965876
0.890 	25.946036
0.891 	26.590158
0.892 	26.949351
0.893 	26.969702
0.894 	27.122595
0.895 	26.936869
0.896 	26.181064
0.897 	26.165340
0.898 	27.168091
0.899 	27.434952
0.900 	26.466006
0.901 	25.707996
0.902 	26.100897
0.903 	26.292036
0.904 	25.653420
0.905 	25.076040
0.906 	25.079280
0.907 	25.400237
0.908 	25.538269
0.909 	24.560736
0.910 	23.669785
0.911 	24.365363
0.912 	25.524841
0.913 	26.104504
0.914 	26.199361
0.915 	25.845174
0.916 	25.003027
0.917 	24.563128
0.918 	25.464237
0.919 	26.585166
0.920 	26.876897
0.921 	26.642146
0.922 	26.357435
0.923 	25.885266
0.924 	25.557964
0.925 	25.468650
0.926 	25.312339
0.927 	24.758588
0.928 	24.395415
0.929 	24.702138
0.930 	25.335029
0.931 	25.623037
0.932 	25.731244
0.933 	25.800199
0.934 	25.746186
0.935 	25.887374
0.936 	26.107744
0.937 	25.451752
0.938 	24.164240
0.939 	23.619172
0.940 	24.359266
0.941 	25.787194
0.942 	26.699184
0.943 	26.556382
0.944 	25.206050
0.945 	23.918568
0.946 	24.007715
0.947 	23.911810
0.948 	23.555873
0.949 	22.694617
0.950 	22.399623
0.951 	23.255385
0.952 	24.346940
0.953 	24.715995
0.954 	24.344243
0.955 	23.958164
0.956 	23.942208
0.957 	24.575502
0.958 	24.515801
0.959 	24.262453
0.960 	24.523790
0.961 	24.714477
0.962 	24.889006
0.963 	24.557343
0.964 	23.778507
0.965 	23.001029
0.966 	22.763167
0.967 	23.010451
0.968 	23.117527
0.969 	23.629127
0.970 	24.236490
0.971 	24.139367
0.972 	23.500526
0.973 	23.171663
0.974 	22.838815
0.975 	22.836704
0.976 	23.604163
0.977 	23.669072
0.978 	22.491228
0.979 	22.261957
0.980 	23.007248
0.981 	23.893236
0.982 	23.531402
0.983 	21.847625
0.984 	21.768675
0.985 	22.832365
0.986 	22.942966
0.987 	22.346968
0.988 	22.620932
0.989 	23.030039
0.990 	22.258392
0.991 	21.303212
0.992 	21.451346
0.993 	22.317862
0.994 	22.986587
0.995 	22.683592
0.996 	22.536617
0.997 	22.612407
0.998 	22.004896
0.999 	21.612326
1.000 	22.148671
1.001 	21.654956
1.002 	20.894469
1.003 	21.917933
1.004 	22.709792
1.005 	21.536909
1.006 	20.866340
1.007 	21.527298
1.008 	22.673494
1.009 	23.003531
1.010 	22.354985
1.011 	21.654064
1.012 	21.664005
1.013 	22.068788
1.014 	21.874739
1.015 	20.574857
1.016 	19.056508
1.017 	19.470484
1.018 	21.565707
1.019 	22.740854
1.020 	22.257918
1.021 	21.479416
1.022 	21.307002
1.023 	20.570870
1.024 	20.621682
1.025 	21.076574
1.026 	20.677576
1.027 	21.063164
1.028 	22.398323
1.029 	22.733313
1.030 	22.451401
1.031 	21.946617
1.032 	22.104315
1.033 	22.613244
1.034 	21.376497
1.035 	19.882014
1.036 	20.259360
1.037 	21.515839
1.038 	22.324904
1.039 	21.751476
1.040 	20.549081
1.041 	20.880620
1.042 	21.975369
1.043 	22.188198
1.044 	21.806264
1.045 	21.591707
1.046 	21.370875
1.047 	20.871532
1.048 	21.145737
1.049 	22.035070
1.050 	22.082492
1.051 	21.805673
1.052 	22.092674
1.053 	22.738695
1.054 	23.049695
1.055 	22.568068
1.056 	21.739441
1.057 	21.272070
1.058 	20.751357
1.059 	20.432653
1.060 	21.192933
1.061 	21.872145
1.062 	20.891852
1.063 	19.902789
1.064 	20.511984
1.065 	21.449791
1.066 	22.248366
1.067 	23.148756
1.068 	23.741358
1.069 	24.144315
1.070 	24.041668
1.071 	22.841390
1.072 	21.511234
1.073 	21.280663
1.074 	21.926959
1.075 	22.189766
1.076 	22.053443
1.077 	22.203519
1.078 	22.167078
1.079 	21.706313
1.080 	21.678851
1.081 	22.425463
1.082 	22.911605
1.083 	22.795202
1.084 	22.272083
1.085 	21.419820
1.086 	21.240709
1.087 	21.723126
1.088 	21.765736
1.089 	21.433814
1.090 	21.614851
1.091 	22.479986
1.092 	22.976128
1.093 	22.393337
1.094 	21.340929
1.095 	20.945398
1.096 	21.329088
1.097 	21.716607
1.098 	21.703022
1.099 	21.564683
1.100 	21.902723
1.101 	22.434057
1.102 	22.539628
1.103 	22.073633
1.104 	21.759792
1.105 	21.964532
1.106 	21.531289
1.107 	20.522307
1.108 	20.677572
1.109 	22.082647
1.110 	23.232536
1.111 	23.065923
1.112 	22.296047
1.113 	21.660332
1.114 	20.917077
1.115 	20.846921
1.116 	21.895743
1.117 	23.144913
1.118 	23.440696
1.119 	23.068966
1.120 	22.620126
1.121 	21.860743
1.122 	20.872936
1.123 	20.499675
1.124 	21.025310
1.125 	21.726062
1.126 	22.263366
1.127 	22.584547
1.128 	22.487354
1.129 	21.971539
1.130 	20.785806
1.131 	19.195972
1.132 	18.597191
1.133 	19.263133
1.134 	20.956674
1.135 	22.865930
1.136 	23.688625
1.137 	23.047433
1.138 	22.133048
1.139 	21.356510
1.140 	20.505336
1.141 	20.026891
1.142 	20.716029
1.143 	22.024518
1.144 	23.074472
1.145 	22.831648
1.146 	21.308414
1.147 	20.122080
1.148 	20.304012
1.149 	20.978740
1.150 	21.365159
1.151 	21.311915
1.152 	21.053986
1.153 	20.880917
1.154 	21.228192
1.155 	21.857762
1.156 	22.375032
1.157 	22.499562
1.158 	22.461025
1.159 	22.104881
1.160 	21.448522
1.161 	20.914371
1.162 	20.614220
1.163 	20.238582
1.164 	19.768041
1.165 	19.244290
1.166 	18.806163
1.167 	18.986574
1.168 	19.405038
1.169 	19.574701
1.170 	19.875169
1.171 	20.457224
1.172 	20.612920
1.173 	19.820871
1.174 	18.441001
1.175 	17.707939
1.176 	18.296199
1.177 	19.509265
1.178 	20.203073
1.179 	20.442489
1.180 	20.613749
1.181 	20.246279
1.182 	18.960478
1.183 	17.689363
1.184 	17.513272
1.185 	17.717999
1.186 	17.402707
1.187 	16.978842
1.188 	17.244867
1.189 	17.766291
1.190 	17.667383
1.191 	17.098027
1.192 	16.992183
1.193 	17.581031
1.194 	18.165486
1.195 	18.114460
1.196 	17.983852
1.197 	18.553214
1.198 	19.195380
1.199 	19.014616
1.200 	18.121701
1.201 	17.307700
1.202 	16.875669
1.203 	16.798004
1.204 	16.864337
1.205 	17.095200
1.206 	17.473521
1.207 	17.382728
1.208 	16.875060
1.209 	16.737958
1.210 	17.130885
1.211 	17.604988
1.212 	17.935211
1.213 	17.750669
1.214 	17.153708
1.215 	16.357504
1.216 	15.563162
1.217 	15.254269
1.218 	15.962977
1.219 	17.458347
1.220 	18.487830
1.221 	18.505349
1.222 	17.769578
1.223 	16.904192
1.224 	16.518410
1.225 	16.737120
1.226 	17.194791
1.227 	17.679623
1.228 	17.914447
1.229 	17.466076
1.230 	16.533743
1.231 	15.761938
1.232 	15.883121
1.233 	16.854479
1.234 	17.574433
1.235 	17.716277
1.236 	17.550754
1.237 	17.546343
1.238 	17.783600
1.239 	17.483553
1.240 	16.426395
1.241 	15.451580
1.242 	14.889869
1.243 	14.819592
1.244 	15.532439
1.245 	16.875793
1.246 	17.723271
1.247 	17.462612
1.248 	17.495156
1.249 	18.170415
1.250 	18.144980
1.251 	17.659125
1.252 	17.492692
1.253 	17.381077
1.254 	16.907042
1.255 	16.494592
1.256 	16.328910
1.257 	16.275502
1.258 	16.406021
1.259 	16.709713
1.260 	16.977198
1.261 	16.997746
1.262 	16.735404
1.263 	16.386152
1.264 	16.230178
1.265 	16.794166
1.266 	17.635843
1.267 	17.724293
1.268 	16.637540
1.269 	15.517434
1.270 	15.286712
1.271 	15.735001
1.272 	16.180596
1.273 	16.469579
1.274 	16.627517
1.275 	17.146073
1.276 	18.479379
1.277 	19.412030
1.278 	18.961588
1.279 	17.899785
1.280 	17.367654
1.281 	17.008948
1.282 	16.370800
1.283 	16.213722
1.284 	16.865309
1.285 	17.670970
1.286 	18.198991
1.287 	18.210464
1.288 	17.688219
1.289 	17.327034
1.290 	17.625217
1.291 	17.772314
1.292 	17.440509
1.293 	17.272950
1.294 	17.579636
1.295 	17.967039
1.296 	18.308111
1.297 	19.100652
1.298 	20.080790
1.299 	19.969259
1.300 	18.436679
1.301 	16.306013
1.302 	15.212015
1.303 	15.775246
1.304 	17.166598
1.305 	18.209149
1.306 	18.187136
1.307 	17.526564
1.308 	16.755478
1.309 	16.032128
1.310 	15.637942
1.311 	16.317090
1.312 	17.945115
1.313 	19.116620
1.314 	18.933398
1.315 	17.995763
1.316 	17.035746
1.317 	16.425173
1.318 	15.833541
1.319 	15.202746
1.320 	15.177712
1.321 	16.497710
1.322 	18.446419
1.323 	19.517710
1.324 	18.703482
1.325 	17.226009
1.326 	16.651899
1.327 	16.564531
1.328 	16.105125
1.329 	15.445679
1.330 	15.365061
1.331 	16.096628
1.332 	16.869608
1.333 	16.889435
1.334 	16.788201
1.335 	17.183908
1.336 	17.897797
1.337 	18.648154
1.338 	19.037876
1.339 	18.300394
1.340 	16.641469
1.341 	15.830346
1.342 	16.200147
1.343 	16.690550
1.344 	16.466324
1.345 	15.992057
1.346 	15.976271
1.347 	16.650912
1.348 	17.578500
1.349 	18.051635
1.350 	17.928197
1.351 	17.457999
1.352 	16.775431
1.353 	16.309758
1.354 	16.366011
1.355 	16.590409
1.356 	16.677658
1.357 	16.844724
1.358 	17.199971
1.359 	17.555730
1.360 	17.419816
1.361 	16.753804
1.362 	15.917440
1.363 	15.250454
1.364 	14.951525
1.365 	14.676606
1.366 	13.965642
1.367 	13.426102
1.368 	13.959063
1.369 	15.239124
1.370 	16.075068
1.371 	16.045314
1.372 	15.621988
1.373 	15.042907
1.374 	14.622008
1.375 	14.738459
1.376 	15.049739
1.377 	14.892586
1.378 	14.294847
1.379 	14.004805
1.380 	14.367935
1.381 	15.128380
1.382 	15.791882
1.383 	16.053339
1.384 	15.723469
1.385 	15.042167
1.386 	14.744641
1.387 	14.974267
1.388 	15.503805
1.389 	15.729835
1.390 	15.198951
1.391 	14.240981
1.392 	13.265892
1.393 	12.815511
1.394 	12.922883
1.395 	13.040665
1.396 	12.729245
1.397 	12.183651
1.398 	11.877599
1.399 	12.079595
1.400 	12.388171
1.401 	12.381175
1.402 	12.830038
1.403 	14.153966
1.404 	15.134305
1.405 	15.193675
1.406 	14.884058
1.407 	14.551692
1.408 	14.223749
1.409 	14.126091
1.410 	14.309201
1.411 	14.186989
1.412 	13.246940
1.413 	12.110906
1.414 	11.618048
1.415 	11.600456
1.416 	11.476555
1.417 	11.840336
1.418 	13.349320
1.419 	14.949375
1.420 	15.430759
1.421 	14.597589
1.422 	12.831376
1.423 	11.154124
1.424 	10.301608
1.425 	10.246883
1.426 	10.409606
1.427 	10.617462
1.428 	10.671932
1.429 	10.489348
1.430 	10.435390
1.431 	10.663288
1.432 	11.072069
1.433 	11.443553
1.434 	11.594992
1.435 	11.532427
1.436 	11.773586
1.437 	12.454200
1.438 	12.623037
1.439 	11.032680
1.440 	8.654149
1.441 	7.279141
1.442 	7.364417
1.443 	7.997485
1.444 	8.937965
1.445 	10.217054
1.446 	10.873272
1.447 	10.157518
1.448 	8.792405
1.449 	8.153445
1.450 	8.345612
1.451 	8.569823
1.452 	8.492743
1.453 	8.434932
1.454 	8.842717
1.455 	9.718322
1.456 	9.846608
1.457 	8.390438
1.458 	5.909202
1.459 	4.234142
1.460 	4.502313
1.461 	6.013828
1.462 	7.262043
1.463 	7.233929
1.464 	6.759446
1.465 	6.886400
1.466 	6.956348
1.467 	6.124050
1.468 	5.128932
1.469 	5.350605
1.470 	6.161812
1.471 	6.662106
1.472 	6.111463
1.473 	5.227613
1.474 	5.564937
1.475 	7.008128
1.476 	7.330683
1.477 	6.067665
1.478 	5.165492
1.479 	5.947668
1.480 	7.293205
1.481 	8.214925
1.482 	8.772454
1.483 	8.871040
1.484 	8.167954
1.485 	7.332063
1.486 	7.232872
1.487 	7.275240
1.488 	6.359218
1.489 	4.654729
1.490 	3.176402
1.491 	3.234589
1.492 	4.559738
1.493 	5.837330
1.494 	6.758039
1.495 	7.415206
1.496 	7.269091
1.497 	6.557653
1.498 	6.570153
1.499 	7.812090
1.500 	8.227197
1.501 	6.917004
1.502 	5.387463
1.503 	5.255832
1.504 	6.037455
1.505 	6.169619
1.506 	5.548603
1.507 	5.453739
1.508 	6.402489
1.509 	6.788729
1.510 	6.512105
1.511 	6.798173
1.512 	6.999007
1.513 	6.382584
1.514 	6.243280
1.515 	7.220551
1.516 	7.817088
1.517 	6.570883
1.518 	4.762316
1.519 	3.810422
1.520 	3.452631
1.521 	3.648259
1.522 	4.452901
1.523 	4.867369
1.524 	5.116596
1.525 	6.668881
1.526 	7.979070
1.527 	6.622833
1.528 	4.726921
1.529 	4.769680
1.530 	5.826558
1.531 	6.481086
1.532 	6.541344
1.533 	6.318563
1.534 	6.330152
1.535 	6.251486
1.536 	5.558189
1.537 	4.798065
1.538 	4.062808
1.539 	3.662086
1.540 	4.090211
1.541 	5.112170
1.542 	6.799737
1.543 	8.184923
1.544 	8.258689
1.545 	6.695176
1.546 	4.429304
1.547 	3.825009
1.548 	6.409209
1.549 	8.899058
1.550 	8.006008
1.551 	4.562090
1.552 	2.894306
1.553 	4.661525
1.554 	6.205866
1.555 	6.461936
1.556 	7.490840
1.557 	9.017824
1.558 	9.112145
1.559 	8.089297
1.560 	6.939435
1.561 	6.020114
1.562 	5.709247
1.563 	5.554249
1.564 	4.546766
1.565 	4.046799
1.566 	5.332681
1.567 	7.955700
1.568 	10.758901
1.569 	10.849030
1.570 	8.759019
1.571 	7.420861
1.572 	6.926735
1.573 	6.717570
1.574 	6.682182
1.575 	5.791279
1.576 	4.576824
1.577 	4.392264
1.578 	5.031730
1.579 	5.788812
1.580 	6.048462
1.581 	6.435728
1.582 	8.381581
1.583 	10.413409
1.584 	10.684645
1.585 	9.203507
1.586 	6.843715
1.587 	4.883437
1.588 	5.315374
1.589 	7.098402
1.590 	7.329732
1.591 	7.408252
1.592 	9.203322
1.593 	10.454952
1.594 	9.377278
1.595 	8.182196
1.596 	8.461618
1.597 	9.995636
1.598 	11.420913
1.599 	10.939589
1.600 	8.767343
1.601 	6.763608
1.602 	6.043817
1.603 	5.145300
1.604 	3.964810
1.605 	3.866002
1.606 	3.954747
1.607 	4.137938
1.608 	6.147021
1.609 	9.319372
1.610 	10.483206
1.611 	8.819677
1.612 	6.780227
1.613 	7.956365
1.614 	11.186951
1.615 	12.925177
1.616 	11.803291
1.617 	7.757667
1.618 	3.769179
1.619 	4.203994
1.620 	7.443181
1.621 	9.622376
1.622 	11.421451
1.623 	12.127273
1.624 	9.295363
1.625 	7.174209
1.626 	8.082934
1.627 	7.885600
1.628 	5.965750
1.629 	6.806192
1.630 	9.752273
1.631 	11.686412
1.632 	10.653725
1.633 	7.508983
1.634 	5.417176
1.635 	5.464849
1.636 	6.610840
1.637 	7.884373
1.638 	10.379078
1.639 	10.768910
1.640 	7.632623
1.641 	8.125991
1.642 	12.025758
1.643 	13.451234
1.644 	12.334957
1.645 	9.841252
1.646 	7.145483
1.647 	6.135441
1.648 	6.774173
1.649 	8.660450
1.650 	9.836704
1.651 	9.780859
1.652 	8.550126
1.653 	7.788184
1.654 	7.966426
1.655 	7.982157
1.656 	8.055458
1.657 	8.560247
1.658 	9.140935
1.659 	10.112010
1.660 	12.075210
1.661 	11.747221
1.662 	10.654282
1.663 	13.003488
1.664 	13.745201
1.665 	11.438780
1.666 	8.569845
1.667 	6.426544
1.668 	6.346377
1.669 	7.190713
1.670 	6.086097
1.671 	5.951840
1.672 	8.237783
1.673 	11.683669
1.674 	14.437552
1.675 	14.300836
1.676 	13.122157
1.677 	11.959353
1.678 	9.046181
1.679 	5.888459
1.680 	5.208666
1.681 	7.298069
1.682 	10.293947
1.683 	12.370808
1.684 	11.921515
1.685 	10.451652
1.686 	8.149155
1.687 	7.168952
1.688 	9.504166
1.689 	10.148766
1.690 	9.038769
1.691 	9.205613
1.692 	7.447741
1.693 	5.294838
1.694 	6.891348
1.695 	10.518331
1.696 	13.573769
1.697 	15.146938
1.698 	13.577799
1.699 	10.358241
1.700 	9.348252
