0.660 	45.794198
0.661 	44.797996
0.662 	40.044578
0.663 	34.666699
0.664 	36.270079
0.665 	37.791977
0.666 	36.716648
0.667 	41.402059
0.668 	44.226088
0.669 	42.143236
0.670 	37.661018
0.671 	36.990326
0.672 	40.375266
0.673 	39.104150
0.674 	42.435120
0.675 	45.440787
0.676 	46.590087
0.677 	35.493250
0.678 	39.223216
0.679 	40.724905
0.680 	37.669489
0.681 	38.047671
0.682 	43.899892
0.683 	35.599468
0.684 	34.187395
0.685 	42.123789
0.686 	37.822089
0.687 	39.206564
0.688 	39.985627
0.689 	40.198956
0.690 	36.340003
0.691 	38.218799
0.692 	41.070885
0.693 	37.124474
0.694 	36.614763
0.695 	40.427452
0.696 	43.945132
0.697 	37.713779
0.698 	34.811161
0.699 	35.881758
0.700 	35.519212
0.701 	39.219301
0.702 	41.133041
0.703 	36.476587
0.704 	34.109793
0.705 	33.425425
0.706 	34.319508
0.707 	37.131539
0.708 	37.223658
0.709 	36.589570
0.710 	39.574652
0.711 	42.410765
0.712 	39.730847
0.713 	38.748731
0.714 	36.485841
0.715 	34.405258
0.716 	36.484325
0.717 	38.774018
0.718 	36.942030
0.719 	35.153099
0.720 	35.128356
0.721 	35.915516
0.722 	37.834282
0.723 	38.567744
0.724 	35.508315
0.725 	34.568118
0.726 	35.449626
0.727 	37.440780
0.728 	36.274220
0.729 	33.191820
0.730 	34.854613
0.731 	33.417573
0.732 	33.306371
0.733 	36.357202
0.734 	37.564139
0.735 	38.850380
0.736 	39.501893
0.737 	36.122097
0.738 	32.241772
0.739 	33.167502
0.740 	35.672985
0.741 	34.586402
0.742 	32.193188
0.743 	32.794224
0.744 	33.709720
0.745 	35.362496
0.746 	35.574772
0.747 	34.507828
0.748 	36.969252
0.749 	38.120752
0.750 	36.777172
0.751 	35.524186
0.752 	34.002133
0.753 	32.566066
0.754 	33.270225
0.755 	35.277192
0.756 	35.862616
0.757 	38.014535
0.758 	37.689736
0.759 	32.468768
0.760 	30.470289
0.761 	31.842799
0.762 	32.897752
0.763 	33.553637
0.764 	33.481117
0.765 	33.281319
0.766 	35.495712
0.767 	36.265949
0.768 	34.044783
0.769 	32.383901
0.770 	32.348114
0.771 	31.896609
0.772 	32.622751
0.773 	34.060258
0.774 	35.256646
0.775 	35.019261
0.776 	33.308106
0.777 	33.171225
0.778 	34.872963
0.779 	36.042000
0.780 	33.773370
0.781 	31.877188
0.782 	33.149680
0.783 	33.646747
0.784 	32.116882
0.785 	30.887406
0.786 	32.037747
0.787 	34.773918
0.788 	35.684295
0.789 	34.202804
0.790 	32.074967
0.791 	31.529570
0.792 	32.402047
0.793 	32.370102
0.794 	31.579005
0.795 	32.142963
0.796 	33.077974
0.797 	33.622992
0.798 	34.399850
0.799 	34.070437
0.800 	32.955171
0.801 	32.021100
0.802 	31.413320
0.803 	31.428417
0.804 	31.329268
0.805 	31.127716
0.806 	31.807820
0.807 	32.894542
0.808 	32.867599
0.809 	32.311005
0.810 	31.695286
0.811 	31.691087
0.812 	33.481706
0.813 	35.034144
0.814 	33.604070
0.815 	30.921250
0.816 	30.484179
0.817 	32.055108
0.818 	32.759580
0.819 	32.257443
0.820 	32.244119
0.821 	33.256155
0.822 	33.253137
0.823 	31.949839
0.824 	31.784358
0.825 	32.746631
0.826 	32.975538
0.827 	32.201538
0.828 	31.080159
0.829 	30.618844
0.830 	30.992785
0.831 	31.905376
0.832 	32.249546
0.833 	31.068184
0.834 	30.396693
0.835 	30.945861
0.836 	31.237175
0.837 	31.195242
0.838 	30.831828
0.839 	30.711038
0.840 	31.325033
0.841 	31.337162
0.842 	30.908619
0.843 	30.872987
0.844 	30.793335
0.845 	30.647488
0.846 	31.000309
0.847 	31.487026
0.848 	31.462797
0.849 	30.843016
0.850 	30.109431
0.851 	30.040323
0.852 	30.642963
0.853 	30.537699
0.854 	29.866307
0.855 	30.128398
0.856 	31.126045
0.857 	31.728653
0.858 	31.777837
0.859 	31.083337
0.860 	30.775324
0.861 	31.832038
0.862 	32.437869
0.863 	31.450284
0.864 	30.238456
0.865 	30.012531
0.866 	29.843198
0.867 	29.482726
0.868 	29.919436
0.869 	30.121994
0.870 	29.526603
0.871 	29.550814
0.872 	30.112110
0.873 	29.791558
0.874 	29.017586
0.875 	29.446830
0.876 	30.420203
0.877 	30.242156
0.878 	29.123627
0.879 	28.500109
0.880 	29.535245
0.881 	31.158144
0.882 	31.316961
0.883 	30.550375
0.884 	30.002664
0.885 	29.819569
0.886 	29.648394
0.887 	29.316990
0.888 	28.765463
0.889 	28.244551
0.890 	28.499614
0.891 	29.212761
0.892 	29.248977
0.893 	28.911731
0.894 	29.171201
0.895 	29.915071
0.896 	30.450723
0.897 	30.215049
0.898 	29.900504
0.899 	30.022343
0.900 	29.792332
0.901 	29.302378
0.902 	28.838160
0.903 	28.603344
0.904 	28.679358
0.905 	28.748811
0.906 	28.831582
0.907 	28.953546
0.908 	29.027849
0.909 	28.665442
0.910 	28.145775
0.911 	27.851940
0.912 	28.269202
0.913 	29.238342
0.914 	29.710379
0.915 	29.152630
0.916 	28.326112
0.917 	27.585955
0.918 	26.928763
0.919 	26.670484
0.920 	27.311003
0.921 	28.488249
0.922 	29.556998
0.923 	30.296857
0.924 	30.355684
0.925 	29.417827
0.926 	28.090389
0.927 	27.314828
0.928 	27.407624
0.929 	27.853753
0.930 	28.031905
0.931 	28.173604
0.932 	28.185926
0.933 	27.941579
0.934 	28.248509
0.935 	29.210187
0.936 	29.563512
0.937 	29.003710
0.938 	28.352537
0.939 	28.026762
0.940 	28.014194
0.941 	28.045971
0.942 	27.780567
0.943 	27.138337
0.944 	26.899384
0.945 	26.748590
0.946 	26.688651
0.947 	27.101440
0.948 	27.809039
0.949 	28.735357
0.950 	29.113790
0.951 	28.923072
0.952 	27.978004
0.953 	26.668327
0.954 	26.035566
0.955 	26.319354
0.956 	27.095562
0.957 	27.980932
0.958 	28.073103
0.959 	28.227837
0.960 	28.418620
0.961 	28.135934
0.962 	28.064099
0.963 	27.327552
0.964 	26.164944
0.965 	25.643338
0.966 	25.961350
0.967 	26.264160
0.968 	26.158087
0.969 	26.021359
0.970 	26.468976
0.971 	27.346072
0.972 	27.691015
0.973 	27.820795
0.974 	27.388156
0.975 	25.958300
0.976 	25.801565
0.977 	26.225232
0.978 	26.370991
0.979 	26.096154
0.980 	25.273101
0.981 	25.273692
0.982 	25.656046
0.983 	25.576099
0.984 	25.182880
0.985 	25.084425
0.986 	25.520678
0.987 	25.692695
0.988 	25.824709
0.989 	25.584588
0.990 	24.883346
0.991 	24.287440
0.992 	24.336439
0.993 	24.579781
0.994 	24.772772
0.995 	25.005153
0.996 	25.900180
0.997 	26.353838
0.998 	25.712356
0.999 	24.849533
1.000 	24.789747
1.001 	24.792038
1.002 	24.699544
1.003 	24.994829
1.004 	25.293233
1.005 	25.088938
1.006 	23.964464
1.007 	23.104678
1.008 	24.352421
1.009 	26.473359
1.010 	27.120337
1.011 	25.951044
1.012 	24.448590
1.013 	24.127794
1.014 	25.205458
1.015 	25.512343
1.016 	24.096711
1.017 	22.552925
1.018 	23.571368
1.019 	25.749901
1.020 	25.571272
1.021 	24.371568
1.022 	24.969974
1.023 	26.127984
1.024 	26.429887
1.025 	26.298958
1.026 	25.963042
1.027 	25.548194
1.028 	25.568648
1.029 	25.782920
1.030 	26.131374
1.031 	26.088228
1.032 	25.324385
1.033 	24.808183
1.034 	24.298208
1.035 	23.693314
1.036 	23.750462
1.037 	23.817957
1.038 	23.660134
1.039 	23.985637
1.040 	24.753657
1.041 	25.281543
1.042 	26.007044
1.043 	26.373102
1.044 	25.744969
1.045 	24.705938
1.046 	24.415460
1.047 	24.526367
1.048 	24.700788
1.049 	25.025291
1.050 	25.157937
1.051 	25.248305
1.052 	25.278077
1.053 	25.092189
1.054 	25.226152
1.055 	25.753049
1.056 	25.468475
1.057 	24.456712
1.058 	23.743287
1.059 	23.964367
1.060 	24.155542
1.061 	23.706348
1.062 	23.519207
1.063 	24.640003
1.064 	26.381786
1.065 	26.491424
1.066 	25.442633
1.067 	25.028582
1.068 	25.161404
1.069 	25.736010
1.070 	26.022022
1.071 	25.908460
1.072 	25.546172
1.073 	24.271199
1.074 	23.669024
1.075 	24.717635
1.076 	25.698698
1.077 	25.604486
1.078 	24.965360
1.079 	24.754511
1.080 	24.936559
1.081 	25.255335
1.082 	25.612561
1.083 	25.803702
1.084 	25.798288
1.085 	25.643924
1.086 	25.986386
1.087 	26.383231
1.088 	25.952338
1.089 	25.300871
1.090 	25.277494
1.091 	25.781250
1.092 	25.643663
1.093 	24.585036
1.094 	23.988610
1.095 	24.323969
1.096 	25.105172
1.097 	26.114412
1.098 	26.366179
1.099 	25.130621
1.100 	23.926637
1.101 	24.179813
1.102 	25.220785
1.103 	25.979664
1.104 	26.489364
1.105 	26.616466
1.106 	25.907904
1.107 	25.039303
1.108 	24.620215
1.109 	24.163734
1.110 	23.688908
1.111 	23.751945
1.112 	24.240605
1.113 	24.902320
1.114 	25.518815
1.115 	25.880168
1.116 	26.193554
1.117 	26.436628
1.118 	26.336256
1.119 	25.686996
1.120 	24.633825
1.121 	24.165265
1.122 	24.435708
1.123 	24.447975
1.124 	24.390657
1.125 	24.834543
1.126 	25.537906
1.127 	26.209488
1.128 	26.439836
1.129 	25.796231
1.130 	24.466103
1.131 	23.241134
1.132 	23.111909
1.133 	23.623569
1.134 	24.213776
1.135 	24.937293
1.136 	25.171792
1.137 	24.591474
1.138 	24.192938
1.139 	24.247772
1.140 	24.291811
1.141 	24.383651
1.142 	24.539327
1.143 	24.791760
1.144 	25.157739
1.145 	25.104818
1.146 	24.681309
1.147 	24.481291
1.148 	24.655533
1.149 	24.963199
1.150 	25.291565
1.151 	25.365335
1.152 	25.076251
1.153 	24.191840
1.154 	23.167078
1.155 	23.433286
1.156 	24.955102
1.157 	25.819356
1.158 	25.558734
1.159 	24.834687
1.160 	23.710161
1.161 	22.726053
1.162 	22.660628
1.163 	23.413748
1.164 	23.930801
1.165 	23.742569
1.166 	23.520960
1.167 	23.661759
1.168 	23.503928
1.169 	22.878094
1.170 	22.570656
1.171 	22.817456
1.172 	23.112792
1.173 	22.735526
1.174 	21.598023
1.175 	20.868587
1.176 	21.229664
1.177 	22.137198
1.178 	22.665389
1.179 	22.395660
1.180 	21.774684
1.181 	21.508897
1.182 	21.275782
1.183 	20.942856
1.184 	20.834389
1.185 	21.197806
1.186 	21.679511
1.187 	22.019808
1.188 	22.427803
1.189 	22.921515
1.190 	23.031491
1.191 	22.257931
1.192 	20.861550
1.193 	19.568040
1.194 	19.302991
1.195 	19.785707
1.196 	20.443023
1.197 	21.137477
1.198 	21.511127
1.199 	21.002189
1.200 	20.153786
1.201 	19.932381
1.202 	19.957224
1.203 	19.849370
1.204 	20.246928
1.205 	20.832664
1.206 	20.491331
1.207 	19.318240
1.208 	18.337240
1.209 	18.185042
1.210 	18.773298
1.211 	19.825902
1.212 	20.854032
1.213 	21.276105
1.214 	21.225092
1.215 	20.687792
1.216 	19.427350
1.217 	18.275218
1.218 	18.600216
1.219 	20.526335
1.220 	21.952046
1.221 	21.880612
1.222 	20.686920
1.223 	19.429712
1.224 	18.927289
1.225 	19.395003
1.226 	20.409277
1.227 	21.255222
1.228 	21.404371
1.229 	20.475617
1.230 	19.012925
1.231 	18.032075
1.232 	18.218035
1.233 	19.268071
1.234 	20.093690
1.235 	20.128325
1.236 	19.343272
1.237 	18.676618
1.238 	18.865552
1.239 	19.574740
1.240 	20.076301
1.241 	20.067766
1.242 	19.698648
1.243 	19.567585
1.244 	19.708512
1.245 	19.916631
1.246 	20.510850
1.247 	21.280368
1.248 	21.494873
1.249 	21.109313
1.250 	20.574367
1.251 	20.166908
1.252 	19.773502
1.253 	19.795828
1.254 	20.210553
1.255 	20.104469
1.256 	19.255571
1.257 	18.543754
1.258 	18.918793
1.259 	20.008074
1.260 	20.669399
1.261 	20.307001
1.262 	19.756018
1.263 	19.577517
1.264 	19.877724
1.265 	20.575116
1.266 	21.023331
1.267 	20.908928
1.268 	20.356961
1.269 	19.641582
1.270 	19.141209
1.271 	19.152975
1.272 	19.479682
1.273 	19.528771
1.274 	19.444316
1.275 	19.903484
1.276 	20.959634
1.277 	21.688594
1.278 	21.553605
1.279 	20.735106
1.280 	19.538492
1.281 	18.547657
1.282 	18.548958
1.283 	19.753838
1.284 	20.984283
1.285 	21.478892
1.286 	21.145423
1.287 	20.303365
1.288 	19.500791
1.289 	19.447290
1.290 	20.459222
1.291 	21.276222
1.292 	20.994581
1.293 	20.374150
1.294 	20.445893
1.295 	20.983551
1.296 	21.402749
1.297 	21.759791
1.298 	22.110202
1.299 	22.125314
1.300 	21.430534
1.301 	19.934273
1.302 	18.719111
1.303 	18.933680
1.304 	20.079403
1.305 	21.052115
1.306 	21.029393
1.307 	20.398135
1.308 	19.937091
1.309 	20.043928
1.310 	20.244766
1.311 	20.370451
1.312 	20.712262
1.313 	20.847950
1.314 	20.083549
1.315 	18.970518
1.316 	18.346768
1.317 	18.417476
1.318 	18.803687
1.319 	19.155564
1.320 	19.360633
1.321 	19.727983
1.322 	19.988124
1.323 	19.850748
1.324 	19.939926
1.325 	20.943802
1.326 	22.235220
1.327 	22.937839
1.328 	22.754374
1.329 	22.240083
1.330 	21.958302
1.331 	22.033689
1.332 	22.083614
1.333 	21.466987
1.334 	20.585181
1.335 	20.070329
1.336 	19.772700
1.337 	19.487046
1.338 	19.605483
1.339 	20.149808
1.340 	20.599903
1.341 	20.766501
1.342 	20.489787
1.343 	19.483054
1.344 	18.163463
1.345 	17.737066
1.346 	18.546813
1.347 	19.743651
1.348 	20.401633
1.349 	20.653119
1.350 	20.651873
1.351 	20.256256
1.352 	19.690822
1.353 	19.879530
1.354 	20.789761
1.355 	20.858711
1.356 	19.380592
1.357 	18.289283
1.358 	19.008015
1.359 	20.321440
1.360 	20.418089
1.361 	19.656176
1.362 	18.811656
1.363 	17.839257
1.364 	17.006088
1.365 	16.898802
1.366 	17.593192
1.367 	18.637935
1.368 	18.978753
1.369 	17.826133
1.370 	16.178086
1.371 	16.235639
1.372 	17.442136
1.373 	17.924265
1.374 	17.153421
1.375 	16.570229
1.376 	17.011098
1.377 	17.722480
1.378 	17.371829
1.379 	16.755582
1.380 	17.338165
1.381 	18.680175
1.382 	18.891579
1.383 	18.125088
1.384 	17.639245
1.385 	17.742046
1.386 	18.124263
1.387 	18.896932
1.388 	19.700964
1.389 	19.137635
1.390 	17.333260
1.391 	16.250302
1.392 	16.875329
1.393 	17.961477
1.394 	17.793696
1.395 	16.834520
1.396 	16.489355
1.397 	16.507836
1.398 	16.080501
1.399 	15.791107
1.400 	16.160529
1.401 	16.687271
1.402 	17.204074
1.403 	17.616535
1.404 	17.224780
1.405 	16.367953
1.406 	15.780778
1.407 	15.581263
1.408 	15.645376
1.409 	16.032274
1.410 	16.469523
1.411 	16.380878
1.412 	15.981035
1.413 	15.971400
1.414 	16.345529
1.415 	16.511933
1.416 	16.180792
1.417 	15.498839
1.418 	14.947193
1.419 	14.568300
1.420 	14.452872
1.421 	14.878796
1.422 	15.361015
1.423 	15.302893
1.424 	14.741024
1.425 	13.942894
1.426 	13.461199
1.427 	13.627070
1.428 	14.303789
1.429 	14.685174
1.430 	14.300578
1.431 	13.707409
1.432 	13.683512
1.433 	14.260697
1.434 	14.924146
1.435 	14.914848
1.436 	14.305657
1.437 	14.537891
1.438 	15.680022
1.439 	15.943421
1.440 	14.606613
1.441 	12.584423
1.442 	10.904108
1.443 	10.072713
1.444 	10.152658
1.445 	11.160734
1.446 	12.565251
1.447 	13.100181
1.448 	12.067282
1.449 	10.396209
1.450 	9.913924
1.451 	10.480493
1.452 	11.285103
1.453 	12.541607
1.454 	13.704430
1.455 	13.443487
1.456 	11.597992
1.457 	9.889612
1.458 	9.099195
1.459 	9.094456
1.460 	9.202944
1.461 	9.250871
1.462 	9.263986
1.463 	8.950593
1.464 	8.557598
1.465 	8.611007
1.466 	8.360243
1.467 	7.404270
1.468 	6.864874
1.469 	7.841252
1.470 	9.020944
1.471 	9.172628
1.472 	8.302205
1.473 	8.112276
1.474 	9.534398
1.475 	11.552371
1.476 	12.143292
1.477 	10.787528
1.478 	8.889767
1.479 	8.199947
1.480 	8.262887
1.481 	8.016230
1.482 	7.764426
1.483 	8.309370
1.484 	9.517108
1.485 	10.434230
1.486 	10.663947
1.487 	10.481416
1.488 	10.132470
1.489 	9.110183
1.490 	7.784372
1.491 	7.465237
1.492 	7.977340
1.493 	8.861399
1.494 	10.382452
1.495 	11.808655
1.496 	11.791804
1.497 	10.402546
1.498 	8.965685
1.499 	8.393106
1.500 	8.004646
1.501 	7.244963
1.502 	7.388784
1.503 	9.129211
1.504 	10.286013
1.505 	8.770371
1.506 	6.765414
1.507 	6.631284
1.508 	8.059713
1.509 	8.689185
1.510 	8.220596
1.511 	8.214393
1.512 	8.907620
1.513 	9.059082
1.514 	8.530015
1.515 	8.438725
1.516 	8.980824
1.517 	8.895870
1.518 	7.891520
1.519 	7.435032
1.520 	8.053890
1.521 	9.237229
1.522 	10.883354
1.523 	12.084000
1.524 	11.408530
1.525 	9.490801
1.526 	7.929404
1.527 	6.804133
1.528 	6.403216
1.529 	7.170938
1.530 	8.186657
1.531 	8.752153
1.532 	9.127867
1.533 	9.576220
1.534 	9.518257
1.535 	7.775856
1.536 	4.885638
1.537 	3.577975
1.538 	5.636657
1.539 	8.135687
1.540 	8.751567
1.541 	8.885136
1.542 	9.805655
1.543 	10.827775
1.544 	11.117134
1.545 	9.644185
1.546 	7.304700
1.547 	6.388362
1.548 	8.238281
1.549 	11.206525
1.550 	12.829877
1.551 	11.204095
1.552 	8.592078
1.553 	8.922511
1.554 	10.360576
1.555 	10.097891
1.556 	9.855486
1.557 	10.927728
1.558 	11.454960
1.559 	10.851429
1.560 	10.099471
1.561 	9.329379
1.562 	8.595067
1.563 	7.936657
1.564 	6.668296
1.565 	5.964492
1.566 	7.482689
1.567 	10.502808
1.568 	12.657743
1.569 	11.824529
1.570 	9.349808
1.571 	8.627869
1.572 	9.851501
1.573 	10.434731
1.574 	9.296191
1.575 	7.939065
1.576 	7.622500
1.577 	7.877084
1.578 	8.655336
1.579 	9.524340
1.580 	9.764162
1.581 	10.280998
1.582 	12.372002
1.583 	14.060987
1.584 	12.871939
1.585 	9.370242
1.586 	6.689148
1.587 	7.368399
1.588 	9.957419
1.589 	11.789590
1.590 	11.921981
1.591 	10.528637
1.592 	9.860007
1.593 	10.757247
1.594 	11.370723
1.595 	11.574985
1.596 	12.233832
1.597 	13.076296
1.598 	13.220110
1.599 	12.089913
1.600 	10.551809
1.601 	9.090850
1.602 	8.261380
1.603 	9.033949
1.604 	10.809996
1.605 	13.051915
1.606 	14.782984
1.607 	13.407280
1.608 	10.425305
1.609 	10.011955
1.610 	11.312546
1.611 	10.964947
1.612 	9.310088
1.613 	9.736583
1.614 	11.414267
1.615 	12.067751
1.616 	12.083769
1.617 	11.652854
1.618 	10.597602
1.619 	10.089258
1.620 	11.453881
1.621 	13.294504
1.622 	13.329019
1.623 	11.347170
1.624 	9.135767
1.625 	9.914100
1.626 	12.317127
1.627 	11.792318
1.628 	9.457755
1.629 	8.853525
1.630 	9.143488
1.631 	9.912371
1.632 	12.225361
1.633 	14.071538
1.634 	13.124333
1.635 	12.432826
1.636 	13.341058
1.637 	13.650503
1.638 	14.131482
1.639 	13.313795
1.640 	10.929723
1.641 	12.938476
1.642 	16.203288
1.643 	15.288269
1.644 	13.420940
1.645 	11.596173
1.646 	8.350354
1.647 	6.231356
1.648 	8.249644
1.649 	11.840762
1.650 	12.802238
1.651 	12.024438
1.652 	11.112752
1.653 	11.507275
1.654 	14.309665
1.655 	15.076400
1.656 	13.383481
1.657 	13.197891
1.658 	11.576937
1.659 	8.830528
1.660 	9.022589
1.661 	10.632956
1.662 	13.715205
1.663 	15.330798
1.664 	13.405887
1.665 	13.433096
1.666 	15.387818
1.667 	14.248840
1.668 	12.440278
1.669 	12.130021
1.670 	10.899772
1.671 	11.604796
1.672 	14.004743
1.673 	15.562564
1.674 	15.513906
1.675 	13.590529
1.676 	12.096326
1.677 	13.055635
1.678 	14.167500
1.679 	14.023441
1.680 	12.052900
1.681 	9.822924
1.682 	9.429842
1.683 	9.025511
1.684 	10.647854
1.685 	14.527420
1.686 	15.188079
1.687 	12.596931
1.688 	13.470959
1.689 	16.211785
1.690 	15.494510
1.691 	12.030399
1.692 	10.734376
1.693 	10.991103
1.694 	11.804896
1.695 	12.696269
1.696 	12.754986
1.697 	13.684946
1.698 	14.470711
1.699 	14.395940
1.700 	15.783814
