0.66 36.125
0.661 32.887
0.662 44.254
0.663 34.217
0.664 36.548
0.665 36.768
0.666 39.202
0.667 34.615
0.668 27.233
0.669 35.347
0.67 35.494
0.671 35.928
0.672 34.144
0.673 36.791
0.674 37.398
0.675 33.567
0.676 35.757
0.677 37.5
0.678 40.059
0.679 34.473
0.68 35.383
0.681 37.129
0.682 32.667
0.683 32.721
0.684 37.703
0.685 33.183
0.686 28.145
0.687 35.868
0.688 33.8
0.689 35.684
0.69 34.521
0.691 37.437
0.692 40.424
0.693 32.922
0.694 29.633
0.695 30.17
0.696 33.039
0.697 33.36
0.698 30.294
0.699 31.547
0.7 38.08
0.701 33.384
0.702 30.493
0.703 34.77
0.704 34.698
0.705 32.821
0.706 33.883
0.707 36.188
0.708 33.689
0.709 33.263
0.71 34.161
0.711 36.4
0.712 36.234
0.713 32.881
0.714 33.021
0.715 32.071
0.716 34.181
0.717 35.747
0.718 35.849
0.719 31.842
0.72 30.421
0.721 31.78
0.722 33.48
0.723 33.926
0.724 34.127
0.725 33.434
0.726 33.031
0.727 35.273
0.728 35.572
0.729 34.946
0.73 33.432
0.731 33.021
0.732 30.951
0.733 31.046
0.734 30.114
0.735 31.211
0.736 35.039
0.737 34.697
0.738 31.021
0.739 30.523
0.74 31.993
0.741 32.624
0.742 31.47
0.743 32.524
0.744 32.199
0.745 30.545
0.746 32.365
0.747 34.826
0.748 31.938
0.749 32.208
0.75 33.506
0.751 31.988
0.752 33.996
0.753 35.369
0.754 33.773
0.755 32.48
0.756 32.849
0.757 33.166
0.758 31.521
0.759 30.18
0.76 29.94
0.761 30.139
0.762 31.594
0.763 32.495
0.764 31.849
0.765 32.339
0.766 31.979
0.767 31.173
0.768 30.213
0.769 31.947
0.77 34.36
0.771 31.718
0.772 28.007
0.773 28.296
0.774 31.391
0.775 32.396
0.776 30.943
0.777 29.872
0.778 30.251
0.779 32.547
0.78 34.205
0.781 33.885
0.782 33.482
0.783 33.156
0.784 30.287
0.785 28.841
0.786 30.867
0.787 31.402
0.788 30.976
0.789 31.777
0.79 32.561
0.791 33.678
0.792 32.993
0.793 30.845
0.794 30.67
0.795 31.512
0.796 32.176
0.797 32.238
0.798 30.905
0.799 30.457
0.8 31.539
0.801 31.665
0.802 32.39
0.803 33.001
0.804 32.355
0.805 31.283
0.806 30.782
0.807 30.021
0.808 29.269
0.809 30.65
0.81 32.128
0.811 30.567
0.812 28.721
0.813 29.362
0.814 30.837
0.815 31.462
0.816 32.634
0.817 33.493
0.818 31.097
0.819 28.594
0.82 28.782
0.821 30.044
0.822 30.793
0.823 31.711
0.824 32.15
0.825 30.635
0.826 29.457
0.827 29.954
0.828 30.873
0.829 30.428
0.83 29.682
0.831 29.509
0.832 30.17
0.833 31.492
0.834 31.222
0.835 30.219
0.836 30.065
0.837 29.589
0.838 28.76
0.839 29.193
0.84 30.217
0.841 30.72
0.842 30.953
0.843 31.664
0.844 31.583
0.845 29.726
0.846 29.446
0.847 30.93
0.848 30.406
0.849 29.448
0.85 30.62
0.851 31.606
0.852 31.275
0.853 30.984
0.854 30.638
0.855 30.062
0.856 29.41
0.857 29.466
0.858 30.84
0.859 31.317
0.86 30.372
0.861 29.344
0.862 29.279
0.863 29.638
0.864 28.898
0.865 27.796
0.866 27.652
0.867 28.183
0.868 28.652
0.869 29.537
0.87 30.374
0.871 30.656
0.872 30.462
0.873 29.703
0.874 28.849
0.875 28.631
0.876 29.402
0.877 30.761
0.878 30.973
0.879 29.85
0.88 28.497
0.881 27.62
0.882 27.925
0.883 28.842
0.884 28.992
0.885 28.841
0.886 28.645
0.887 29.207
0.888 29.798
0.889 29.277
0.89 29.381
0.891 30.066
0.892 30.048
0.893 29.716
0.894 29.781
0.895 30.27
0.896 30.662
0.897 30.209
0.898 29.171
0.899 28.373
0.9 27.329
0.901 26.989
0.902 28.066
0.903 28.478
0.904 28.853
0.905 30.257
0.906 30.694
0.907 29.685
0.908 28.794
0.909 28.661
0.91 29.61
0.911 30.826
0.912 30.952
0.913 30.284
0.914 29.881
0.915 29.828
0.916 29.525
0.917 29.13
0.918 28.848
0.919 28.807
0.92 28.883
0.921 29.098
0.922 28.674
0.923 28.51
0.924 29.458
0.925 29.559
0.926 28.341
0.927 28.179
0.928 29.414
0.929 29.658
0.93 29.158
0.931 28.935
0.932 28.307
0.933 27.932
0.934 28.317
0.935 28.024
0.936 27.164
0.937 27.439
0.938 28.964
0.939 29.733
0.94 28.763
0.941 28.454
0.942 28.422
0.943 28.212
0.944 27.743
0.945 27.185
0.946 27.259
0.947 27.526
0.948 27.119
0.949 27.23
0.95 27.339
0.951 27.102
0.952 27.158
0.953 27.366
0.954 27.073
0.955 26.525
0.956 25.743
0.957 25.321
0.958 25.018
0.959 25.96
0.96 27.175
0.961 27.31
0.962 25.253
0.963 24.636
0.964 24.966
0.965 24.991
0.966 24.983
0.967 25.831
0.968 26.467
0.969 26.375
0.97 26.381
0.971 25.032
0.972 24.539
0.973 25.426
0.974 24.968
0.975 24.313
0.976 25.17
0.977 24.892
0.978 23.549
0.979 23.045
0.98 24.108
0.981 25.511
0.982 26.06
0.983 24.606
0.984 22.458
0.985 23.507
0.986 24.823
0.987 24.867
0.988 23.758
0.989 23.929
0.99 25.51
0.991 24.851
0.992 23.077
0.993 23.7
0.994 24.011
0.995 23.892
0.996 24.457
0.997 23.706
0.998 22.717
0.999 22.969
1.0 23.166
1.001 23.351
1.002 22.452
1.003 22.504
1.004 24.522
1.005 24.795
1.006 24.285
1.007 24.062
1.008 23.932
1.009 24.398
1.01 23.784
1.011 22.788
1.012 23.516
1.013 23.308
1.014 22.831
1.015 23.249
1.016 22.298
1.017 21.228
1.018 21.399
1.019 22.848
1.02 23.183
1.021 23.573
1.022 23.679
1.023 23.157
1.024 23.107
1.025 23.28
1.026 23.545
1.027 23.318
1.028 23.422
1.029 24.146
1.03 23.556
1.031 23.107
1.032 23.854
1.033 23.853
1.034 23.159
1.035 21.956
1.036 21.538
1.037 21.437
1.038 22.807
1.039 24.226
1.04 24.762
1.041 24.972
1.042 23.539
1.043 20.941
1.044 21.093
1.045 22.825
1.046 24.007
1.047 23.812
1.048 23.127
1.049 23.195
1.05 23.817
1.051 24.407
1.052 24.209
1.053 22.887
1.054 23.308
1.055 24.904
1.056 24.968
1.057 23.978
1.058 23.789
1.059 23.42
1.06 22.893
1.061 23.005
1.062 24.122
1.063 25.616
1.064 25.964
1.065 24.487
1.066 22.924
1.067 22.188
1.068 22.517
1.069 23.926
1.07 24.107
1.071 23.231
1.072 22.917
1.073 23.504
1.074 23.816
1.075 23.499
1.076 22.943
1.077 22.523
1.078 22.939
1.079 23.282
1.08 23.315
1.081 23.965
1.082 25.055
1.083 25.923
1.084 25.877
1.085 24.717
1.086 23.997
1.087 24.146
1.088 24.161
1.089 24.02
1.09 23.877
1.091 23.156
1.092 22.174
1.093 22.212
1.094 23.309
1.095 24.081
1.096 24.11
1.097 23.87
1.098 23.436
1.099 22.597
1.1 22.071
1.101 23.124
1.102 24.429
1.103 24.024
1.104 23.598
1.105 25.126
1.106 25.852
1.107 24.345
1.108 23.026
1.109 22.862
1.11 23.22
1.111 23.362
1.112 22.69
1.113 22.04
1.114 22.524
1.115 23.073
1.116 22.479
1.117 21.921
1.118 23.125
1.119 24.924
1.12 24.097
1.121 21.426
1.122 21.243
1.123 23.424
1.124 24.098
1.125 23.056
1.126 22.373
1.127 21.634
1.128 21.251
1.129 21.687
1.13 22.186
1.131 22.607
1.132 22.809
1.133 23.163
1.134 23.997
1.135 24.085
1.136 23.598
1.137 23.078
1.138 22.239
1.139 21.301
1.14 21.054
1.141 21.244
1.142 21.486
1.143 21.309
1.144 20.148
1.145 18.984
1.146 18.659
1.147 18.321
1.148 17.829
1.149 18.451
1.15 20.062
1.151 21.068
1.152 20.714
1.153 19.872
1.154 19.68
1.155 20.141
1.156 20.465
1.157 20.767
1.158 21.279
1.159 20.957
1.16 19.446
1.161 18.232
1.162 18.167
1.163 18.563
1.164 18.954
1.165 19.701
1.166 20.779
1.167 21.41
1.168 20.759
1.169 18.99
1.17 17.588
1.171 17.92
1.172 19.392
1.173 20.603
1.174 21.091
1.175 20.689
1.176 19.675
1.177 18.697
1.178 18.248
1.179 19.131
1.18 20.354
1.181 20.501
1.182 20.588
1.183 20.75
1.184 19.846
1.185 19.105
1.186 19.125
1.187 18.951
1.188 17.84
1.189 17.037
1.19 17.731
1.191 18.611
1.192 18.779
1.193 19.296
1.194 19.939
1.195 19.402
1.196 18.24
1.197 18.063
1.198 18.689
1.199 18.674
1.2 18.601
1.201 19.199
1.202 19.526
1.203 19.655
1.204 19.951
1.205 19.773
1.206 19.068
1.207 18.294
1.208 17.721
1.209 17.726
1.21 18.642
1.211 19.9
1.212 20.116
1.213 18.772
1.214 17.792
1.215 18.098
1.216 17.844
1.217 17.199
1.218 18.066
1.219 20.148
1.22 21.668
1.221 21.656
1.222 20.702
1.223 19.779
1.224 19.363
1.225 19.444
1.226 19.573
1.227 19.803
1.228 19.768
1.229 19.083
1.23 18.336
1.231 17.913
1.232 18.274
1.233 19.083
1.234 19.188
1.235 18.65
1.236 18.14
1.237 18.152
1.238 19.801
1.239 22.569
1.24 22.917
1.241 20.589
1.242 18.293
1.243 17.381
1.244 17.43
1.245 17.899
1.246 18.672
1.247 19.727
1.248 20.82
1.249 21.285
1.25 20.563
1.251 19.823
1.252 19.739
1.253 19.633
1.254 20.257
1.255 21.847
1.256 22.815
1.257 21.864
1.258 20.569
1.259 20.825
1.26 21.595
1.261 21.321
1.262 20.364
1.263 19.315
1.264 18.688
1.265 19.591
1.266 21.479
1.267 22.881
1.268 22.757
1.269 21.256
1.27 19.142
1.271 17.404
1.272 17.238
1.273 18.073
1.274 18.772
1.275 19.931
1.276 21.137
1.277 20.906
1.278 20.014
1.279 19.645
1.28 19.217
1.281 18.46
1.282 18.744
1.283 19.682
1.284 19.672
1.285 18.925
1.286 19.468
1.287 21.33
1.288 21.913
1.289 19.817
1.29 16.747
1.291 15.764
1.292 17.011
1.293 19.221
1.294 21.025
1.295 21.812
1.296 20.863
1.297 18.906
1.298 18.164
1.299 18.684
1.3 19.091
1.301 20.309
1.302 22.474
1.303 23.577
1.304 22.211
1.305 19.752
1.306 18.581
1.307 18.42
1.308 17.849
1.309 17.962
1.31 18.557
1.311 17.6
1.312 15.968
1.313 15.321
1.314 16.304
1.315 18.353
1.316 20.311
1.317 20.496
1.318 19.27
1.319 18.618
1.32 19.557
1.321 20.262
1.322 18.798
1.323 16.34
1.324 15.42
1.325 17.11
1.326 19.312
1.327 19.565
1.328 19.043
1.329 18.868
1.33 18.663
1.331 18.312
1.332 18.184
1.333 17.893
1.334 16.526
1.335 14.943
1.336 14.773
1.337 16.223
1.338 17.583
1.339 17.531
1.34 17.028
1.341 17.281
1.342 17.615
1.343 17.61
1.344 17.11
1.345 16.75
1.346 16.944
1.347 17.008
1.348 17.19
1.349 17.376
1.35 15.996
1.351 13.828
1.352 13.062
1.353 13.811
1.354 14.605
1.355 14.767
1.356 14.982
1.357 15.684
1.358 16.468
1.359 17.227
1.36 17.743
1.361 17.796
1.362 16.973
1.363 14.59
1.364 12.285
1.365 11.646
1.366 12.23
1.367 12.615
1.368 12.966
1.369 14.633
1.37 15.794
1.371 14.053
1.372 11.271
1.373 11.034
1.374 13.012
1.375 14.021
1.376 13.041
1.377 12.493
1.378 13.579
1.379 14.302
1.38 13.744
1.381 12.258
1.382 10.71
1.383 10.307
1.384 10.603
1.385 10.14
1.386 8.953
1.387 8.001
1.388 8.44
1.389 10.316
1.39 12.024
1.391 12.518
1.392 12.058
1.393 11.633
1.394 10.666
1.395 8.648
1.396 6.9
1.397 6.655
1.398 7.412
1.399 8.967
1.4 10.051
1.401 9.97
1.402 9.724
1.403 10.19
1.404 10.882
1.405 10.655
1.406 9.379
1.407 8.119
1.408 7.259
1.409 6.86
1.41 6.957
1.411 7.522
1.412 7.683
1.413 6.496
1.414 5.51
1.415 5.917
1.416 5.804
1.417 4.603
1.418 3.748
1.419 4.255
1.42 6.188
1.421 7.951
1.422 7.813
1.423 6.128
1.424 4.941
1.425 4.924
1.426 5.55
1.427 6.702
1.428 7.825
1.429 8.704
1.43 8.797
1.431 7.874
1.432 7.432
1.433 7.367
1.434 6.908
1.435 7.147
1.436 8.358
1.437 8.735
1.438 7.105
1.439 4.303
1.44 3.129
1.441 4.414
1.442 5.436
1.443 4.323
1.444 2.848
1.445 2.774
1.446 4.729
1.447 8.098
1.448 10.081
1.449 9.257
1.45 7.312
1.451 6.424
1.452 7.541
1.453 9.53
1.454 9.742
1.455 7.816
1.456 5.636
1.457 4.944
1.458 6.47
1.459 8.618
1.46 8.742
1.461 6.816
1.462 5.612
1.463 6.863
1.464 9.174
1.465 10.187
1.466 9.285
1.467 7.413
1.468 6.046
1.469 6.871
1.47 8.058
1.471 8.223
1.472 7.639
1.473 6.557
1.474 6.254
1.475 6.638
1.476 5.467
1.477 3.647
1.478 3.226
1.479 4.427
1.48 6.995
1.481 8.378
1.482 6.839
1.483 5.02
1.484 5.517
1.485 7.864
1.486 10.472
1.487 11.063
1.488 9.604
1.489 8.318
1.49 7.607
1.491 6.554
1.492 6.136
1.493 6.367
1.494 6.486
1.495 6.922
1.496 8.234
1.497 10.381
1.498 11.487
1.499 8.699
1.5 5.113
1.501 5.553
1.502 8.642
1.503 9.366
1.504 7.022
1.505 5.394
1.506 5.843
1.507 7.119
1.508 8.489
1.509 9.449
1.51 10.764
1.511 10.576
1.512 8.377
1.513 6.127
1.514 5.902
1.515 7.649
1.516 10.307
1.517 12.737
1.518 11.592
1.519 8.333
1.52 8.812
1.521 11.3
1.522 11.56
1.523 9.212
1.524 7.072
1.525 7.802
1.526 9.268
1.527 9.674
1.528 9.635
1.529 9.151
1.53 9.398
1.531 9.59
1.532 8.87
1.533 9.367
1.534 10.732
1.535 10.992
1.536 11.363
1.537 11.842
1.538 10.977
1.539 9.31
1.54 7.878
1.541 8.021
1.542 9.228
1.543 9.157
1.544 7.394
1.545 6.656
1.546 6.614
1.547 8.291
1.548 12.185
1.549 14.648
1.55 13.934
1.551 10.263
1.552 7.437
1.553 9.396
1.554 12.972
1.555 11.286
1.556 7.686
1.557 8.423
1.558 9.121
1.559 8.156
1.56 8.119
1.561 9.947
1.562 12.433
1.563 13.587
1.564 12.934
1.565 11.249
1.566 11.074
1.567 13.023
1.568 12.306
1.569 7.968
1.57 4.666
1.571 6.85
1.572 10.073
1.573 12.286
1.574 14.382
1.575 13.348
1.576 9.888
1.577 9.723
1.578 10.679
1.579 9.122
1.58 8.594
1.581 10.139
1.582 12.02
1.583 10.295
1.584 11.004
1.585 12.792
1.586 12.5
1.587 12.561
1.588 9.763
1.589 11.161
1.59 17.348
1.591 18.603
1.592 14.266
1.593 11.908
1.594 11.008
1.595 9.873
1.596 10.124
1.597 11.216
1.598 11.956
1.599 11.74
1.6 13.023
1.601 12.793
1.602 10.501
1.603 12.915
1.604 12.399
1.605 11.279
1.606 11.82
1.607 11.164
1.608 8.531
1.609 7.689
1.61 13.423
1.611 17.751
1.612 15.998
1.613 14.545
1.614 12.345
1.615 11.85
1.616 13.183
1.617 15.315
1.618 14.769
1.619 10.571
1.62 9.56
1.621 11.62
1.622 16.717
1.623 16.556
1.624 13.361
1.625 14.006
1.626 11.794
1.627 7.409
1.628 10.26
1.629 14.773
1.63 16.335
1.631 14.324
1.632 15.166
1.633 16.101
1.634 12.555
1.635 10.987
1.636 12.432
1.637 14.727
1.638 15.741
1.639 10.865
1.64 12.297
1.641 16.309
1.642 13.523
1.643 8.918
1.644 8.265
1.645 11.761
1.646 14.411
1.647 14.89
1.648 15.733
1.649 15.498
1.65 13.639
1.651 13.853
1.652 14.55
1.653 11.732
1.654 11.873
1.655 14.647
1.656 17.029
1.657 19.473
1.658 18.617
1.659 9.782
1.66 6.777
1.661 15.966
1.662 13.429
1.663 8.622
1.664 11.62
1.665 12.849
1.666 10.706
1.667 10.539
1.668 14.593
1.669 11.929
1.67 10.717
1.671 13.504
1.672 15.309
1.673 18.961
1.674 17.725
1.675 14.354
1.676 10.297
1.677 12.442
1.678 11.034
1.679 10.274
1.68 13.818
1.681 19.118
1.682 18.346
1.683 16.269
1.684 15.881
1.685 3.733
1.686 1.19
1.687 20.423
1.688 15.679
1.689 17.284
1.69 19.526
1.691 14.821
1.692 12.053
1.693 19.038
1.694 12.346
1.695 6.479
1.696 18.376
1.697 13.75
1.698 11.82
1.699 21.392
1.7 2.346
