0.66 42.25
0.661 35.323
0.662 40.954
0.663 42.048
0.664 38.929
0.665 41.569
0.666 42.488
0.667 38.348
0.668 34.068
0.669 37.584
0.67 39.851
0.671 39.126
0.672 38.372
0.673 42.995
0.674 44.057
0.675 36.172
0.676 37.151
0.677 39.3
0.678 45.866
0.679 38.77
0.68 36.329
0.681 38.852
0.682 36.571
0.683 34.926
0.684 38.879
0.685 41.277
0.686 35.113
0.687 37.925
0.688 36.865
0.689 37.231
0.69 38.422
0.691 42.881
0.692 42.624
0.693 37.942
0.694 35.51
0.695 34.469
0.696 36.889
0.697 40.474
0.698 34.158
0.699 35.452
0.7 40.712
0.701 35.057
0.702 33.408
0.703 37.296
0.704 38.719
0.705 39.414
0.706 38.252
0.707 38.758
0.708 37.464
0.709 38.266
0.71 39.337
0.711 39.691
0.712 36.71
0.713 37.763
0.714 38.781
0.715 36.904
0.716 36.725
0.717 38.117
0.718 39.818
0.719 34.241
0.72 33.592
0.721 35.987
0.722 37.508
0.723 37.423
0.724 35.104
0.725 36.27
0.726 38.415
0.727 40.012
0.728 37.508
0.729 37.364
0.73 37.418
0.731 37.295
0.732 35.043
0.733 34.248
0.734 34.457
0.735 36.441
0.736 38.245
0.737 37.668
0.738 34.913
0.739 34.57
0.74 37.28
0.741 36.498
0.742 35.757
0.743 37.856
0.744 36.597
0.745 34.251
0.746 34.372
0.747 36.543
0.748 36.227
0.749 36.208
0.75 35.992
0.751 35.309
0.752 37.258
0.753 38.422
0.754 37.17
0.755 36.245
0.756 35.954
0.757 36.172
0.758 34.813
0.759 33.684
0.76 33.72
0.761 34.409
0.762 36.324
0.763 37.331
0.764 37.021
0.765 36.174
0.766 36.797
0.767 36.85
0.768 34.799
0.769 34.546
0.77 36.256
0.771 35.247
0.772 32.281
0.773 32.797
0.774 35.888
0.775 36.959
0.776 35.172
0.777 33.623
0.778 34.761
0.779 36.859
0.78 36.593
0.781 35.896
0.782 36.198
0.783 36.044
0.784 33.731
0.785 33.011
0.786 34.588
0.787 34.887
0.788 35.184
0.789 36.316
0.79 35.839
0.791 35.401
0.792 35.76
0.793 35.708
0.794 35.481
0.795 35.781
0.796 35.986
0.797 35.777
0.798 34.147
0.799 33.641
0.8 35.586
0.801 36.212
0.802 35.928
0.803 35.702
0.804 35.207
0.805 34.932
0.806 34.998
0.807 34.045
0.808 33.415
0.809 34.409
0.81 35.256
0.811 34.453
0.812 33.602
0.813 33.775
0.814 34.321
0.815 35.763
0.816 37.347
0.817 37.804
0.818 35.637
0.819 33.387
0.82 33.121
0.821 33.571
0.822 33.998
0.823 35.033
0.824 35.006
0.825 33.579
0.826 33.178
0.827 33.591
0.828 34.025
0.829 33.601
0.83 33.397
0.831 34.685
0.832 36.367
0.833 36.479
0.834 35.205
0.835 34.909
0.836 35.272
0.837 34.235
0.838 32.502
0.839 32.533
0.84 33.321
0.841 33.557
0.842 33.757
0.843 35.065
0.844 35.94
0.845 33.988
0.846 32.989
0.847 34.553
0.848 34.579
0.849 33.297
0.85 33.905
0.851 35.547
0.852 35.67
0.853 34.399
0.854 33.661
0.855 34.024
0.856 33.981
0.857 33.772
0.858 34.35
0.859 34.467
0.86 33.803
0.861 33.129
0.862 33.19
0.863 34.087
0.864 33.798
0.865 32.41
0.866 32.426
0.867 33.545
0.868 33.897
0.869 33.917
0.87 33.59
0.871 33.17
0.872 33.206
0.873 32.884
0.874 32.316
0.875 32.567
0.876 33.438
0.877 34.202
0.878 33.938
0.879 33.275
0.88 32.822
0.881 32.096
0.882 31.688
0.883 32.348
0.884 33.208
0.885 33.128
0.886 32.481
0.887 32.962
0.888 33.206
0.889 32.024
0.89 32.128
0.891 33.391
0.892 33.482
0.893 32.968
0.894 33.482
0.895 34.95
0.896 35.505
0.897 34.295
0.898 32.605
0.899 31.572
0.9 30.504
0.901 30.041
0.902 30.814
0.903 31.508
0.904 32.516
0.905 34.247
0.906 34.688
0.907 33.53
0.908 32.458
0.909 32.278
0.91 33.158
0.911 34.376
0.912 34.979
0.913 35.156
0.914 35.288
0.915 34.28
0.916 32.478
0.917 31.51
0.918 31.568
0.919 31.996
0.92 32.462
0.921 32.892
0.922 32.411
0.923 31.993
0.924 33.046
0.925 32.996
0.926 31.014
0.927 30.561
0.928 32.435
0.929 33.879
0.93 33.993
0.931 33.432
0.932 32.446
0.933 32.038
0.934 32.172
0.935 31.932
0.936 30.821
0.937 30.194
0.938 31.303
0.939 32.034
0.94 31.855
0.941 32.263
0.942 32.413
0.943 31.729
0.944 31.548
0.945 31.462
0.946 30.956
0.947 30.498
0.948 30.508
0.949 31.433
0.95 31.506
0.951 30.715
0.952 30.048
0.953 29.687
0.954 30.179
0.955 30.025
0.956 29.825
0.957 29.422
0.958 28.809
0.959 29.799
0.96 30.793
0.961 30.253
0.962 28.875
0.963 28.967
0.964 28.733
0.965 28.128
0.966 27.857
0.967 28.657
0.968 29.466
0.969 29.503
0.97 29.487
0.971 28.859
0.972 28.193
0.973 27.997
0.974 27.471
0.975 26.841
0.976 27.771
0.977 28.492
0.978 28.375
0.979 27.437
0.98 27.348
0.981 28.381
0.982 29.599
0.983 28.867
0.984 26.595
0.985 26.091
0.986 26.433
0.987 27.021
0.988 27.136
0.989 27.439
0.99 28.424
0.991 28.703
0.992 27.763
0.993 27.989
0.994 27.968
0.995 27.743
0.996 27.832
0.997 27.252
0.998 25.922
0.999 25.686
1.0 26.121
1.001 26.064
1.002 26.145
1.003 26.035
1.004 27.134
1.005 28.096
1.006 27.816
1.007 27.15
1.008 27.527
1.009 28.171
1.01 27.362
1.011 26.839
1.012 27.872
1.013 27.721
1.014 27.147
1.015 27.025
1.016 25.624
1.017 25.373
1.018 25.896
1.019 26.681
1.02 26.934
1.021 27.1
1.022 27.265
1.023 26.771
1.024 26.556
1.025 26.842
1.026 27.405
1.027 27.408
1.028 27.481
1.029 27.622
1.03 27.333
1.031 27.267
1.032 27.794
1.033 28.557
1.034 28.605
1.035 26.443
1.036 25.525
1.037 25.713
1.038 26.975
1.039 28.52
1.04 28.329
1.041 27.996
1.042 27.903
1.043 26.153
1.044 25.529
1.045 26.648
1.046 28.017
1.047 27.869
1.048 27.29
1.049 27.779
1.05 28.456
1.051 28.843
1.052 28.179
1.053 26.781
1.054 27.642
1.055 29.238
1.056 29.276
1.057 27.882
1.058 26.987
1.059 27.737
1.06 28.311
1.061 27.887
1.062 27.871
1.063 29.499
1.064 30.947
1.065 29.93
1.066 27.688
1.067 26.255
1.068 26.737
1.069 28.444
1.07 28.68
1.071 27.966
1.072 28.005
1.073 28.818
1.074 28.701
1.075 27.551
1.076 26.81
1.077 26.659
1.078 26.987
1.079 27.587
1.08 28.134
1.081 28.215
1.082 28.104
1.083 28.933
1.084 29.645
1.085 29.078
1.086 28.942
1.087 28.867
1.088 28.3
1.089 28.07
1.09 28.257
1.091 27.597
1.092 26.542
1.093 27.058
1.094 28.489
1.095 28.838
1.096 28.436
1.097 27.981
1.098 27.457
1.099 26.852
1.1 26.163
1.101 26.548
1.102 27.873
1.103 28.526
1.104 28.571
1.105 29.124
1.106 29.149
1.107 28.184
1.108 27.92
1.109 28.326
1.11 28.448
1.111 28.276
1.112 27.357
1.113 26.452
1.114 26.606
1.115 27.273
1.116 27.05
1.117 26.582
1.118 27.454
1.119 28.869
1.12 27.88
1.121 25.236
1.122 25.386
1.123 27.987
1.124 28.697
1.125 27.58
1.126 26.957
1.127 26.116
1.128 25.601
1.129 26.008
1.13 26.239
1.131 26.378
1.132 26.234
1.133 26.214
1.134 27.28
1.135 28.051
1.136 27.713
1.137 26.501
1.138 25.182
1.139 24.957
1.14 25.517
1.141 26.029
1.142 26.159
1.143 25.486
1.144 23.835
1.145 22.021
1.146 21.224
1.147 21.113
1.148 21.055
1.149 21.781
1.15 23.575
1.151 24.98
1.152 24.576
1.153 23.044
1.154 21.882
1.155 21.826
1.156 22.828
1.157 24.11
1.158 24.506
1.159 23.555
1.16 22.218
1.161 21.562
1.162 21.407
1.163 21.541
1.164 21.737
1.165 21.809
1.166 22.44
1.167 23.357
1.168 22.997
1.169 21.915
1.17 21.541
1.171 22.216
1.172 23.028
1.173 23.243
1.174 23.333
1.175 22.979
1.176 21.96
1.177 20.855
1.178 20.226
1.179 21.014
1.18 22.62
1.181 23.444
1.182 23.77
1.183 24.017
1.184 23.407
1.185 22.517
1.186 22.207
1.187 21.943
1.188 20.773
1.189 19.71
1.19 20.159
1.191 20.892
1.192 20.793
1.193 21.331
1.194 22.548
1.195 22.084
1.196 20.086
1.197 19.414
1.198 20.512
1.199 21.557
1.2 21.975
1.201 22.04
1.202 21.467
1.203 20.723
1.204 20.837
1.205 21.586
1.206 21.769
1.207 20.752
1.208 19.699
1.209 19.926
1.21 21.098
1.211 22.347
1.212 22.335
1.213 20.687
1.214 19.36
1.215 19.603
1.216 19.471
1.217 19.004
1.218 20.185
1.219 22.466
1.22 23.593
1.221 23.333
1.222 22.626
1.223 21.712
1.224 21.168
1.225 21.487
1.226 21.916
1.227 22.378
1.228 22.764
1.229 22.516
1.23 21.819
1.231 20.974
1.232 20.534
1.233 20.891
1.234 21.543
1.235 22.123
1.236 22.442
1.237 22.186
1.238 22.66
1.239 24.28
1.24 24.588
1.241 23.119
1.242 21.869
1.243 21.468
1.244 21.333
1.245 21.606
1.246 22.784
1.247 24.549
1.248 25.666
1.249 25.259
1.25 23.576
1.251 22.481
1.252 22.257
1.253 21.886
1.254 22.432
1.255 24.262
1.256 25.495
1.257 24.904
1.258 23.964
1.259 24.356
1.26 24.852
1.261 24.214
1.262 23.25
1.263 22.764
1.264 22.616
1.265 23.614
1.266 25.496
1.267 26.294
1.268 25.314
1.269 23.555
1.27 21.85
1.271 20.876
1.272 20.925
1.273 21.214
1.274 21.656
1.275 22.778
1.276 24.014
1.277 24.387
1.278 23.989
1.279 23.341
1.28 22.344
1.281 21.377
1.282 21.908
1.283 23.476
1.284 23.858
1.285 22.915
1.286 22.632
1.287 23.596
1.288 24.334
1.289 23.51
1.29 21.713
1.291 20.987
1.292 22.081
1.293 23.767
1.294 24.253
1.295 23.512
1.296 22.098
1.297 20.867
1.298 20.932
1.299 21.741
1.3 22.178
1.301 23.021
1.302 24.54
1.303 25.918
1.304 25.743
1.305 23.741
1.306 21.625
1.307 20.475
1.308 20.164
1.309 20.859
1.31 21.237
1.311 20.512
1.312 20.085
1.313 20.637
1.314 21.905
1.315 23.388
1.316 24.279
1.317 23.325
1.318 21.385
1.319 20.25
1.32 20.499
1.321 20.79
1.322 19.524
1.323 17.898
1.324 18.133
1.325 20.153
1.326 21.751
1.327 21.611
1.328 21.524
1.329 21.975
1.33 21.663
1.331 20.964
1.332 21.109
1.333 20.794
1.334 18.601
1.335 16.83
1.336 17.405
1.337 19.279
1.338 20.292
1.339 20.021
1.34 19.401
1.341 18.623
1.342 17.563
1.343 17.348
1.344 17.663
1.345 18.33
1.346 19.821
1.347 20.675
1.348 20.17
1.349 19.836
1.35 19.153
1.351 17.376
1.352 16.393
1.353 16.946
1.354 17.239
1.355 16.988
1.356 17.489
1.357 18.74
1.358 19.506
1.359 19.497
1.36 19.012
1.361 18.129
1.362 16.611
1.363 14.759
1.364 13.835
1.365 14.149
1.366 14.951
1.367 15.329
1.368 15.721
1.369 17.068
1.37 17.585
1.371 15.845
1.372 13.287
1.373 12.42
1.374 13.569
1.375 14.105
1.376 13.098
1.377 13.173
1.378 14.908
1.379 16.179
1.38 16.619
1.381 15.958
1.382 13.741
1.383 11.552
1.384 10.69
1.385 11.189
1.386 11.57
1.387 11.318
1.388 11.991
1.389 13.851
1.39 15.052
1.391 15.091
1.392 13.664
1.393 12.427
1.394 12.581
1.395 12.214
1.396 10.274
1.397 8.265
1.398 8.293
1.399 10.93
1.4 12.923
1.401 12.878
1.402 13.134
1.403 14.023
1.404 13.991
1.405 13.04
1.406 11.754
1.407 10.386
1.408 9.289
1.409 9.147
1.41 9.586
1.411 9.917
1.412 9.65
1.413 8.62
1.414 8.438
1.415 9.218
1.416 8.953
1.417 8.274
1.418 8.756
1.419 9.581
1.42 10.438
1.421 11.257
1.422 10.355
1.423 8.086
1.424 6.747
1.425 6.766
1.426 7.802
1.427 9.408
1.428 10.402
1.429 11.531
1.43 12.646
1.431 12.598
1.432 11.509
1.433 9.496
1.434 7.95
1.435 8.577
1.436 10.797
1.437 11.441
1.438 9.758
1.439 8.011
1.44 7.557
1.441 8.165
1.442 8.386
1.443 7.083
1.444 6.198
1.445 7.341
1.446 9.187
1.447 10.344
1.448 10.692
1.449 10.946
1.45 10.751
1.451 10.563
1.452 11.445
1.453 12.73
1.454 12.909
1.455 11.672
1.456 9.956
1.457 9.109
1.458 9.723
1.459 10.548
1.46 10.696
1.461 10.444
1.462 10.034
1.463 9.775
1.464 10.198
1.465 10.718
1.466 10.406
1.467 9.491
1.468 8.86
1.469 10.148
1.47 11.752
1.471 11.22
1.472 9.313
1.473 8.45
1.474 9.276
1.475 9.075
1.476 6.851
1.477 5.524
1.478 6.806
1.479 8.283
1.48 9.243
1.481 10.018
1.482 9.381
1.483 9.215
1.484 10.891
1.485 12.546
1.486 13.878
1.487 13.91
1.488 11.996
1.489 10.746
1.49 10.107
1.491 8.847
1.492 8.647
1.493 8.957
1.494 8.623
1.495 8.015
1.496 8.306
1.497 10.884
1.498 14.44
1.499 14.375
1.5 10.752
1.501 8.833
1.502 9.557
1.503 9.512
1.504 8.713
1.505 9.003
1.506 10.075
1.507 10.791
1.508 10.658
1.509 11.286
1.51 13.286
1.511 12.909
1.512 10.0
1.513 8.169
1.514 9.005
1.515 11.019
1.516 12.631
1.517 12.885
1.518 11.405
1.519 10.294
1.52 11.609
1.521 12.611
1.522 11.637
1.523 9.591
1.524 8.907
1.525 10.992
1.526 11.72
1.527 10.518
1.528 10.412
1.529 11.068
1.53 12.155
1.531 11.507
1.532 10.462
1.533 12.097
1.534 14.258
1.535 14.297
1.536 12.591
1.537 12.19
1.538 12.969
1.539 11.795
1.54 9.145
1.541 9.166
1.542 10.541
1.543 10.321
1.544 9.859
1.545 9.964
1.546 9.004
1.547 9.554
1.548 11.948
1.549 14.093
1.55 14.252
1.551 10.899
1.552 8.703
1.553 12.712
1.554 18.153
1.555 17.569
1.556 14.119
1.557 13.195
1.558 11.969
1.559 10.328
1.56 9.71
1.561 9.289
1.562 10.153
1.563 12.717
1.564 14.421
1.565 13.317
1.566 12.739
1.567 13.987
1.568 12.432
1.569 8.895
1.57 7.363
1.571 8.703
1.572 10.938
1.573 14.469
1.574 16.947
1.575 15.991
1.576 14.249
1.577 12.921
1.578 12.451
1.579 11.906
1.58 11.241
1.581 12.786
1.582 14.686
1.583 11.415
1.584 10.475
1.585 12.748
1.586 15.418
1.587 17.577
1.588 14.062
1.589 14.107
1.59 18.022
1.591 18.149
1.592 16.253
1.593 15.562
1.594 14.385
1.595 11.801
1.596 10.261
1.597 11.35
1.598 13.788
1.599 16.417
1.6 17.395
1.601 14.662
1.602 11.705
1.603 13.818
1.604 12.873
1.605 11.94
1.606 14.447
1.607 13.682
1.608 9.307
1.609 9.635
1.61 15.886
1.611 19.522
1.612 17.98
1.613 15.279
1.614 13.783
1.615 14.5
1.616 16.642
1.617 18.338
1.618 14.47
1.619 8.983
1.62 9.359
1.621 12.827
1.622 17.374
1.623 18.965
1.624 17.09
1.625 13.955
1.626 11.038
1.627 10.181
1.628 13.698
1.629 16.213
1.63 15.261
1.631 16.248
1.632 16.904
1.633 14.701
1.634 11.354
1.635 12.427
1.636 16.938
1.637 16.161
1.638 15.632
1.639 16.0
1.64 17.768
1.641 18.788
1.642 12.799
1.643 9.839
1.644 11.079
1.645 14.515
1.646 18.436
1.647 19.059
1.648 18.296
1.649 15.852
1.65 12.627
1.651 13.853
1.652 13.81
1.653 11.364
1.654 11.138
1.655 16.215
1.656 22.374
1.657 20.694
1.658 17.195
1.659 10.245
1.66 7.243
1.661 15.44
1.662 13.361
1.663 10.177
1.664 14.437
1.665 19.09
1.666 15.361
1.667 10.056
1.668 13.594
1.669 13.71
1.67 13.755
1.671 11.88
1.672 16.741
1.673 28.681
1.674 25.024
1.675 17.11
1.676 13.8
1.677 11.86
1.678 6.736
1.679 7.877
1.68 14.909
1.681 16.979
1.682 21.189
1.683 20.337
1.684 17.138
1.685 15.708
1.686 7.993
1.687 25.88
1.688 20.035
1.689 18.519
1.69 16.606
1.691 9.464
1.692 13.748
1.693 34.519
1.694 19.136
1.695 6.263
1.696 17.094
1.697 23.25
1.698 19.385
1.699 27.062
1.7 4.692
