0.66 36.5
0.661 35.566
0.662 44.988
0.663 39.398
0.664 36.31
0.665 38.993
0.666 42.254
0.667 41.629
0.668 32.084
0.669 36.13
0.67 40.276
0.671 41.045
0.672 40.063
0.673 40.963
0.674 43.75
0.675 36.573
0.676 36.454
0.677 39.9
0.678 43.11
0.679 36.426
0.68 37.37
0.681 39.617
0.682 36.667
0.683 36.581
0.684 40.325
0.685 38.669
0.686 35.385
0.687 39.982
0.688 38.704
0.689 39.381
0.69 37.998
0.691 43.3
0.692 46.373
0.693 36.708
0.694 30.204
0.695 33.577
0.696 37.289
0.697 41.265
0.698 36.244
0.699 37.06
0.7 40.789
0.701 34.905
0.702 34.081
0.703 38.336
0.704 40.208
0.705 39.853
0.706 40.33
0.707 38.116
0.708 34.9
0.709 37.773
0.71 39.337
0.711 39.087
0.712 39.565
0.713 38.576
0.714 37.106
0.715 35.336
0.716 38.552
0.717 38.381
0.718 38.777
0.719 34.501
0.72 34.757
0.721 38.188
0.722 38.515
0.723 38.65
0.724 36.752
0.725 37.839
0.726 40.169
0.727 40.972
0.728 37.024
0.729 36.336
0.73 35.693
0.731 35.948
0.732 35.504
0.733 36.707
0.734 37.029
0.735 37.067
0.736 37.345
0.737 36.771
0.738 34.123
0.739 34.401
0.74 36.674
0.741 36.007
0.742 35.323
0.743 36.748
0.744 36.283
0.745 34.145
0.746 35.428
0.747 38.261
0.748 37.313
0.749 36.727
0.75 35.888
0.751 34.032
0.752 35.678
0.753 37.812
0.754 36.41
0.755 36.094
0.756 37.206
0.757 37.675
0.758 35.611
0.759 33.984
0.76 34.627
0.761 36.445
0.762 37.981
0.763 37.282
0.764 35.536
0.765 34.991
0.766 36.278
0.767 36.613
0.768 34.563
0.769 34.452
0.77 36.967
0.771 37.129
0.772 34.371
0.773 33.808
0.774 36.714
0.775 38.065
0.776 35.724
0.777 33.257
0.778 34.579
0.779 36.859
0.78 36.638
0.781 35.762
0.782 35.886
0.783 36.711
0.784 35.938
0.785 34.943
0.786 35.114
0.787 35.061
0.788 35.531
0.789 36.753
0.79 36.014
0.791 35.702
0.792 36.356
0.793 36.433
0.794 36.04
0.795 35.995
0.796 35.775
0.797 35.651
0.798 34.737
0.799 33.85
0.8 34.752
0.801 36.379
0.802 37.552
0.803 36.783
0.804 35.496
0.805 35.465
0.806 35.776
0.807 35.072
0.808 34.154
0.809 34.9
0.81 36.271
0.811 35.506
0.812 33.602
0.813 33.454
0.814 34.722
0.815 36.041
0.816 36.911
0.817 37.246
0.818 36.039
0.819 34.744
0.82 34.634
0.821 34.681
0.822 34.975
0.823 35.921
0.824 35.739
0.825 34.005
0.826 32.907
0.827 32.701
0.828 33.833
0.829 34.48
0.83 34.508
0.831 34.608
0.832 35.128
0.833 35.942
0.834 35.319
0.835 34.493
0.836 34.816
0.837 34.235
0.838 33.069
0.839 33.583
0.84 34.518
0.841 34.677
0.842 34.766
0.843 35.364
0.844 35.307
0.845 33.729
0.846 33.764
0.847 35.505
0.848 35.16
0.849 33.442
0.85 33.577
0.851 34.635
0.852 35.053
0.853 35.38
0.854 35.337
0.855 34.787
0.856 34.629
0.857 35.338
0.858 36.264
0.859 35.469
0.86 33.911
0.861 33.417
0.862 33.764
0.863 34.302
0.864 33.476
0.865 32.055
0.866 32.39
0.867 33.369
0.868 33.615
0.869 34.163
0.87 34.289
0.871 33.694
0.872 33.275
0.873 32.884
0.874 33.01
0.875 33.821
0.876 34.412
0.877 34.48
0.878 33.659
0.879 32.891
0.88 33.205
0.881 33.518
0.882 33.552
0.883 33.173
0.884 32.694
0.885 32.51
0.886 32.032
0.887 32.928
0.888 34.318
0.889 33.971
0.89 33.693
0.891 33.737
0.892 33.276
0.893 33.037
0.894 33.79
0.895 35.6
0.896 36.323
0.897 34.501
0.898 32.293
0.899 31.676
0.9 31.263
0.901 30.933
0.902 31.639
0.903 32.3
0.904 33.241
0.905 34.663
0.906 34.965
0.907 33.945
0.908 32.907
0.909 32.626
0.91 33.579
0.911 34.833
0.912 35.189
0.913 35.051
0.914 34.867
0.915 33.929
0.916 32.513
0.917 32.114
0.918 32.391
0.919 32.533
0.92 32.856
0.921 33.25
0.922 32.878
0.923 32.675
0.924 33.405
0.925 33.249
0.926 32.003
0.927 32.246
0.928 34.183
0.929 35.007
0.93 34.212
0.931 33.026
0.932 31.781
0.933 31.521
0.934 32.024
0.935 31.969
0.936 31.157
0.937 31.013
0.938 32.083
0.939 32.777
0.94 32.787
0.941 32.823
0.942 32.712
0.943 32.506
0.944 32.397
0.945 31.647
0.946 31.18
0.947 31.055
0.948 31.098
0.949 31.506
0.95 31.433
0.951 30.678
0.952 30.567
0.953 31.418
0.954 30.691
0.955 30.061
0.956 30.541
0.957 30.278
0.958 29.128
0.959 29.834
0.96 30.619
0.961 30.357
0.962 29.363
0.963 28.725
0.964 28.733
0.965 28.606
0.966 28.634
0.967 29.555
0.968 29.763
0.969 29.733
0.97 30.042
0.971 29.799
0.972 30.003
0.973 29.894
0.974 28.232
0.975 27.903
0.976 29.752
0.977 29.231
0.978 27.611
0.979 27.377
0.98 28.151
0.981 29.032
0.982 30.535
0.983 29.947
0.984 27.498
0.985 27.268
0.986 28.071
0.987 28.699
0.988 28.141
0.989 28.212
0.99 29.649
0.991 29.137
0.992 28.494
0.993 29.249
0.994 29.137
0.995 27.927
0.996 27.57
0.997 28.002
0.998 27.83
0.999 27.774
1.0 27.173
1.001 26.936
1.002 27.474
1.003 27.959
1.004 29.19
1.005 29.301
1.006 27.744
1.007 27.292
1.008 28.671
1.009 29.19
1.01 28.005
1.011 27.812
1.012 28.865
1.013 28.626
1.014 28.801
1.015 29.286
1.016 27.724
1.017 26.689
1.018 26.352
1.019 27.666
1.02 28.745
1.021 29.13
1.022 29.196
1.023 28.93
1.024 28.475
1.025 28.002
1.026 28.303
1.027 28.595
1.028 29.085
1.029 29.711
1.03 29.65
1.031 29.101
1.032 28.906
1.033 28.948
1.034 28.624
1.035 27.095
1.036 26.688
1.037 26.834
1.038 27.467
1.039 28.368
1.04 29.34
1.041 30.548
1.042 30.169
1.043 27.484
1.044 27.138
1.045 29.049
1.046 29.84
1.047 29.459
1.048 29.473
1.049 30.432
1.05 30.536
1.051 29.92
1.052 29.478
1.053 28.479
1.054 28.822
1.055 30.193
1.056 29.958
1.057 29.066
1.058 29.002
1.059 28.766
1.06 28.913
1.061 29.672
1.062 30.176
1.063 30.788
1.064 31.297
1.065 30.663
1.066 29.458
1.067 28.49
1.068 28.542
1.069 29.87
1.07 29.976
1.071 29.293
1.072 29.314
1.073 29.45
1.074 28.98
1.075 28.545
1.076 29.027
1.077 29.491
1.078 29.131
1.079 28.695
1.08 29.389
1.081 30.211
1.082 30.044
1.083 30.281
1.084 30.68
1.085 30.414
1.086 30.603
1.087 30.323
1.088 29.53
1.089 29.63
1.09 30.105
1.091 29.511
1.092 28.341
1.093 28.424
1.094 30.035
1.095 31.17
1.096 31.195
1.097 30.512
1.098 29.393
1.099 28.401
1.1 28.144
1.101 28.55
1.102 29.165
1.103 29.441
1.104 30.024
1.105 31.505
1.106 31.812
1.107 30.243
1.108 29.289
1.109 29.635
1.11 30.079
1.111 30.064
1.112 29.246
1.113 28.224
1.114 28.328
1.115 29.289
1.116 29.439
1.117 28.23
1.118 27.91
1.119 29.476
1.12 29.563
1.121 27.461
1.122 27.326
1.123 29.672
1.124 30.3
1.125 28.436
1.126 27.24
1.127 27.099
1.128 27.413
1.129 28.025
1.13 28.16
1.131 27.814
1.132 27.631
1.133 28.325
1.134 29.18
1.135 28.971
1.136 28.402
1.137 27.82
1.138 26.958
1.139 26.565
1.14 26.935
1.141 27.234
1.142 27.442
1.143 26.891
1.144 25.058
1.145 23.598
1.146 23.382
1.147 22.974
1.148 22.272
1.149 23.214
1.15 25.312
1.151 26.311
1.152 25.551
1.153 24.192
1.154 23.617
1.155 24.138
1.156 25.034
1.157 25.329
1.158 25.152
1.159 24.922
1.16 24.027
1.161 23.008
1.162 22.799
1.163 22.831
1.164 22.626
1.165 22.695
1.166 24.002
1.167 25.641
1.168 25.115
1.169 23.197
1.17 22.46
1.171 23.429
1.172 24.776
1.173 25.03
1.174 24.405
1.175 23.417
1.176 22.661
1.177 22.227
1.178 21.861
1.179 22.676
1.18 24.091
1.181 24.398
1.182 24.41
1.183 24.461
1.184 23.65
1.185 23.018
1.186 23.26
1.187 23.359
1.188 22.269
1.189 21.404
1.19 22.138
1.191 23.01
1.192 23.072
1.193 23.733
1.194 24.648
1.195 23.721
1.196 21.522
1.197 20.868
1.198 22.398
1.199 23.677
1.2 23.663
1.201 23.369
1.202 23.1
1.203 22.736
1.204 22.857
1.205 23.563
1.206 24.181
1.207 24.138
1.208 23.326
1.209 22.661
1.21 22.956
1.211 23.735
1.212 23.351
1.213 21.498
1.214 20.573
1.215 21.776
1.216 22.702
1.217 22.739
1.218 23.23
1.219 24.313
1.22 25.331
1.221 25.535
1.222 24.487
1.223 23.284
1.224 23.036
1.225 23.446
1.226 23.693
1.227 24.283
1.228 24.641
1.229 23.902
1.23 23.001
1.231 22.483
1.232 22.342
1.233 22.762
1.234 22.904
1.235 22.384
1.236 22.377
1.237 23.054
1.238 24.112
1.239 25.861
1.24 26.476
1.241 25.213
1.242 23.777
1.243 23.116
1.244 22.824
1.245 23.097
1.246 24.324
1.247 25.473
1.248 25.777
1.249 25.127
1.25 24.241
1.251 24.23
1.252 24.244
1.253 23.675
1.254 24.207
1.255 26.029
1.256 26.869
1.257 25.652
1.258 24.784
1.259 25.974
1.26 26.902
1.261 25.923
1.262 24.023
1.263 22.606
1.264 22.525
1.265 24.477
1.266 26.82
1.267 27.806
1.268 26.912
1.269 25.148
1.27 23.984
1.271 23.369
1.272 22.851
1.273 22.644
1.274 23.122
1.275 24.306
1.276 25.336
1.277 25.298
1.278 24.647
1.279 24.147
1.28 23.275
1.281 22.095
1.282 22.265
1.283 23.927
1.284 24.881
1.285 24.516
1.286 24.766
1.287 26.223
1.288 26.731
1.289 25.103
1.29 22.553
1.291 21.322
1.292 21.792
1.293 23.404
1.294 24.836
1.295 25.188
1.296 23.843
1.297 22.125
1.298 21.904
1.299 22.817
1.3 23.71
1.301 24.963
1.302 26.605
1.303 27.371
1.304 25.986
1.305 23.62
1.306 22.484
1.307 22.506
1.308 22.056
1.309 21.484
1.31 21.538
1.311 20.989
1.312 20.362
1.313 20.637
1.314 22.031
1.315 24.182
1.316 25.29
1.317 23.797
1.318 21.486
1.319 20.837
1.32 22.052
1.321 23.207
1.322 22.178
1.323 19.834
1.324 18.818
1.325 20.077
1.326 21.443
1.327 21.1
1.328 20.967
1.329 21.874
1.33 22.934
1.331 23.82
1.332 23.881
1.333 21.863
1.334 18.217
1.335 16.081
1.336 16.545
1.337 18.156
1.338 18.546
1.339 18.024
1.34 18.705
1.341 19.809
1.342 19.849
1.343 19.654
1.344 19.689
1.345 20.174
1.346 21.167
1.347 21.472
1.348 20.516
1.349 19.069
1.35 17.206
1.351 15.694
1.352 16.367
1.353 18.406
1.354 19.633
1.355 19.984
1.356 19.887
1.357 19.47
1.358 19.018
1.359 18.649
1.36 18.791
1.361 18.795
1.362 17.642
1.363 15.292
1.364 13.694
1.365 13.755
1.366 14.558
1.367 15.329
1.368 16.333
1.369 18.202
1.37 18.853
1.371 16.451
1.372 13.232
1.373 12.42
1.374 13.931
1.375 15.51
1.376 15.361
1.377 15.099
1.378 16.068
1.379 16.577
1.38 15.986
1.381 14.397
1.382 12.731
1.383 12.594
1.384 13.166
1.385 13.316
1.386 13.285
1.387 12.685
1.388 11.845
1.389 12.286
1.39 14.129
1.391 15.409
1.392 14.482
1.393 13.102
1.394 12.552
1.395 12.065
1.396 11.449
1.397 10.939
1.398 11.027
1.399 12.289
1.4 12.923
1.401 12.315
1.402 12.304
1.403 13.191
1.404 13.632
1.405 13.1
1.406 11.845
1.407 10.294
1.408 8.397
1.409 7.756
1.41 9.4
1.411 11.913
1.412 12.876
1.413 11.493
1.414 9.603
1.415 9.0
1.416 8.83
1.417 8.616
1.418 8.567
1.419 8.415
1.42 8.719
1.421 9.323
1.422 9.602
1.423 9.002
1.424 7.951
1.425 7.338
1.426 8.088
1.427 10.227
1.428 12.256
1.429 13.564
1.43 14.133
1.431 14.206
1.432 13.515
1.433 11.69
1.434 9.906
1.435 9.812
1.436 11.154
1.437 11.669
1.438 10.249
1.439 8.176
1.44 7.59
1.441 8.397
1.442 8.684
1.443 7.15
1.444 6.231
1.445 7.848
1.446 10.344
1.447 12.079
1.448 12.525
1.449 12.297
1.45 11.753
1.451 11.06
1.452 12.379
1.453 14.364
1.454 13.873
1.455 12.287
1.456 11.239
1.457 10.125
1.458 9.278
1.459 10.307
1.46 11.862
1.461 11.122
1.462 9.116
1.463 8.7
1.464 10.586
1.465 12.734
1.466 13.315
1.467 12.4
1.468 11.154
1.469 11.804
1.47 12.702
1.471 11.254
1.472 8.685
1.473 7.609
1.474 8.573
1.475 10.099
1.476 10.153
1.477 9.101
1.478 8.933
1.479 9.568
1.48 10.6
1.481 11.087
1.482 9.739
1.483 8.641
1.484 10.206
1.485 12.875
1.486 14.207
1.487 14.09
1.488 13.352
1.489 12.174
1.49 10.321
1.491 8.954
1.492 9.114
1.493 9.676
1.494 9.601
1.495 10.237
1.496 12.296
1.497 14.476
1.498 15.052
1.499 12.717
1.5 10.789
1.501 11.368
1.502 11.717
1.503 10.641
1.504 9.853
1.505 10.007
1.506 10.375
1.507 10.453
1.508 10.06
1.509 10.574
1.51 12.495
1.511 13.173
1.512 12.038
1.513 11.233
1.514 10.859
1.515 10.299
1.516 10.757
1.517 12.328
1.518 12.933
1.519 12.368
1.52 13.985
1.521 15.812
1.522 15.071
1.523 12.244
1.524 9.977
1.525 10.761
1.526 12.218
1.527 12.591
1.528 12.315
1.529 11.185
1.53 11.806
1.531 13.387
1.532 13.912
1.533 14.562
1.534 14.527
1.535 12.721
1.536 11.44
1.537 12.152
1.538 12.539
1.539 11.124
1.54 9.739
1.541 10.707
1.542 12.371
1.543 11.727
1.544 9.899
1.545 9.802
1.546 10.558
1.547 12.633
1.548 15.181
1.549 16.39
1.55 15.681
1.551 12.848
1.552 11.353
1.553 13.857
1.554 16.265
1.555 13.105
1.556 9.774
1.557 10.83
1.558 11.35
1.559 9.016
1.56 7.874
1.561 9.7
1.562 11.894
1.563 13.67
1.564 15.702
1.565 16.873
1.566 16.57
1.567 15.494
1.568 12.013
1.569 8.6
1.57 8.091
1.571 10.599
1.572 13.792
1.573 17.509
1.574 19.554
1.575 19.104
1.576 14.853
1.577 11.366
1.578 11.241
1.579 12.12
1.58 12.587
1.581 13.145
1.582 15.093
1.583 13.742
1.584 14.04
1.585 14.304
1.586 14.068
1.587 16.112
1.588 14.375
1.589 14.911
1.59 18.382
1.591 18.376
1.592 16.117
1.593 14.118
1.594 13.367
1.595 12.835
1.596 11.635
1.597 12.337
1.598 13.834
1.599 14.967
1.6 15.562
1.601 14.135
1.602 12.524
1.603 16.049
1.604 15.807
1.605 13.922
1.606 12.992
1.607 11.116
1.608 11.246
1.609 13.139
1.61 15.983
1.611 19.809
1.612 19.671
1.613 16.308
1.614 14.328
1.615 14.65
1.616 15.439
1.617 16.625
1.618 16.161
1.619 12.407
1.62 10.961
1.621 12.626
1.622 16.919
1.623 20.4
1.624 19.316
1.625 17.302
1.626 14.667
1.627 11.492
1.628 11.719
1.629 14.187
1.63 13.595
1.631 12.453
1.632 14.639
1.633 17.071
1.634 15.175
1.635 13.653
1.636 16.124
1.637 16.161
1.638 16.068
1.639 16.324
1.64 18.202
1.641 16.804
1.642 12.354
1.643 11.738
1.644 13.365
1.645 17.097
1.646 20.945
1.647 20.727
1.648 18.534
1.649 17.089
1.65 15.128
1.651 15.955
1.652 15.598
1.653 13.575
1.654 13.28
1.655 16.034
1.656 22.498
1.657 25.771
1.658 21.784
1.659 11.566
1.66 6.844
1.661 15.966
1.662 17.723
1.663 12.155
1.664 11.197
1.665 17.988
1.666 14.895
1.667 6.758
1.668 12.673
1.669 17.351
1.67 20.675
1.671 16.325
1.672 13.339
1.673 21.752
1.674 23.033
1.675 19.582
1.676 10.722
1.677 10.93
1.678 9.408
1.679 12.329
1.68 16.97
1.681 18.182
1.682 22.093
1.683 17.952
1.684 14.623
1.685 18.507
1.686 16.327
1.687 28.697
1.688 22.3
1.689 11.111
1.69 16.788
1.691 10.0
1.692 1.318
1.693 17.992
1.694 27.984
1.695 25.702
1.696 33.761
1.697 15.0
1.698 3.31
1.699 24.485
1.7 14.663
