0.66 40.5
0.661 32.4
0.662 41.932
0.663 38.072
0.664 37.262
0.665 43.677
0.666 42.371
0.667 39.14
0.668 31.974
0.669 38.702
0.67 39.745
0.671 38.913
0.672 39.112
0.673 37.968
0.674 40.984
0.675 33.667
0.676 36.056
0.677 39.9
0.678 43.504
0.679 35.84
0.68 36.045
0.681 38.373
0.682 32.762
0.683 34.926
0.684 39.512
0.685 37.5
0.686 33.213
0.687 36.941
0.688 36.34
0.689 38.091
0.69 35.623
0.691 38.61
0.692 40.994
0.693 33.909
0.694 32.98
0.695 33.658
0.696 36.568
0.697 39.289
0.698 31.917
0.699 32.925
0.7 36.842
0.701 32.319
0.702 31.839
0.703 36.924
0.704 37.751
0.705 35.971
0.706 35.817
0.707 36.403
0.708 35.399
0.709 37.984
0.71 37.75
0.711 36.4
0.712 35.554
0.713 35.458
0.714 34.494
0.715 33.573
0.716 35.682
0.717 35.484
0.718 38.777
0.719 34.565
0.72 32.427
0.721 32.945
0.722 35.746
0.723 36.564
0.724 35.653
0.725 34.822
0.726 34.604
0.727 35.873
0.728 34.18
0.729 34.281
0.73 33.195
0.731 35.07
0.732 34.755
0.733 33.562
0.734 32.629
0.735 34.11
0.736 35.096
0.737 35.37
0.738 33.785
0.739 33.614
0.74 34.967
0.741 33.552
0.742 32.23
0.743 34.583
0.744 33.665
0.745 31.922
0.746 34.213
0.747 36.648
0.748 34.47
0.749 34.39
0.75 34.386
0.751 32.345
0.752 33.537
0.753 35.573
0.754 34.686
0.755 34.287
0.756 35.103
0.757 35.571
0.758 33.067
0.759 31.882
0.76 32.056
0.761 32.125
0.762 34.227
0.763 35.88
0.764 35.01
0.765 33.665
0.766 34.577
0.767 34.957
0.768 33.428
0.769 33.837
0.77 35.829
0.771 34.541
0.772 31.491
0.773 31.511
0.774 33.915
0.775 34.516
0.776 32.782
0.777 31.747
0.778 33.303
0.779 35.225
0.78 34.7
0.781 34.153
0.782 34.461
0.783 34.667
0.784 32.759
0.785 32.221
0.786 33.406
0.787 33.145
0.788 32.451
0.789 32.868
0.79 33.872
0.791 34.711
0.792 34.355
0.793 33.746
0.794 33.419
0.795 33.817
0.796 34.251
0.797 33.628
0.798 32.337
0.799 32.468
0.8 33.876
0.801 34.71
0.802 35.137
0.803 34.372
0.804 33.595
0.805 33.62
0.806 33.647
0.807 32.32
0.808 31.199
0.809 32.284
0.81 33.631
0.811 33.401
0.812 32.231
0.813 31.97
0.814 33.0
0.815 34.329
0.816 35.366
0.817 35.409
0.818 33.628
0.819 31.869
0.82 31.688
0.821 32.66
0.822 33.021
0.823 32.677
0.824 32.729
0.825 32.262
0.826 32.016
0.827 32.701
0.828 33.833
0.829 33.601
0.83 32.133
0.831 31.981
0.832 34.082
0.833 35.059
0.834 33.384
0.835 32.035
0.836 31.889
0.837 31.455
0.838 31.028
0.839 31.37
0.84 31.975
0.841 32.214
0.842 32.449
0.843 33.346
0.844 33.706
0.845 32.32
0.846 31.993
0.847 33.236
0.848 33.091
0.849 32.426
0.85 33.431
0.851 34.307
0.852 33.89
0.853 33.527
0.854 33.188
0.855 32.643
0.856 32.289
0.857 33.06
0.858 34.562
0.859 34.395
0.86 32.828
0.861 31.975
0.862 31.97
0.863 32.149
0.864 31.545
0.865 30.635
0.866 30.799
0.867 31.146
0.868 31.116
0.869 31.99
0.87 32.961
0.871 33.066
0.872 32.754
0.873 31.881
0.874 31.033
0.875 31.139
0.876 32.255
0.877 33.507
0.878 33.101
0.879 31.807
0.88 31.252
0.881 31.228
0.882 31.412
0.883 31.832
0.884 31.803
0.885 31.173
0.886 30.511
0.887 31.363
0.888 32.337
0.889 31.989
0.89 32.476
0.891 33.183
0.892 32.727
0.893 32.318
0.894 32.899
0.895 33.96
0.896 34.243
0.897 33.024
0.898 31.634
0.899 31.12
0.9 30.124
0.901 29.115
0.902 29.646
0.903 30.647
0.904 31.652
0.905 33.067
0.906 33.438
0.907 32.629
0.908 32.043
0.909 31.652
0.91 31.788
0.911 33.005
0.912 34.104
0.913 34.28
0.914 33.708
0.915 32.177
0.916 30.721
0.917 30.444
0.918 30.78
0.919 31.279
0.92 31.89
0.921 32.498
0.922 32.267
0.923 32.136
0.924 32.687
0.925 31.729
0.926 29.659
0.927 29.645
0.928 31.452
0.929 32.351
0.93 32.234
0.931 32.031
0.932 31.855
0.933 31.743
0.934 31.208
0.935 30.071
0.936 29.328
0.937 29.859
0.938 31.155
0.939 31.886
0.94 32.042
0.941 32.263
0.942 32.301
0.943 31.877
0.944 31.363
0.945 30.681
0.946 29.985
0.947 30.201
0.948 31.024
0.949 31.944
0.95 31.506
0.951 30.494
0.952 30.382
0.953 30.645
0.954 30.8
0.955 30.675
0.956 29.86
0.957 28.495
0.958 27.675
0.959 28.813
0.96 30.028
0.961 29.353
0.962 27.969
0.963 27.685
0.964 27.945
0.965 27.89
0.966 27.789
0.967 28.923
0.968 29.73
0.969 29.832
0.97 29.421
0.971 28.599
0.972 28.613
0.973 28.351
0.974 27.725
0.975 27.466
0.976 28.669
0.977 28.369
0.978 28.1
0.979 28.008
0.98 27.675
0.981 27.582
0.982 28.166
0.983 27.7
0.984 26.041
0.985 26.464
0.986 27.563
0.987 27.72
0.988 27.052
0.989 27.328
0.99 28.396
0.991 27.672
0.992 26.463
0.993 27.909
0.994 28.526
0.995 28.112
0.996 27.387
0.997 26.19
0.998 25.286
0.999 25.333
1.0 25.645
1.001 25.741
1.002 25.357
1.003 25.451
1.004 26.868
1.005 27.952
1.006 27.312
1.007 26.461
1.008 26.944
1.009 27.546
1.01 26.881
1.011 26.454
1.012 27.42
1.013 27.201
1.014 26.498
1.015 26.762
1.016 25.47
1.017 24.276
1.018 24.223
1.019 25.61
1.02 26.358
1.021 26.651
1.022 26.713
1.023 26.542
1.024 26.74
1.025 26.597
1.026 26.955
1.027 26.979
1.028 26.527
1.029 26.476
1.03 25.874
1.031 26.025
1.032 27.131
1.033 27.601
1.034 27.054
1.035 25.35
1.036 24.8
1.037 24.8
1.038 25.289
1.039 25.822
1.04 26.917
1.041 28.639
1.042 28.034
1.043 25.178
1.044 24.181
1.045 25.928
1.046 27.725
1.047 27.12
1.048 26.309
1.049 26.832
1.05 27.204
1.051 27.346
1.052 27.1
1.053 26.006
1.054 26.904
1.055 28.338
1.056 27.288
1.057 25.883
1.058 26.303
1.059 26.745
1.06 26.14
1.061 25.829
1.062 26.957
1.063 28.469
1.064 28.474
1.065 27.199
1.066 26.337
1.067 25.925
1.068 25.907
1.069 27.278
1.07 27.847
1.071 26.713
1.072 25.848
1.073 26.366
1.074 26.918
1.075 26.243
1.076 25.545
1.077 26.108
1.078 26.987
1.079 26.811
1.08 26.454
1.081 26.755
1.082 27.494
1.083 28.342
1.084 28.519
1.085 27.519
1.086 26.927
1.087 26.796
1.088 26.491
1.089 26.825
1.09 27.093
1.091 26.482
1.092 25.754
1.093 26.141
1.094 26.924
1.095 27.178
1.096 27.541
1.097 27.702
1.098 26.88
1.099 25.378
1.1 24.481
1.101 25.426
1.102 27.087
1.103 27.312
1.104 27.249
1.105 28.696
1.106 29.018
1.107 27.154
1.108 25.82
1.109 25.613
1.11 26.293
1.111 27.541
1.112 27.735
1.113 26.716
1.114 26.456
1.115 26.918
1.116 26.091
1.117 24.991
1.118 25.954
1.119 27.94
1.12 27.369
1.121 25.104
1.122 25.367
1.123 27.722
1.124 28.411
1.125 26.915
1.126 25.561
1.127 24.641
1.128 24.266
1.129 24.952
1.13 25.951
1.131 26.244
1.132 25.545
1.133 25.235
1.134 25.993
1.135 26.538
1.136 26.737
1.137 26.424
1.138 25.296
1.139 24.689
1.14 25.211
1.141 25.856
1.142 26.254
1.143 26.006
1.144 24.321
1.145 22.508
1.146 22.08
1.147 21.791
1.148 21.267
1.149 22.265
1.15 24.219
1.151 24.941
1.152 24.439
1.153 24.056
1.154 23.948
1.155 23.805
1.156 23.478
1.157 23.206
1.158 23.411
1.159 23.438
1.16 22.709
1.161 21.938
1.162 21.686
1.163 21.68
1.164 21.54
1.165 21.749
1.166 22.974
1.167 24.469
1.168 24.456
1.169 22.877
1.17 21.701
1.171 22.613
1.172 24.478
1.173 25.447
1.174 25.278
1.175 23.915
1.176 22.04
1.177 20.896
1.178 20.993
1.179 22.456
1.18 23.912
1.181 24.22
1.182 24.43
1.183 24.38
1.184 22.901
1.185 21.694
1.186 21.889
1.187 22.302
1.188 21.804
1.189 21.241
1.19 21.322
1.191 20.912
1.192 20.59
1.193 21.942
1.194 23.486
1.195 22.636
1.196 20.455
1.197 19.926
1.198 21.23
1.199 22.318
1.2 22.84
1.201 23.226
1.202 22.712
1.203 21.544
1.204 21.063
1.205 21.689
1.206 22.47
1.207 22.176
1.208 20.997
1.209 20.502
1.21 21.491
1.211 23.342
1.212 24.036
1.213 22.664
1.214 21.514
1.215 21.609
1.216 21.222
1.217 20.664
1.218 21.543
1.219 23.615
1.22 25.0
1.221 24.78
1.222 23.388
1.223 21.797
1.224 21.04
1.225 21.698
1.226 22.794
1.227 23.446
1.228 23.397
1.229 22.559
1.23 21.367
1.231 20.586
1.232 21.244
1.233 22.59
1.234 23.163
1.235 23.122
1.236 23.115
1.237 22.685
1.238 23.05
1.239 25.038
1.24 25.694
1.241 23.73
1.242 21.606
1.243 21.182
1.244 21.903
1.245 22.79
1.246 23.818
1.247 24.747
1.248 25.226
1.249 24.818
1.25 23.643
1.251 22.99
1.252 23.228
1.253 23.233
1.254 23.696
1.255 25.403
1.256 26.486
1.257 25.312
1.258 23.986
1.259 24.174
1.26 24.442
1.261 24.032
1.262 23.636
1.263 23.377
1.264 23.093
1.265 23.5
1.266 25.154
1.267 27.096
1.268 27.163
1.269 25.125
1.27 22.86
1.271 21.552
1.272 21.583
1.273 22.55
1.274 23.633
1.275 24.745
1.276 25.383
1.277 24.667
1.278 23.518
1.279 22.867
1.28 22.464
1.281 22.453
1.282 23.454
1.283 24.496
1.284 24.263
1.285 23.297
1.286 23.544
1.287 25.066
1.288 25.642
1.289 23.896
1.29 21.041
1.291 19.813
1.292 20.711
1.293 22.558
1.294 24.084
1.295 24.824
1.296 23.988
1.297 22.222
1.298 21.418
1.299 21.692
1.3 21.981
1.301 23.071
1.302 25.187
1.303 26.558
1.304 25.816
1.305 24.252
1.306 23.785
1.307 23.62
1.308 22.405
1.309 21.334
1.31 20.836
1.311 19.809
1.312 19.232
1.313 19.809
1.314 21.63
1.315 24.033
1.316 25.758
1.317 25.533
1.318 23.929
1.319 22.571
1.32 22.587
1.321 23.03
1.322 21.752
1.323 19.558
1.324 19.325
1.325 21.381
1.326 23.446
1.327 23.402
1.328 22.613
1.329 22.43
1.33 22.731
1.331 22.8
1.332 22.126
1.333 20.641
1.334 18.601
1.335 17.813
1.336 19.072
1.337 21.421
1.338 23.235
1.339 23.703
1.34 22.781
1.341 21.383
1.342 20.083
1.343 19.444
1.344 19.031
1.345 19.041
1.346 19.979
1.347 20.755
1.348 20.782
1.349 20.444
1.35 19.048
1.351 17.219
1.352 16.843
1.353 18.194
1.354 19.5
1.355 19.556
1.356 19.321
1.357 19.47
1.358 19.669
1.359 20.153
1.36 20.999
1.361 21.21
1.362 20.206
1.363 17.705
1.364 14.934
1.365 14.008
1.366 15.147
1.367 16.923
1.368 18.28
1.369 19.364
1.37 19.322
1.371 17.277
1.372 14.669
1.373 14.416
1.374 16.383
1.375 17.421
1.376 16.153
1.377 15.439
1.378 16.888
1.379 18.425
1.38 18.516
1.381 16.97
1.382 15.069
1.383 14.418
1.384 14.419
1.385 13.957
1.386 12.907
1.387 12.074
1.388 12.369
1.389 13.503
1.39 14.418
1.391 14.86
1.392 14.394
1.393 13.367
1.394 12.434
1.395 11.293
1.396 10.154
1.397 10.24
1.398 11.27
1.399 12.832
1.4 13.969
1.401 13.769
1.402 12.897
1.403 12.805
1.404 13.393
1.405 13.794
1.406 13.551
1.407 12.255
1.408 10.089
1.409 8.653
1.41 8.967
1.411 10.316
1.412 10.418
1.413 8.62
1.414 7.336
1.415 8.004
1.416 8.459
1.417 7.963
1.418 7.307
1.419 7.154
1.42 8.031
1.421 9.012
1.422 8.848
1.423 7.517
1.424 6.335
1.425 6.004
1.426 6.629
1.427 7.898
1.428 9.114
1.429 10.197
1.43 10.705
1.431 10.466
1.432 10.622
1.433 10.576
1.434 9.873
1.435 10.169
1.436 11.61
1.437 11.636
1.438 9.659
1.439 6.653
1.44 4.86
1.441 6.173
1.442 7.723
1.443 6.352
1.444 4.288
1.445 4.398
1.446 6.329
1.447 8.744
1.448 10.387
1.449 11.25
1.45 11.686
1.451 11.656
1.452 11.778
1.453 11.266
1.454 10.361
1.455 10.137
1.456 10.091
1.457 9.99
1.458 9.997
1.459 10.272
1.46 10.593
1.461 10.003
1.462 8.946
1.463 9.497
1.464 11.044
1.465 11.567
1.466 10.336
1.467 8.867
1.468 8.721
1.469 10.007
1.47 10.274
1.471 9.617
1.472 9.522
1.473 9.537
1.474 9.698
1.475 9.393
1.476 7.313
1.477 5.666
1.478 6.203
1.479 7.212
1.48 8.958
1.481 10.766
1.482 9.989
1.483 8.641
1.484 8.835
1.485 9.949
1.486 11.681
1.487 11.712
1.488 9.461
1.489 8.568
1.49 9.25
1.491 9.42
1.492 9.867
1.493 10.647
1.494 10.435
1.495 10.383
1.496 10.881
1.497 11.961
1.498 13.54
1.499 12.164
1.5 9.135
1.501 8.684
1.502 9.777
1.503 9.84
1.504 9.338
1.505 9.301
1.506 10.037
1.507 10.865
1.508 11.032
1.509 11.924
1.51 14.302
1.511 14.716
1.512 12.038
1.513 9.418
1.514 9.572
1.515 11.359
1.516 12.294
1.517 12.291
1.518 11.032
1.519 10.106
1.52 12.107
1.521 13.536
1.522 12.438
1.523 10.69
1.524 10.245
1.525 11.837
1.526 13.29
1.527 13.205
1.528 12.471
1.529 11.068
1.53 10.563
1.531 11.277
1.532 12.434
1.533 14.297
1.534 15.715
1.535 14.604
1.536 11.977
1.537 11.881
1.538 13.711
1.539 13.333
1.54 11.718
1.541 11.181
1.542 11.734
1.543 11.647
1.544 10.869
1.545 9.964
1.546 9.402
1.547 11.33
1.548 14.274
1.549 16.35
1.55 16.832
1.551 14.041
1.552 10.839
1.553 12.791
1.554 17.309
1.555 16.701
1.556 13.659
1.557 13.817
1.558 13.908
1.559 11.967
1.56 11.016
1.561 12.33
1.562 13.386
1.563 14.25
1.564 16.074
1.565 16.625
1.566 15.987
1.567 16.122
1.568 15.195
1.569 12.31
1.57 9.418
1.571 9.005
1.572 10.938
1.573 15.111
1.574 19.596
1.575 19.659
1.576 16.883
1.577 15.514
1.578 14.527
1.579 11.692
1.58 11.155
1.581 13.369
1.582 16.991
1.583 16.92
1.584 16.109
1.585 16.076
1.586 15.81
1.587 15.712
1.588 14.062
1.589 14.866
1.59 17.933
1.591 17.922
1.592 16.163
1.593 16.464
1.594 15.772
1.595 12.694
1.596 12.048
1.597 13.638
1.598 13.514
1.599 14.593
1.6 16.361
1.601 14.902
1.602 12.669
1.603 17.189
1.604 17.7
1.605 16.47
1.606 17.636
1.607 16.485
1.608 14.057
1.609 14.55
1.61 18.3
1.611 19.569
1.612 19.381
1.613 17.924
1.614 14.08
1.615 14.65
1.616 17.644
1.617 18.791
1.618 16.062
1.619 10.372
1.62 9.96
1.621 15.141
1.622 21.717
1.623 23.629
1.624 20.663
1.625 16.272
1.626 11.442
1.627 11.24
1.628 14.323
1.629 16.0
1.63 15.69
1.631 17.424
1.632 20.642
1.633 21.917
1.634 18.614
1.635 15.467
1.636 15.907
1.637 15.168
1.638 17.048
1.639 18.486
1.64 18.527
1.641 18.623
1.642 14.969
1.643 11.68
1.644 15.358
1.645 19.507
1.646 19.895
1.647 19.119
1.648 17.58
1.649 17.796
1.65 17.153
1.651 16.203
1.652 15.475
1.653 15.602
1.654 14.198
1.655 13.623
1.656 21.318
1.657 26.028
1.658 21.396
1.659 13.02
1.66 9.635
1.661 20.894
1.662 20.995
1.663 13.428
1.664 14.014
1.665 17.181
1.666 13.887
1.667 11.907
1.668 19.508
1.669 20.449
1.67 19.494
1.671 15.897
1.672 15.219
1.673 21.752
1.674 26.161
1.675 23.289
1.676 16.773
1.677 12.558
1.678 5.226
1.679 9.589
1.68 15.394
1.681 17.38
1.682 23.902
1.683 24.965
1.684 16.667
1.685 16.33
1.686 20.238
1.687 32.746
1.688 18.293
1.689 19.224
1.69 16.971
1.691 5.536
1.692 8.475
1.693 17.573
1.694 10.082
1.695 17.279
1.696 27.778
1.697 5.75
1.698 15.603
1.699 25.515
1.7 16.129
