0.660 	30.689763
0.661 	30.254086
0.662 	30.043905
0.663 	32.958298
0.664 	30.834666
0.665 	33.481007
0.666 	33.033685
0.667 	29.578354
0.668 	32.003119
0.669 	32.984556
0.670 	30.881992
0.671 	30.993545
0.672 	30.864172
0.673 	32.078546
0.674 	30.056976
0.675 	30.896363
0.676 	28.789502
0.677 	29.150192
0.678 	31.527122
0.679 	34.750714
0.680 	33.160979
0.681 	29.840537
0.682 	29.179674
0.683 	30.250412
0.684 	29.427039
0.685 	30.007009
0.686 	31.055544
0.687 	30.193247
0.688 	30.145840
0.689 	28.740747
0.690 	28.397433
0.691 	29.195613
0.692 	30.191777
0.693 	29.773279
0.694 	29.074813
0.695 	28.085209
0.696 	29.174178
0.697 	27.924435
0.698 	29.431803
0.699 	33.080226
0.700 	29.473613
0.701 	27.655513
0.702 	31.602670
0.703 	28.640360
0.704 	25.400136
0.705 	29.187991
0.706 	29.304545
0.707 	28.900155
0.708 	31.258387
0.709 	32.316908
0.710 	29.786691
0.711 	27.897627
0.712 	27.622183
0.713 	27.587511
0.714 	27.663184
0.715 	27.892994
0.716 	29.274400
0.717 	28.700455
0.718 	28.678564
0.719 	30.002017
0.720 	29.482408
0.721 	29.832195
0.722 	30.176261
0.723 	28.033620
0.724 	26.637042
0.725 	27.779960
0.726 	28.718110
0.727 	28.827792
0.728 	27.715368
0.729 	26.826197
0.730 	28.473952
0.731 	28.275178
0.732 	25.999110
0.733 	27.683287
0.734 	29.259927
0.735 	27.310396
0.736 	25.807924
0.737 	27.890757
0.738 	31.470393
0.739 	29.382644
0.740 	26.388963
0.741 	26.778947
0.742 	28.200410
0.743 	28.084815
0.744 	26.876286
0.745 	26.872607
0.746 	28.294793
0.747 	28.770218
0.748 	28.248618
0.749 	27.166535
0.750 	26.301850
0.751 	26.788086
0.752 	27.160582
0.753 	27.199513
0.754 	27.802414
0.755 	28.024465
0.756 	27.947548
0.757 	27.798512
0.758 	28.097409
0.759 	28.266506
0.760 	27.058292
0.761 	26.366945
0.762 	27.066152
0.763 	27.800938
0.764 	27.906374
0.765 	27.628452
0.766 	26.785477
0.767 	27.073291
0.768 	27.708865
0.769 	27.255287
0.770 	26.452786
0.771 	25.520387
0.772 	25.880718
0.773 	26.702030
0.774 	26.315856
0.775 	26.134302
0.776 	25.853920
0.777 	26.205462
0.778 	26.910730
0.779 	27.360293
0.780 	27.222056
0.781 	26.249302
0.782 	25.941381
0.783 	26.947003
0.784 	26.911854
0.785 	25.985736
0.786 	25.874272
0.787 	26.540094
0.788 	26.439618
0.789 	25.975198
0.790 	26.623245
0.791 	27.191797
0.792 	26.908084
0.793 	25.607173
0.794 	25.299319
0.795 	26.349827
0.796 	27.109729
0.797 	27.146623
0.798 	26.208503
0.799 	25.390712
0.800 	25.725647
0.801 	26.480620
0.802 	27.247616
0.803 	27.666419
0.804 	26.605485
0.805 	26.356807
0.806 	27.063160
0.807 	26.517819
0.808 	25.632510
0.809 	25.468028
0.810 	25.371660
0.811 	25.122480
0.812 	25.179000
0.813 	24.845061
0.814 	24.855584
0.815 	25.484998
0.816 	25.859084
0.817 	25.723736
0.818 	25.354989
0.819 	25.482778
0.820 	26.126787
0.821 	26.528623
0.822 	26.487434
0.823 	26.413560
0.824 	26.055235
0.825 	25.540286
0.826 	26.462905
0.827 	26.857168
0.828 	25.316713
0.829 	24.126415
0.830 	24.403399
0.831 	25.110175
0.832 	25.474112
0.833 	25.452595
0.834 	25.146921
0.835 	24.803937
0.836 	24.777249
0.837 	24.767486
0.838 	24.745327
0.839 	24.957424
0.840 	24.882942
0.841 	24.492412
0.842 	24.547212
0.843 	25.102165
0.844 	25.421147
0.845 	25.234492
0.846 	25.085524
0.847 	25.481853
0.848 	25.936351
0.849 	25.679360
0.850 	25.073751
0.851 	24.587827
0.852 	24.654430
0.853 	24.856512
0.854 	24.555854
0.855 	24.182421
0.856 	24.560233
0.857 	25.098911
0.858 	24.976141
0.859 	24.768351
0.860 	24.861404
0.861 	24.813729
0.862 	24.322081
0.863 	23.540959
0.864 	23.395724
0.865 	24.190604
0.866 	24.642799
0.867 	24.197438
0.868 	23.927939
0.869 	24.009603
0.870 	24.107882
0.871 	24.601814
0.872 	24.938667
0.873 	24.737058
0.874 	24.698875
0.875 	24.851150
0.876 	24.625958
0.877 	24.033214
0.878 	23.764956
0.879 	23.918491
0.880 	23.749186
0.881 	23.483042
0.882 	23.610727
0.883 	24.192424
0.884 	24.707877
0.885 	24.616444
0.886 	23.626519
0.887 	22.487670
0.888 	22.524345
0.889 	23.110673
0.890 	23.551080
0.891 	24.121247
0.892 	24.568515
0.893 	24.407651
0.894 	23.989588
0.895 	23.976970
0.896 	24.453095
0.897 	24.666690
0.898 	24.130051
0.899 	23.434410
0.900 	23.315351
0.901 	23.394220
0.902 	23.426593
0.903 	23.518287
0.904 	23.377930
0.905 	23.308663
0.906 	23.852519
0.907 	24.450920
0.908 	24.304995
0.909 	23.924933
0.910 	24.037883
0.911 	24.307282
0.912 	24.354569
0.913 	24.078386
0.914 	23.874941
0.915 	24.039202
0.916 	24.062755
0.917 	23.621697
0.918 	23.410500
0.919 	23.605367
0.920 	23.122513
0.921 	22.161044
0.922 	22.197595
0.923 	23.131439
0.924 	23.301922
0.925 	22.767602
0.926 	22.628181
0.927 	22.972525
0.928 	23.547622
0.929 	23.791399
0.930 	23.684499
0.931 	23.663721
0.932 	23.540407
0.933 	23.210914
0.934 	22.748687
0.935 	22.321408
0.936 	22.195355
0.937 	22.315788
0.938 	22.595570
0.939 	22.882524
0.940 	22.860155
0.941 	22.718328
0.942 	22.591924
0.943 	22.164907
0.944 	21.921715
0.945 	22.354265
0.946 	22.510314
0.947 	22.274298
0.948 	22.218481
0.949 	22.550700
0.950 	22.357197
0.951 	21.690991
0.952 	20.704050
0.953 	20.685512
0.954 	21.264577
0.955 	21.424150
0.956 	21.403273
0.957 	20.949014
0.958 	21.223752
0.959 	22.239933
0.960 	22.404931
0.961 	21.781367
0.962 	21.405129
0.963 	21.323812
0.964 	20.871911
0.965 	20.254814
0.966 	20.237568
0.967 	20.357439
0.968 	20.674110
0.969 	20.868976
0.970 	21.292438
0.971 	21.542325
0.972 	21.320171
0.973 	20.539886
0.974 	19.633319
0.975 	18.832188
0.976 	19.057420
0.977 	19.633967
0.978 	19.997183
0.979 	20.671651
0.980 	20.569245
0.981 	19.760172
0.982 	19.948055
0.983 	20.574747
0.984 	20.557398
0.985 	20.205282
0.986 	20.189368
0.987 	20.033413
0.988 	20.079656
0.989 	20.905890
0.990 	21.150894
0.991 	19.533958
0.992 	18.343244
0.993 	18.528930
0.994 	19.173328
0.995 	19.881093
0.996 	20.782265
0.997 	20.703514
0.998 	19.864507
0.999 	19.725179
1.000 	19.949432
1.001 	19.511981
1.002 	19.296231
1.003 	20.110749
1.004 	21.461990
1.005 	21.504534
1.006 	20.565589
1.007 	19.171572
1.008 	18.317008
1.009 	18.935938
1.010 	20.123602
1.011 	20.787646
1.012 	20.027435
1.013 	19.408160
1.014 	19.313160
1.015 	20.020668
1.016 	21.399662
1.017 	20.833092
1.018 	19.254680
1.019 	18.454821
1.020 	18.244728
1.021 	18.924509
1.022 	19.930908
1.023 	20.255084
1.024 	20.278409
1.025 	20.341358
1.026 	19.837780
1.027 	19.664310
1.028 	20.572252
1.029 	20.859148
1.030 	20.473440
1.031 	20.199852
1.032 	19.819635
1.033 	19.481262
1.034 	19.377230
1.035 	19.848028
1.036 	20.658395
1.037 	20.704525
1.038 	20.035236
1.039 	20.229026
1.040 	20.942905
1.041 	20.634800
1.042 	19.868985
1.043 	19.422013
1.044 	20.126036
1.045 	21.219480
1.046 	21.070230
1.047 	20.590656
1.048 	20.395131
1.049 	20.174391
1.050 	20.078593
1.051 	20.176789
1.052 	20.122877
1.053 	20.417738
1.054 	21.181240
1.055 	21.366561
1.056 	20.939857
1.057 	20.589589
1.058 	20.128334
1.059 	19.913543
1.060 	20.122597
1.061 	20.374992
1.062 	20.709930
1.063 	20.569119
1.064 	20.276894
1.065 	20.379004
1.066 	20.561697
1.067 	20.847452
1.068 	21.074906
1.069 	20.913099
1.070 	20.667484
1.071 	20.616885
1.072 	20.492437
1.073 	20.867623
1.074 	21.685918
1.075 	21.703789
1.076 	20.732372
1.077 	19.809764
1.078 	19.525007
1.079 	19.774346
1.080 	20.347881
1.081 	20.800425
1.082 	21.010617
1.083 	21.392790
1.084 	21.491200
1.085 	20.987926
1.086 	20.267622
1.087 	20.116475
1.088 	20.812667
1.089 	21.470738
1.090 	21.828281
1.091 	21.680431
1.092 	20.929017
1.093 	20.365705
1.094 	20.222628
1.095 	19.723637
1.096 	19.085303
1.097 	19.033701
1.098 	19.116139
1.099 	19.156229
1.100 	19.716423
1.101 	20.490667
1.102 	20.705481
1.103 	20.011268
1.104 	19.259738
1.105 	19.594499
1.106 	20.616256
1.107 	20.854822
1.108 	20.364604
1.109 	20.230084
1.110 	20.148427
1.111 	19.822870
1.112 	19.499427
1.113 	19.503356
1.114 	19.977887
1.115 	20.152764
1.116 	19.675596
1.117 	19.479558
1.118 	19.743595
1.119 	19.630125
1.120 	19.255842
1.121 	19.632529
1.122 	20.409699
1.123 	20.329264
1.124 	19.466381
1.125 	19.097203
1.126 	19.686842
1.127 	20.246287
1.128 	20.092659
1.129 	19.699436
1.130 	19.401951
1.131 	19.366921
1.132 	19.736460
1.133 	20.212480
1.134 	20.189636
1.135 	19.732630
1.136 	19.370325
1.137 	18.987671
1.138 	18.654182
1.139 	18.770182
1.140 	18.997831
1.141 	18.827843
1.142 	17.929096
1.143 	17.084698
1.144 	16.989440
1.145 	16.765147
1.146 	15.938974
1.147 	15.564882
1.148 	16.490488
1.149 	17.502622
1.150 	17.550137
1.151 	17.008012
1.152 	16.453741
1.153 	16.381038
1.154 	16.516378
1.155 	16.295057
1.156 	16.053597
1.157 	16.192492
1.158 	16.551974
1.159 	16.634030
1.160 	16.189508
1.161 	15.771623
1.162 	15.907914
1.163 	16.100927
1.164 	15.731635
1.165 	15.139424
1.166 	15.337649
1.167 	15.960147
1.168 	15.596001
1.169 	14.926698
1.170 	15.314895
1.171 	16.028131
1.172 	15.972551
1.173 	15.567887
1.174 	15.604085
1.175 	15.848723
1.176 	15.844793
1.177 	15.759118
1.178 	15.506855
1.179 	15.296837
1.180 	15.807863
1.181 	16.662252
1.182 	16.763476
1.183 	15.669015
1.184 	14.425257
1.185 	14.113763
1.186 	14.967339
1.187 	15.995191
1.188 	15.931665
1.189 	15.279933
1.190 	15.146054
1.191 	15.278346
1.192 	15.314821
1.193 	15.432701
1.194 	15.496713
1.195 	15.304860
1.196 	14.893299
1.197 	14.442470
1.198 	14.355990
1.199 	14.802359
1.200 	15.271728
1.201 	15.300461
1.202 	15.120035
1.203 	15.290730
1.204 	15.730135
1.205 	16.003009
1.206 	15.879345
1.207 	15.552577
1.208 	15.250765
1.209 	14.957404
1.210 	14.669093
1.211 	14.606267
1.212 	14.640111
1.213 	14.387087
1.214 	14.094861
1.215 	14.287081
1.216 	14.630329
1.217 	14.963050
1.218 	15.450531
1.219 	16.033048
1.220 	16.737548
1.221 	17.145586
1.222 	16.822037
1.223 	16.010868
1.224 	15.135344
1.225 	14.512149
1.226 	14.480982
1.227 	14.867432
1.228 	15.250810
1.229 	15.867495
1.230 	16.429568
1.231 	16.303220
1.232 	15.900303
1.233 	15.833216
1.234 	15.933191
1.235 	16.135836
1.236 	16.424023
1.237 	16.698584
1.238 	16.848887
1.239 	16.691236
1.240 	16.314729
1.241 	15.924384
1.242 	15.537784
1.243 	15.457595
1.244 	16.054683
1.245 	16.912821
1.246 	17.385876
1.247 	17.280580
1.248 	16.653033
1.249 	15.835408
1.250 	15.380046
1.251 	15.819742
1.252 	16.523146
1.253 	16.832690
1.254 	16.868134
1.255 	16.883256
1.256 	16.737685
1.257 	16.586826
1.258 	16.468995
1.259 	16.125720
1.260 	15.565528
1.261 	15.530978
1.262 	16.410779
1.263 	17.087633
1.264 	16.628225
1.265 	15.598673
1.266 	15.722147
1.267 	16.790730
1.268 	17.410560
1.269 	17.098845
1.270 	16.403442
1.271 	16.204075
1.272 	16.506308
1.273 	16.820656
1.274 	16.731200
1.275 	16.466843
1.276 	16.182173
1.277 	15.801017
1.278 	15.601458
1.279 	15.793640
1.280 	16.071894
1.281 	15.962290
1.282 	15.164056
1.283 	14.669840
1.284 	15.416000
1.285 	16.570260
1.286 	17.130668
1.287 	16.718528
1.288 	15.667116
1.289 	14.429722
1.290 	13.886102
1.291 	14.327262
1.292 	15.298912
1.293 	16.248595
1.294 	16.997061
1.295 	17.093993
1.296 	16.236570
1.297 	15.371927
1.298 	15.148356
1.299 	15.169721
1.300 	15.373070
1.301 	15.559045
1.302 	15.722366
1.303 	15.866957
1.304 	15.756066
1.305 	15.253547
1.306 	14.696413
1.307 	14.759561
1.308 	15.203760
1.309 	15.066163
1.310 	13.988868
1.311 	12.882597
1.312 	12.762497
1.313 	14.209328
1.314 	16.137858
1.315 	16.459175
1.316 	15.852406
1.317 	15.676432
1.318 	15.376666
1.319 	14.773026
1.320 	14.418195
1.321 	14.045864
1.322 	13.415510
1.323 	13.227271
1.324 	13.861769
1.325 	14.585202
1.326 	14.761211
1.327 	14.549165
1.328 	14.318992
1.329 	14.580827
1.330 	14.916186
1.331 	14.806316
1.332 	14.148544
1.333 	13.475841
1.334 	13.391540
1.335 	13.613058
1.336 	13.286585
1.337 	12.568133
1.338 	12.271918
1.339 	12.367531
1.340 	12.695114
1.341 	12.937798
1.342 	12.653800
1.343 	12.396650
1.344 	12.570337
1.345 	12.767812
1.346 	12.653634
1.347 	12.350650
1.348 	12.044987
1.349 	11.821513
1.350 	11.952852
1.351 	12.058796
1.352 	11.568922
1.353 	11.278677
1.354 	11.987287
1.355 	12.986940
1.356 	13.119584
1.357 	12.391059
1.358 	11.617761
1.359 	11.443792
1.360 	11.464342
1.361 	11.333645
1.362 	11.290286
1.363 	11.381484
1.364 	11.438888
1.365 	11.530060
1.366 	11.335265
1.367 	10.796290
1.368 	10.645046
1.369 	10.814809
1.370 	10.655464
1.371 	10.403642
1.372 	10.485740
1.373 	10.870640
1.374 	11.263701
1.375 	11.448647
1.376 	11.190629
1.377 	10.253993
1.378 	9.386277
1.379 	9.050158
1.380 	9.243793
1.381 	9.382086
1.382 	8.980789
1.383 	8.718398
1.384 	8.729143
1.385 	8.460955
1.386 	8.419518
1.387 	8.645317
1.388 	8.336662
1.389 	7.603434
1.390 	7.300045
1.391 	7.253480
1.392 	6.985889
1.393 	6.812398
1.394 	7.209512
1.395 	7.675433
1.396 	7.820033
1.397 	7.666502
1.398 	7.068496
1.399 	6.180476
1.400 	5.842731
1.401 	6.194752
1.402 	6.382925
1.403 	6.053836
1.404 	5.779075
1.405 	5.883741
1.406 	6.519420
1.407 	7.741894
1.408 	8.121346
1.409 	6.854767
1.410 	5.952047
1.411 	6.621318
1.412 	7.278638
1.413 	7.031124
1.414 	6.708103
1.415 	6.626527
1.416 	6.384973
1.417 	5.626200
1.418 	4.305386
1.419 	3.654403
1.420 	5.006917
1.421 	7.164877
1.422 	7.785506
1.423 	7.049746
1.424 	6.261365
1.425 	5.872720
1.426 	5.542464
1.427 	5.288014
1.428 	5.916993
1.429 	6.814863
1.430 	6.851547
1.431 	6.354402
1.432 	6.277825
1.433 	6.472659
1.434 	6.793317
1.435 	7.113053
1.436 	6.649625
1.437 	5.515035
1.438 	5.575132
1.439 	7.048937
1.440 	7.685248
1.441 	6.504216
1.442 	4.858268
1.443 	4.254388
1.444 	4.788067
1.445 	5.458679
1.446 	5.581993
1.447 	5.973886
1.448 	6.614740
1.449 	6.835167
1.450 	6.856771
1.451 	6.730251
1.452 	5.852794
1.453 	4.730107
1.454 	4.391190
1.455 	4.887909
1.456 	6.163608
1.457 	7.139431
1.458 	6.632008
1.459 	5.815459
1.460 	6.068662
1.461 	6.254793
1.462 	5.546057
1.463 	5.584634
1.464 	6.582522
1.465 	7.263106
1.466 	7.459718
1.467 	7.217050
1.468 	6.211878
1.469 	4.782411
1.470 	4.395736
1.471 	5.551678
1.472 	6.936460
1.473 	6.864660
1.474 	6.194539
1.475 	6.886971
1.476 	8.094373
1.477 	7.664776
1.478 	6.086614
1.479 	5.610449
1.480 	6.189281
1.481 	6.203126
1.482 	5.717772
1.483 	6.367850
1.484 	7.895946
1.485 	8.119105
1.486 	7.221837
1.487 	6.787591
1.488 	6.868412
1.489 	6.686381
1.490 	6.304924
1.491 	6.608985
1.492 	7.024296
1.493 	6.850802
1.494 	6.466183
1.495 	6.435497
1.496 	6.918786
1.497 	7.241195
1.498 	7.106183
1.499 	6.125588
1.500 	5.317260
1.501 	5.020386
1.502 	4.666026
1.503 	5.546512
1.504 	7.776008
1.505 	8.896861
1.506 	8.146690
1.507 	6.394015
1.508 	5.433124
1.509 	6.037309
1.510 	7.455535
1.511 	8.105770
1.512 	7.254495
1.513 	6.413157
1.514 	6.583019
1.515 	7.327983
1.516 	7.273392
1.517 	5.738977
1.518 	4.069894
1.519 	5.120559
1.520 	8.145532
1.521 	10.038531
1.522 	10.051878
1.523 	9.657145
1.524 	9.575523
1.525 	8.518620
1.526 	6.174996
1.527 	5.239038
1.528 	6.186854
1.529 	6.759661
1.530 	7.265414
1.531 	8.323355
1.532 	7.837642
1.533 	5.924383
1.534 	5.028715
1.535 	6.075599
1.536 	7.320510
1.537 	6.765855
1.538 	5.610156
1.539 	6.454565
1.540 	8.247816
1.541 	9.091136
1.542 	9.126410
1.543 	8.892880
1.544 	9.040170
1.545 	8.982641
1.546 	8.724598
1.547 	8.983143
1.548 	8.792902
1.549 	8.206167
1.550 	7.458423
1.551 	6.422171
1.552 	5.226503
1.553 	4.686277
1.554 	6.359008
1.555 	8.790834
1.556 	10.595607
1.557 	11.275183
1.558 	10.327985
1.559 	8.076788
1.560 	6.187623
1.561 	5.864067
1.562 	5.721078
1.563 	6.132050
1.564 	7.252298
1.565 	8.096753
1.566 	8.420168
1.567 	9.087621
1.568 	8.779257
1.569 	7.973001
1.570 	8.494918
1.571 	8.889021
1.572 	7.647222
1.573 	6.868708
1.574 	7.389883
1.575 	6.687305
1.576 	7.157019
1.577 	10.076294
1.578 	11.435993
1.579 	10.174632
1.580 	9.403752
1.581 	9.488965
1.582 	7.816656
1.583 	7.474544
1.584 	9.140860
1.585 	9.683737
1.586 	8.005922
1.587 	5.973203
1.588 	6.635229
1.589 	7.695745
1.590 	7.375267
1.591 	7.325542
1.592 	8.117491
1.593 	9.836753
1.594 	11.002452
1.595 	11.211276
1.596 	12.156972
1.597 	12.018601
1.598 	8.748715
1.599 	6.455602
1.600 	6.387979
1.601 	6.116053
1.602 	7.076529
1.603 	8.989810
1.604 	9.306833
1.605 	9.447832
1.606 	9.362901
1.607 	8.621808
1.608 	7.530737
1.609 	7.784350
1.610 	8.625122
1.611 	8.394815
1.612 	9.217126
1.613 	10.747638
1.614 	12.274334
1.615 	11.647933
1.616 	8.399978
1.617 	7.070462
1.618 	7.537499
1.619 	9.156086
1.620 	10.123938
1.621 	9.402159
1.622 	9.518411
1.623 	10.539816
1.624 	9.283976
1.625 	9.366433
1.626 	11.057761
1.627 	9.927133
1.628 	5.569038
1.629 	5.815552
1.630 	10.682231
1.631 	11.103344
1.632 	10.177670
1.633 	11.389534
1.634 	12.067815
1.635 	12.075768
1.636 	10.284524
1.637 	9.248880
1.638 	9.079772
1.639 	8.047388
1.640 	9.934043
1.641 	10.490926
1.642 	10.184905
1.643 	12.168576
1.644 	11.901690
1.645 	10.057965
1.646 	10.058431
1.647 	10.881919
1.648 	10.236169
1.649 	7.004558
1.650 	7.537368
1.651 	11.382330
1.652 	11.251918
1.653 	10.080349
1.654 	11.624655
1.655 	9.933335
1.656 	10.213557
1.657 	9.518445
1.658 	10.043887
1.659 	11.870463
1.660 	9.600397
1.661 	8.921533
1.662 	13.439839
1.663 	13.265655
1.664 	7.395400
1.665 	8.403807
1.666 	8.600015
1.667 	9.796014
1.668 	10.591014
1.669 	8.750544
1.670 	8.541192
1.671 	11.208766
1.672 	6.365478
1.673 	2.922420
1.674 	9.580848
1.675 	16.102561
1.676 	14.000732
1.677 	10.121159
1.678 	12.152427
1.679 	14.757224
1.680 	12.297319
1.681 	13.710211
1.682 	16.366650
1.683 	8.335525
1.684 	4.240739
1.685 	3.081045
1.686 	6.542735
1.687 	23.192846
1.688 	21.688347
1.689 	2.373395
1.690 	-4.343882
1.691 	9.028418
1.692 	15.003418
1.693 	13.572517
1.694 	14.483512
1.695 	11.327345
1.696 	17.364852
1.697 	14.488074
1.698 	16.506073
1.699 	10.914887
1.700 	-2.214460
