0.660 	25.922905
0.661 	27.822349
0.662 	29.793006
0.663 	31.931699
0.664 	30.955083
0.665 	28.386739
0.666 	28.119786
0.667 	30.091263
0.668 	27.149413
0.669 	30.884503
0.670 	28.869510
0.671 	30.088173
0.672 	32.958502
0.673 	31.364895
0.674 	30.038798
0.675 	27.683386
0.676 	25.849344
0.677 	25.926311
0.678 	27.410887
0.679 	30.604799
0.680 	28.180898
0.681 	28.159272
0.682 	26.533008
0.683 	28.864319
0.684 	29.201128
0.685 	29.002295
0.686 	27.899515
0.687 	29.949552
0.688 	29.343243
0.689 	26.259763
0.690 	24.803596
0.691 	26.160508
0.692 	27.749704
0.693 	28.882519
0.694 	29.480852
0.695 	26.083466
0.696 	28.178336
0.697 	27.703321
0.698 	27.561647
0.699 	28.507600
0.700 	28.897287
0.701 	28.307284
0.702 	27.588108
0.703 	25.874561
0.704 	24.651106
0.705 	27.051564
0.706 	26.714993
0.707 	25.483834
0.708 	28.413950
0.709 	30.380324
0.710 	27.864569
0.711 	26.315957
0.712 	24.671669
0.713 	25.902086
0.714 	26.907845
0.715 	26.247237
0.716 	27.840544
0.717 	28.156348
0.718 	27.161081
0.719 	26.605641
0.720 	26.504765
0.721 	27.313522
0.722 	28.482527
0.723 	26.704019
0.724 	24.810993
0.725 	25.467198
0.726 	24.868436
0.727 	25.053996
0.728 	24.552215
0.729 	23.850443
0.730 	24.450999
0.731 	24.968704
0.732 	26.198049
0.733 	25.732960
0.734 	24.979219
0.735 	24.958877
0.736 	23.458779
0.737 	23.767160
0.738 	26.835436
0.739 	27.032878
0.740 	25.651458
0.741 	24.684698
0.742 	24.135922
0.743 	24.224393
0.744 	25.140242
0.745 	24.994777
0.746 	25.172622
0.747 	24.878683
0.748 	24.586383
0.749 	24.539041
0.750 	24.458526
0.751 	24.999692
0.752 	24.744118
0.753 	24.060886
0.754 	24.378514
0.755 	24.936700
0.756 	24.217447
0.757 	23.522950
0.758 	24.025389
0.759 	24.699377
0.760 	25.134895
0.761 	25.067490
0.762 	25.189335
0.763 	24.533987
0.764 	23.451842
0.765 	22.827161
0.766 	22.914904
0.767 	24.688354
0.768 	25.534494
0.769 	24.196095
0.770 	22.580757
0.771 	22.317644
0.772 	23.739079
0.773 	25.029745
0.774 	24.529543
0.775 	23.801949
0.776 	23.974285
0.777 	24.586232
0.778 	24.423228
0.779 	23.959924
0.780 	23.680666
0.781 	23.176343
0.782 	23.601052
0.783 	24.720878
0.784 	24.331208
0.785 	23.328305
0.786 	23.290564
0.787 	23.377231
0.788 	22.990150
0.789 	22.871019
0.790 	23.209521
0.791 	23.453344
0.792 	23.547813
0.793 	23.293732
0.794 	23.194397
0.795 	23.331896
0.796 	23.722200
0.797 	23.580062
0.798 	23.175064
0.799 	23.295643
0.800 	23.236075
0.801 	23.150717
0.802 	23.145996
0.803 	22.965205
0.804 	22.665561
0.805 	23.533072
0.806 	24.586909
0.807 	24.176692
0.808 	23.282025
0.809 	23.129511
0.810 	22.868145
0.811 	21.876849
0.812 	21.452645
0.813 	22.178798
0.814 	23.483251
0.815 	24.201035
0.816 	23.702354
0.817 	22.854560
0.818 	22.880664
0.819 	23.206483
0.820 	23.345174
0.821 	23.605036
0.822 	23.135459
0.823 	22.415243
0.824 	22.308354
0.825 	22.679334
0.826 	23.257483
0.827 	23.130855
0.828 	22.633846
0.829 	22.526678
0.830 	22.821034
0.831 	22.965293
0.832 	22.269666
0.833 	21.475318
0.834 	21.578171
0.835 	22.220592
0.836 	22.433221
0.837 	22.026198
0.838 	21.628928
0.839 	21.745082
0.840 	21.884935
0.841 	22.088305
0.842 	22.376475
0.843 	22.462306
0.844 	22.559593
0.845 	22.872836
0.846 	23.225078
0.847 	23.102174
0.848 	22.578439
0.849 	22.264848
0.850 	22.073363
0.851 	21.511730
0.852 	20.808804
0.853 	20.730586
0.854 	21.527492
0.855 	22.338630
0.856 	22.189627
0.857 	21.655543
0.858 	21.183199
0.859 	20.697017
0.860 	20.576734
0.861 	20.897040
0.862 	21.227956
0.863 	21.285175
0.864 	21.395102
0.865 	21.538873
0.866 	21.335987
0.867 	20.733697
0.868 	20.124410
0.869 	20.021663
0.870 	20.888591
0.871 	22.738291
0.872 	23.818586
0.873 	23.079408
0.874 	22.249361
0.875 	21.904876
0.876 	21.417077
0.877 	21.224651
0.878 	21.399518
0.879 	21.313239
0.880 	20.821789
0.881 	20.678058
0.882 	21.150433
0.883 	21.548564
0.884 	21.452985
0.885 	20.936889
0.886 	20.097860
0.887 	19.176453
0.888 	18.985947
0.889 	19.822232
0.890 	20.815742
0.891 	21.226696
0.892 	21.032178
0.893 	20.486376
0.894 	20.481083
0.895 	21.222901
0.896 	21.785472
0.897 	21.553578
0.898 	20.687071
0.899 	20.104054
0.900 	20.427280
0.901 	20.904005
0.902 	20.989420
0.903 	20.680924
0.904 	20.390865
0.905 	20.460370
0.906 	20.495322
0.907 	20.678469
0.908 	21.117002
0.909 	21.291982
0.910 	20.911099
0.911 	20.470276
0.912 	20.453261
0.913 	20.440132
0.914 	20.177021
0.915 	20.042040
0.916 	20.073088
0.917 	20.087816
0.918 	20.026983
0.919 	20.019063
0.920 	20.074163
0.921 	20.149383
0.922 	20.390460
0.923 	20.614632
0.924 	20.324846
0.925 	20.037407
0.926 	20.432232
0.927 	21.290950
0.928 	21.670946
0.929 	21.252119
0.930 	20.713513
0.931 	20.294797
0.932 	20.001877
0.933 	19.966336
0.934 	19.847322
0.935 	19.558061
0.936 	19.377143
0.937 	19.471822
0.938 	19.683969
0.939 	19.391450
0.940 	18.996227
0.941 	19.299010
0.942 	19.548405
0.943 	18.927411
0.944 	18.299961
0.945 	18.409612
0.946 	18.879261
0.947 	19.027359
0.948 	19.340946
0.949 	19.735483
0.950 	19.589578
0.951 	18.666525
0.952 	17.489778
0.953 	17.719392
0.954 	18.829954
0.955 	18.929836
0.956 	19.012447
0.957 	19.016928
0.958 	18.979422
0.959 	19.105685
0.960 	18.889924
0.961 	18.112186
0.962 	17.317382
0.963 	17.094121
0.964 	16.661694
0.965 	16.400901
0.966 	16.863241
0.967 	17.063335
0.968 	16.869749
0.969 	16.878422
0.970 	17.317771
0.971 	18.035873
0.972 	18.234957
0.973 	17.808221
0.974 	16.787256
0.975 	15.914957
0.976 	16.522027
0.977 	17.625990
0.978 	18.116285
0.979 	17.849953
0.980 	17.306741
0.981 	16.778421
0.982 	16.427603
0.983 	16.371329
0.984 	16.348314
0.985 	16.500874
0.986 	17.347603
0.987 	17.658196
0.988 	17.540828
0.989 	17.975689
0.990 	17.880037
0.991 	17.216802
0.992 	16.415095
0.993 	15.732572
0.994 	15.633513
0.995 	15.189938
0.996 	15.612966
0.997 	16.160930
0.998 	15.908182
0.999 	16.219913
1.000 	16.435958
1.001 	16.297073
1.002 	16.398186
1.003 	16.429707
1.004 	16.437051
1.005 	16.263102
1.006 	16.044813
1.007 	15.729594
1.008 	15.541289
1.009 	16.242821
1.010 	17.123983
1.011 	17.318694
1.012 	16.733903
1.013 	15.922371
1.014 	15.843467
1.015 	16.170373
1.016 	16.126583
1.017 	15.614959
1.018 	15.751502
1.019 	15.909228
1.020 	15.853628
1.021 	16.717185
1.022 	17.524345
1.023 	17.193796
1.024 	16.285643
1.025 	16.016002
1.026 	16.133898
1.027 	15.701115
1.028 	15.679631
1.029 	16.971814
1.030 	17.710793
1.031 	16.932741
1.032 	15.865698
1.033 	16.126739
1.034 	16.626979
1.035 	16.311360
1.036 	15.895585
1.037 	15.750292
1.038 	15.581615
1.039 	16.014960
1.040 	16.911378
1.041 	17.300448
1.042 	17.021040
1.043 	16.208452
1.044 	16.028301
1.045 	16.402652
1.046 	16.131569
1.047 	16.228302
1.048 	16.698596
1.049 	16.597608
1.050 	16.140344
1.051 	16.206257
1.052 	16.831547
1.053 	17.231623
1.054 	17.336521
1.055 	16.870277
1.056 	16.066423
1.057 	15.938276
1.058 	16.462925
1.059 	16.207555
1.060 	15.421429
1.061 	15.419358
1.062 	16.358326
1.063 	17.006080
1.064 	16.430882
1.065 	15.721147
1.066 	16.444144
1.067 	17.921568
1.068 	18.215829
1.069 	17.363127
1.070 	16.568677
1.071 	16.138178
1.072 	15.949755
1.073 	16.274486
1.074 	17.053835
1.075 	17.245083
1.076 	16.355698
1.077 	15.576061
1.078 	15.723625
1.079 	16.339712
1.080 	16.881941
1.081 	17.403720
1.082 	17.460897
1.083 	16.579714
1.084 	15.704727
1.085 	15.852915
1.086 	15.836792
1.087 	15.648628
1.088 	16.662541
1.089 	17.579884
1.090 	17.460808
1.091 	16.826410
1.092 	16.361369
1.093 	16.530129
1.094 	16.598515
1.095 	15.740775
1.096 	14.692023
1.097 	14.491704
1.098 	14.812573
1.099 	15.446707
1.100 	16.336179
1.101 	16.567443
1.102 	16.015758
1.103 	15.300440
1.104 	14.740886
1.105 	14.908599
1.106 	16.162805
1.107 	17.401865
1.108 	17.692324
1.109 	17.585995
1.110 	17.456975
1.111 	16.885356
1.112 	15.787994
1.113 	15.169153
1.114 	15.226293
1.115 	15.055539
1.116 	14.905151
1.117 	15.557095
1.118 	15.941393
1.119 	15.274699
1.120 	14.974158
1.121 	15.591143
1.122 	16.178760
1.123 	16.162997
1.124 	15.824476
1.125 	15.722497
1.126 	15.804825
1.127 	15.858688
1.128 	15.836759
1.129 	15.747805
1.130 	15.411784
1.131 	15.025230
1.132 	14.908752
1.133 	15.208897
1.134 	15.650990
1.135 	15.559425
1.136 	14.862195
1.137 	14.031548
1.138 	13.930154
1.139 	14.396082
1.140 	14.879326
1.141 	15.321440
1.142 	15.079987
1.143 	13.847031
1.144 	12.493103
1.145 	12.126947
1.146 	12.507661
1.147 	12.779546
1.148 	13.146960
1.149 	13.760603
1.150 	13.910823
1.151 	13.338207
1.152 	12.801838
1.153 	12.969034
1.154 	13.386297
1.155 	13.362931
1.156 	13.258957
1.157 	13.133508
1.158 	12.773880
1.159 	12.575186
1.160 	12.742999
1.161 	12.971005
1.162 	12.922018
1.163 	12.976774
1.164 	13.363024
1.165 	13.431413
1.166 	13.046204
1.167 	12.604965
1.168 	12.038279
1.169 	11.716804
1.170 	11.875104
1.171 	12.268457
1.172 	12.724569
1.173 	12.786259
1.174 	12.471514
1.175 	12.403360
1.176 	12.685492
1.177 	12.859965
1.178 	12.243289
1.179 	11.201738
1.180 	10.852339
1.181 	11.327342
1.182 	11.812347
1.183 	11.866170
1.184 	11.822793
1.185 	12.217175
1.186 	13.042742
1.187 	13.678952
1.188 	13.244031
1.189 	12.059492
1.190 	11.334297
1.191 	11.101169
1.192 	10.921869
1.193 	11.006808
1.194 	11.490317
1.195 	11.907266
1.196 	11.796723
1.197 	11.562885
1.198 	11.956094
1.199 	12.747222
1.200 	12.685634
1.201 	11.823679
1.202 	11.327457
1.203 	11.554102
1.204 	12.018143
1.205 	12.645235
1.206 	13.052246
1.207 	12.959460
1.208 	12.593353
1.209 	12.458684
1.210 	12.609336
1.211 	12.501457
1.212 	11.909365
1.213 	11.330201
1.214 	11.310881
1.215 	11.928252
1.216 	12.382135
1.217 	12.127440
1.218 	11.737098
1.219 	12.204525
1.220 	13.224100
1.221 	13.488310
1.222 	12.780176
1.223 	12.081988
1.224 	11.905508
1.225 	11.738919
1.226 	11.776322
1.227 	12.023824
1.228 	12.019372
1.229 	12.070087
1.230 	12.482845
1.231 	12.674413
1.232 	12.467438
1.233 	12.324455
1.234 	12.437936
1.235 	12.433285
1.236 	12.135161
1.237 	12.123876
1.238 	12.327544
1.239 	12.157051
1.240 	11.816016
1.241 	11.873489
1.242 	12.363465
1.243 	12.690791
1.244 	12.824717
1.245 	13.033763
1.246 	13.184005
1.247 	12.935171
1.248 	12.512281
1.249 	12.554899
1.250 	13.230169
1.251 	14.070996
1.252 	14.372143
1.253 	14.045094
1.254 	13.901442
1.255 	13.814305
1.256 	12.942988
1.257 	11.717967
1.258 	10.841134
1.259 	10.814652
1.260 	11.427831
1.261 	12.290719
1.262 	12.963373
1.263 	13.264126
1.264 	13.224327
1.265 	13.079311
1.266 	13.229161
1.267 	13.152336
1.268 	12.507307
1.269 	11.701609
1.270 	11.880862
1.271 	13.002316
1.272 	13.810808
1.273 	13.441697
1.274 	12.597678
1.275 	12.194795
1.276 	12.090579
1.277 	11.749926
1.278 	11.726234
1.279 	12.541340
1.280 	13.344317
1.281 	13.099396
1.282 	12.125064
1.283 	11.876924
1.284 	12.861772
1.285 	13.652831
1.286 	12.874870
1.287 	11.090841
1.288 	10.183514
1.289 	10.654422
1.290 	11.696167
1.291 	12.593771
1.292 	13.161513
1.293 	13.412149
1.294 	13.053238
1.295 	12.409155
1.296 	12.313604
1.297 	12.975430
1.298 	13.220052
1.299 	12.617593
1.300 	11.889083
1.301 	11.669002
1.302 	11.994918
1.303 	12.342380
1.304 	12.257994
1.305 	11.954712
1.306 	11.735378
1.307 	11.792559
1.308 	12.068777
1.309 	12.219896
1.310 	11.531590
1.311 	10.615545
1.312 	10.533629
1.313 	11.125917
1.314 	11.331279
1.315 	11.164564
1.316 	11.498335
1.317 	12.281333
1.318 	12.262073
1.319 	11.333739
1.320 	10.496560
1.321 	10.240642
1.322 	10.120903
1.323 	9.929952
1.324 	10.204473
1.325 	11.023603
1.326 	11.908563
1.327 	12.095808
1.328 	11.449526
1.329 	11.178277
1.330 	11.352978
1.331 	10.979328
1.332 	9.845595
1.333 	9.281364
1.334 	9.925683
1.335 	10.575881
1.336 	10.377982
1.337 	9.873368
1.338 	9.591842
1.339 	9.193076
1.340 	9.089788
1.341 	9.299277
1.342 	9.247269
1.343 	9.483035
1.344 	10.147539
1.345 	10.074472
1.346 	9.135485
1.347 	8.502701
1.348 	8.742529
1.349 	9.117946
1.350 	9.556960
1.351 	10.210277
1.352 	10.454203
1.353 	9.833701
1.354 	9.095061
1.355 	8.749418
1.356 	8.798207
1.357 	8.718982
1.358 	8.181307
1.359 	7.828372
1.360 	8.297212
1.361 	9.304164
1.362 	9.838093
1.363 	9.788529
1.364 	9.740886
1.365 	9.484370
1.366 	8.882929
1.367 	8.759123
1.368 	9.229096
1.369 	9.835703
1.370 	10.041895
1.371 	9.368736
1.372 	8.280715
1.373 	7.772465
1.374 	7.722646
1.375 	7.640096
1.376 	7.343192
1.377 	6.889636
1.378 	6.784446
1.379 	7.186720
1.380 	7.791731
1.381 	8.002874
1.382 	7.787113
1.383 	7.642674
1.384 	7.522376
1.385 	7.395532
1.386 	7.902239
1.387 	8.723681
1.388 	8.108762
1.389 	5.890861
1.390 	4.328188
1.391 	4.315363
1.392 	4.587987
1.393 	4.473934
1.394 	4.725503
1.395 	5.462873
1.396 	5.951770
1.397 	5.800620
1.398 	5.245135
1.399 	4.858216
1.400 	4.915762
1.401 	4.790430
1.402 	4.432688
1.403 	4.615406
1.404 	5.169686
1.405 	5.326836
1.406 	5.311479
1.407 	5.807060
1.408 	6.041522
1.409 	5.255241
1.410 	4.653867
1.411 	5.114267
1.412 	5.692833
1.413 	5.812069
1.414 	6.335516
1.415 	7.376669
1.416 	7.267053
1.417 	5.570457
1.418 	3.965678
1.419 	4.337592
1.420 	6.460294
1.421 	7.619060
1.422 	6.186696
1.423 	4.291643
1.424 	3.328582
1.425 	3.075446
1.426 	3.673057
1.427 	4.592583
1.428 	4.871455
1.429 	4.396817
1.430 	4.125496
1.431 	4.634758
1.432 	5.069857
1.433 	4.697389
1.434 	3.940221
1.435 	3.302619
1.436 	3.212565
1.437 	3.876517
1.438 	5.369282
1.439 	7.268113
1.440 	8.291320
1.441 	7.307426
1.442 	5.268504
1.443 	3.835480
1.444 	3.374602
1.445 	3.562788
1.446 	4.159336
1.447 	4.836358
1.448 	5.154636
1.449 	5.193716
1.450 	4.888069
1.451 	4.485939
1.452 	4.310656
1.453 	4.084715
1.454 	3.795946
1.455 	3.666683
1.456 	3.869291
1.457 	4.717946
1.458 	5.514546
1.459 	5.526459
1.460 	5.282759
1.461 	4.990580
1.462 	4.474494
1.463 	3.664529
1.464 	3.300832
1.465 	4.198240
1.466 	5.517299
1.467 	5.577587
1.468 	4.261946
1.469 	3.088498
1.470 	3.002494
1.471 	3.786640
1.472 	4.986227
1.473 	5.611983
1.474 	6.019955
1.475 	6.930327
1.476 	7.484816
1.477 	6.944517
1.478 	5.768293
1.479 	5.455446
1.480 	5.705931
1.481 	5.213230
1.482 	4.723264
1.483 	5.621676
1.484 	6.523705
1.485 	5.661595
1.486 	4.470198
1.487 	4.261948
1.488 	3.854574
1.489 	3.266054
1.490 	4.007650
1.491 	5.469720
1.492 	5.305751
1.493 	3.821713
1.494 	3.162623
1.495 	4.006340
1.496 	5.573950
1.497 	6.116203
1.498 	5.702362
1.499 	5.004265
1.500 	4.274523
1.501 	3.451382
1.502 	3.346512
1.503 	5.035785
1.504 	6.844329
1.505 	6.609180
1.506 	6.028542
1.507 	5.975489
1.508 	5.743267
1.509 	5.343114
1.510 	5.416807
1.511 	5.117052
1.512 	3.648068
1.513 	3.241694
1.514 	4.594329
1.515 	5.993650
1.516 	6.568724
1.517 	5.542124
1.518 	3.471698
1.519 	3.027440
1.520 	4.946222
1.521 	6.514711
1.522 	6.476104
1.523 	6.435520
1.524 	7.136502
1.525 	6.960959
1.526 	5.796162
1.527 	5.215785
1.528 	4.936932
1.529 	4.455606
1.530 	4.767277
1.531 	5.582923
1.532 	4.942381
1.533 	3.685687
1.534 	3.866764
1.535 	5.475525
1.536 	6.426166
1.537 	6.183914
1.538 	6.014579
1.539 	6.468485
1.540 	6.891751
1.541 	6.471970
1.542 	5.328097
1.543 	5.318699
1.544 	5.895429
1.545 	6.630066
1.546 	7.501246
1.547 	7.378549
1.548 	6.103677
1.549 	5.670459
1.550 	6.539224
1.551 	6.936173
1.552 	5.865912
1.553 	4.484906
1.554 	5.243484
1.555 	6.980282
1.556 	7.453367
1.557 	7.252862
1.558 	6.764219
1.559 	5.540455
1.560 	5.230050
1.561 	6.340413
1.562 	6.166071
1.563 	5.351342
1.564 	5.511300
1.565 	6.816815
1.566 	7.426228
1.567 	7.539277
1.568 	8.437268
1.569 	8.496361
1.570 	6.961232
1.571 	5.218923
1.572 	4.123700
1.573 	3.583017
1.574 	5.011189
1.575 	6.617601
1.576 	6.762784
1.577 	6.727459
1.578 	7.888278
1.579 	8.998669
1.580 	8.373077
1.581 	6.138205
1.582 	4.652711
1.583 	6.171127
1.584 	7.270537
1.585 	6.034024
1.586 	5.352304
1.587 	5.299639
1.588 	5.949816
1.589 	6.133554
1.590 	4.714881
1.591 	3.660566
1.592 	4.871165
1.593 	6.407614
1.594 	7.384196
1.595 	8.773355
1.596 	10.563386
1.597 	10.318031
1.598 	7.792164
1.599 	6.081500
1.600 	6.460021
1.601 	6.232928
1.602 	5.699450
1.603 	6.384456
1.604 	6.056840
1.605 	5.434007
1.606 	5.892854
1.607 	4.930432
1.608 	3.725271
1.609 	5.303557
1.610 	6.843742
1.611 	7.070227
1.612 	6.918708
1.613 	7.723525
1.614 	8.952736
1.615 	7.618953
1.616 	5.969781
1.617 	7.027356
1.618 	7.710877
1.619 	8.011208
1.620 	7.421104
1.621 	7.393132
1.622 	8.736479
1.623 	9.515448
1.624 	8.538817
1.625 	6.110021
1.626 	6.178078
1.627 	7.082399
1.628 	5.773705
1.629 	5.740579
1.630 	8.246540
1.631 	8.512395
1.632 	7.031407
1.633 	7.055453
1.634 	7.157946
1.635 	8.036351
1.636 	9.063271
1.637 	7.717055
1.638 	6.196874
1.639 	5.163437
1.640 	5.143697
1.641 	5.598811
1.642 	6.751680
1.643 	7.074732
1.644 	6.736330
1.645 	7.068186
1.646 	7.653191
1.647 	8.622257
1.648 	8.979476
1.649 	8.815326
1.650 	8.156116
1.651 	6.779939
1.652 	7.134007
1.653 	9.799017
1.654 	9.718682
1.655 	6.755154
1.656 	6.342064
1.657 	5.936967
1.658 	8.561408
1.659 	11.223201
1.660 	8.472490
1.661 	6.245067
1.662 	7.719963
1.663 	8.673236
1.664 	9.534811
1.665 	8.925337
1.666 	7.478425
1.667 	9.636408
1.668 	9.685661
1.669 	7.697375
1.670 	10.078276
1.671 	11.153359
1.672 	1.945423
1.673 	-3.507496
1.674 	4.919023
1.675 	8.453213
1.676 	12.091555
1.677 	12.820811
1.678 	12.700663
1.679 	11.569085
1.680 	9.540124
1.681 	2.504461
1.682 	1.569014
1.683 	4.687375
1.684 	1.848666
1.685 	-1.958118
1.686 	0.574347
1.687 	13.811250
1.688 	18.154636
1.689 	11.798567
1.690 	2.482853
1.691 	1.618101
1.692 	6.401273
1.693 	15.656742
1.694 	16.606885
1.695 	1.974061
1.696 	-6.775201
1.697 	8.061986
1.698 	20.749805
1.699 	15.847526
1.700 	19.383193
