0.660 	41.251183
0.661 	41.408738
0.662 	40.010581
0.663 	42.430777
0.664 	40.687861
0.665 	34.226063
0.666 	40.012250
0.667 	40.901819
0.668 	39.862503
0.669 	38.022231
0.670 	36.930699
0.671 	37.037362
0.672 	35.899834
0.673 	39.355281
0.674 	41.995395
0.675 	38.667981
0.676 	39.181951
0.677 	35.721188
0.678 	38.380482
0.679 	40.632914
0.680 	37.938063
0.681 	36.437299
0.682 	37.327629
0.683 	38.517500
0.684 	40.689075
0.685 	37.442803
0.686 	36.950608
0.687 	37.580949
0.688 	39.025367
0.689 	38.651171
0.690 	36.732922
0.691 	35.984747
0.692 	37.338095
0.693 	36.873162
0.694 	36.014527
0.695 	36.553942
0.696 	37.061758
0.697 	36.362165
0.698 	38.189739
0.699 	36.702466
0.700 	36.443924
0.701 	37.264868
0.702 	36.740016
0.703 	35.052199
0.704 	35.866914
0.705 	38.695436
0.706 	38.546665
0.707 	37.080746
0.708 	35.775138
0.709 	34.125066
0.710 	33.626976
0.711 	35.911684
0.712 	35.484331
0.713 	35.163484
0.714 	36.058616
0.715 	36.202374
0.716 	34.970791
0.717 	35.906162
0.718 	37.091231
0.719 	36.836504
0.720 	35.216859
0.721 	35.083985
0.722 	36.983427
0.723 	37.978092
0.724 	35.467334
0.725 	33.584815
0.726 	34.951325
0.727 	35.403000
0.728 	35.406059
0.729 	35.842388
0.730 	36.413409
0.731 	34.661254
0.732 	33.229650
0.733 	33.539904
0.734 	34.363689
0.735 	34.782083
0.736 	35.052809
0.737 	34.781358
0.738 	35.431671
0.739 	35.319483
0.740 	32.566728
0.741 	30.839685
0.742 	31.933721
0.743 	34.151587
0.744 	34.284678
0.745 	34.060528
0.746 	34.562527
0.747 	34.112692
0.748 	33.945719
0.749 	35.534640
0.750 	35.430003
0.751 	32.574022
0.752 	32.689830
0.753 	33.689242
0.754 	32.652923
0.755 	31.677617
0.756 	32.283511
0.757 	33.227552
0.758 	32.903038
0.759 	33.515768
0.760 	33.703659
0.761 	33.838488
0.762 	34.271131
0.763 	34.166474
0.764 	33.141840
0.765 	33.335556
0.766 	33.832861
0.767 	33.603985
0.768 	33.211741
0.769 	32.041644
0.770 	31.498963
0.771 	32.289209
0.772 	33.563321
0.773 	33.791070
0.774 	33.345819
0.775 	33.068670
0.776 	32.700538
0.777 	32.121166
0.778 	31.797800
0.779 	32.167259
0.780 	32.809463
0.781 	32.883572
0.782 	32.750930
0.783 	33.049726
0.784 	33.297996
0.785 	32.657140
0.786 	31.942089
0.787 	32.963833
0.788 	33.567315
0.789 	33.129667
0.790 	32.807945
0.791 	32.551908
0.792 	32.118114
0.793 	31.632712
0.794 	32.016275
0.795 	32.039165
0.796 	31.722671
0.797 	32.358751
0.798 	33.662684
0.799 	33.848203
0.800 	33.428207
0.801 	33.024376
0.802 	32.260775
0.803 	31.592734
0.804 	31.381962
0.805 	31.104393
0.806 	31.132281
0.807 	31.617290
0.808 	32.044001
0.809 	32.240749
0.810 	31.850001
0.811 	31.644310
0.812 	31.896522
0.813 	31.564419
0.814 	31.739390
0.815 	32.820777
0.816 	32.972962
0.817 	32.108150
0.818 	31.560434
0.819 	31.448946
0.820 	31.609769
0.821 	32.042346
0.822 	32.152830
0.823 	31.694548
0.824 	31.483960
0.825 	32.054418
0.826 	32.281481
0.827 	31.714971
0.828 	31.401627
0.829 	31.415632
0.830 	31.367017
0.831 	31.198715
0.832 	30.800325
0.833 	30.124295
0.834 	30.059762
0.835 	30.553020
0.836 	30.469896
0.837 	30.905251
0.838 	32.022046
0.839 	32.059537
0.840 	31.312233
0.841 	30.866614
0.842 	31.473803
0.843 	31.871338
0.844 	31.226473
0.845 	30.834285
0.846 	30.650377
0.847 	30.523189
0.848 	30.767608
0.849 	30.981300
0.850 	30.665065
0.851 	29.894959
0.852 	29.855647
0.853 	31.264290
0.854 	32.073480
0.855 	31.344932
0.856 	30.830218
0.857 	30.810098
0.858 	30.499986
0.859 	29.951106
0.860 	30.035608
0.861 	31.088843
0.862 	31.650632
0.863 	30.818749
0.864 	30.011372
0.865 	30.106700
0.866 	30.561026
0.867 	30.966247
0.868 	30.901868
0.869 	30.506235
0.870 	30.315527
0.871 	30.283683
0.872 	30.145861
0.873 	30.164984
0.874 	30.803304
0.875 	31.202706
0.876 	30.606437
0.877 	29.683833
0.878 	29.050267
0.879 	29.050323
0.880 	29.594349
0.881 	29.922995
0.882 	29.557305
0.883 	29.398859
0.884 	30.158678
0.885 	30.709117
0.886 	30.305982
0.887 	29.954404
0.888 	29.789783
0.889 	29.144319
0.890 	28.733076
0.891 	29.098033
0.892 	29.750360
0.893 	29.996804
0.894 	29.864331
0.895 	29.935041
0.896 	30.087665
0.897 	30.123780
0.898 	29.685521
0.899 	28.876783
0.900 	28.477645
0.901 	28.576091
0.902 	28.881123
0.903 	29.290138
0.904 	29.494808
0.905 	29.515278
0.906 	29.627330
0.907 	30.128954
0.908 	30.568178
0.909 	30.299821
0.910 	29.498018
0.911 	29.057454
0.912 	29.172232
0.913 	29.146393
0.914 	28.988396
0.915 	29.220086
0.916 	29.662819
0.917 	29.665898
0.918 	29.023343
0.919 	28.190856
0.920 	27.870117
0.921 	28.340269
0.922 	29.142026
0.923 	29.523854
0.924 	29.441329
0.925 	29.160125
0.926 	28.902058
0.927 	28.736380
0.928 	28.484986
0.929 	28.429813
0.930 	28.799240
0.931 	29.120629
0.932 	28.901585
0.933 	28.461599
0.934 	28.192241
0.935 	28.461062
0.936 	28.725843
0.937 	28.390701
0.938 	28.130002
0.939 	28.323280
0.940 	28.787373
0.941 	28.270855
0.942 	27.481870
0.943 	26.925091
0.944 	27.042815
0.945 	27.703644
0.946 	27.969215
0.947 	27.864572
0.948 	27.673823
0.949 	27.421972
0.950 	26.909878
0.951 	26.048930
0.952 	25.633802
0.953 	26.432190
0.954 	27.114341
0.955 	27.211444
0.956 	27.146244
0.957 	26.818895
0.958 	26.192329
0.959 	25.848254
0.960 	25.828578
0.961 	25.450641
0.962 	25.388643
0.963 	25.594558
0.964 	25.545505
0.965 	25.348036
0.966 	25.535900
0.967 	25.886882
0.968 	25.151455
0.969 	24.211618
0.970 	24.450066
0.971 	24.406906
0.972 	24.882992
0.973 	25.403123
0.974 	25.148502
0.975 	24.699266
0.976 	24.745831
0.977 	25.327761
0.978 	25.515545
0.979 	25.385310
0.980 	24.704280
0.981 	24.602656
0.982 	24.365166
0.983 	24.089002
0.984 	24.233185
0.985 	23.931295
0.986 	24.273444
0.987 	25.212385
0.988 	24.877733
0.989 	23.814374
0.990 	23.877653
0.991 	24.209153
0.992 	23.995068
0.993 	24.101653
0.994 	23.974593
0.995 	23.683325
0.996 	24.244879
0.997 	24.613678
0.998 	24.396957
0.999 	24.015674
1.000 	23.851135
1.001 	24.055192
1.002 	24.049011
1.003 	23.376802
1.004 	23.685505
1.005 	24.790446
1.006 	24.663982
1.007 	23.894502
1.008 	23.369958
1.009 	24.155335
1.010 	24.774282
1.011 	24.573098
1.012 	24.246277
1.013 	23.413455
1.014 	22.335938
1.015 	22.735035
1.016 	24.314203
1.017 	24.930838
1.018 	24.784859
1.019 	24.017229
1.020 	23.108078
1.021 	23.043521
1.022 	23.879644
1.023 	24.331542
1.024 	24.091151
1.025 	24.474066
1.026 	24.889731
1.027 	23.929583
1.028 	22.423049
1.029 	22.202067
1.030 	23.687199
1.031 	25.671485
1.032 	25.909446
1.033 	24.989735
1.034 	23.990348
1.035 	23.192608
1.036 	23.282569
1.037 	24.246770
1.038 	24.807487
1.039 	24.657835
1.040 	24.342013
1.041 	24.269493
1.042 	24.070020
1.043 	23.705747
1.044 	23.573085
1.045 	23.804559
1.046 	23.463397
1.047 	23.212747
1.048 	24.269869
1.049 	24.812591
1.050 	24.252468
1.051 	23.806792
1.052 	24.357836
1.053 	25.253303
1.054 	25.019140
1.055 	24.469644
1.056 	24.430766
1.057 	24.564782
1.058 	25.138582
1.059 	25.785865
1.060 	25.529997
1.061 	25.020769
1.062 	25.481316
1.063 	25.810675
1.064 	24.756034
1.065 	23.378950
1.066 	22.797166
1.067 	23.334439
1.068 	24.399713
1.069 	24.866038
1.070 	24.108740
1.071 	23.340797
1.072 	23.758988
1.073 	24.790618
1.074 	25.364185
1.075 	25.277351
1.076 	24.788968
1.077 	24.555445
1.078 	24.807204
1.079 	24.411791
1.080 	23.688282
1.081 	24.239876
1.082 	24.813863
1.083 	24.671288
1.084 	24.826960
1.085 	24.994140
1.086 	24.880744
1.087 	24.525337
1.088 	23.735584
1.089 	23.126634
1.090 	23.361075
1.091 	24.014586
1.092 	24.200663
1.093 	23.857544
1.094 	23.429895
1.095 	23.381550
1.096 	23.959427
1.097 	24.741987
1.098 	24.753972
1.099 	24.401113
1.100 	24.215570
1.101 	23.325658
1.102 	22.632853
1.103 	23.339908
1.104 	24.403979
1.105 	25.012519
1.106 	24.928725
1.107 	24.316535
1.108 	23.958409
1.109 	24.175117
1.110 	24.271155
1.111 	23.732198
1.112 	23.453625
1.113 	23.848600
1.114 	24.212352
1.115 	24.022588
1.116 	23.513179
1.117 	23.470755
1.118 	23.738010
1.119 	23.740913
1.120 	23.509429
1.121 	23.229509
1.122 	22.701224
1.123 	22.142617
1.124 	22.053328
1.125 	22.580203
1.126 	23.282017
1.127 	23.257092
1.128 	22.771221
1.129 	22.806453
1.130 	23.107994
1.131 	23.407973
1.132 	23.729241
1.133 	23.279080
1.134 	21.914563
1.135 	20.755402
1.136 	20.441199
1.137 	20.445458
1.138 	20.334254
1.139 	20.300026
1.140 	20.753096
1.141 	21.621815
1.142 	22.262427
1.143 	22.016801
1.144 	21.039933
1.145 	20.114535
1.146 	19.374515
1.147 	18.695984
1.148 	18.579536
1.149 	19.469852
1.150 	20.344525
1.151 	19.599567
1.152 	18.198780
1.153 	18.053750
1.154 	18.436096
1.155 	17.763824
1.156 	17.176715
1.157 	18.083599
1.158 	19.298459
1.159 	19.318821
1.160 	18.412011
1.161 	18.075061
1.162 	18.619991
1.163 	18.975540
1.164 	18.955332
1.165 	18.900422
1.166 	19.052587
1.167 	19.149273
1.168 	18.793520
1.169 	18.324205
1.170 	18.259520
1.171 	18.416908
1.172 	18.246600
1.173 	17.932936
1.174 	18.004455
1.175 	18.100930
1.176 	17.467967
1.177 	16.416942
1.178 	16.359650
1.179 	17.363563
1.180 	17.934585
1.181 	17.372844
1.182 	16.412796
1.183 	16.302653
1.184 	17.173644
1.185 	17.402014
1.186 	16.821336
1.187 	17.121258
1.188 	18.717837
1.189 	19.950139
1.190 	19.650855
1.191 	17.990225
1.192 	16.100456
1.193 	15.429076
1.194 	16.222277
1.195 	17.247393
1.196 	17.808190
1.197 	17.823029
1.198 	17.341903
1.199 	16.931381
1.200 	17.146891
1.201 	17.695575
1.202 	18.107665
1.203 	17.859038
1.204 	16.948207
1.205 	16.205602
1.206 	16.377101
1.207 	17.269305
1.208 	18.202090
1.209 	18.740114
1.210 	18.987812
1.211 	18.666087
1.212 	17.646371
1.213 	16.778005
1.214 	16.542238
1.215 	16.692866
1.216 	17.174415
1.217 	17.393805
1.218 	16.963807
1.219 	16.600149
1.220 	16.825162
1.221 	17.177887
1.222 	17.366487
1.223 	17.376634
1.224 	17.224110
1.225 	17.330834
1.226 	17.459749
1.227 	17.343537
1.228 	17.746266
1.229 	18.557563
1.230 	19.166198
1.231 	19.421923
1.232 	19.191884
1.233 	18.480322
1.234 	18.244362
1.235 	18.737104
1.236 	18.983439
1.237 	18.437458
1.238 	17.355352
1.239 	16.914733
1.240 	17.777515
1.241 	18.628471
1.242 	18.556194
1.243 	17.934877
1.244 	17.423183
1.245 	17.031700
1.246 	16.821220
1.247 	17.428983
1.248 	18.616522
1.249 	19.700662
1.250 	19.945166
1.251 	19.321442
1.252 	18.846876
1.253 	18.802990
1.254 	18.786106
1.255 	18.647074
1.256 	18.808884
1.257 	19.353158
1.258 	19.460199
1.259 	18.806659
1.260 	18.091874
1.261 	18.022906
1.262 	18.705842
1.263 	19.788421
1.264 	20.029513
1.265 	18.865277
1.266 	17.697437
1.267 	17.696566
1.268 	18.715032
1.269 	19.511093
1.270 	19.362933
1.271 	18.953407
1.272 	18.804411
1.273 	19.086238
1.274 	19.303362
1.275 	18.992264
1.276 	18.932985
1.277 	19.489986
1.278 	19.870551
1.279 	19.838559
1.280 	19.459548
1.281 	18.494950
1.282 	17.485192
1.283 	17.521376
1.284 	18.353585
1.285 	18.906742
1.286 	18.903365
1.287 	18.820883
1.288 	18.692569
1.289 	18.396959
1.290 	18.013326
1.291 	17.863552
1.292 	17.906173
1.293 	17.734388
1.294 	17.339252
1.295 	16.841967
1.296 	16.877235
1.297 	17.366806
1.298 	17.798803
1.299 	17.917928
1.300 	17.866210
1.301 	17.632640
1.302 	17.515688
1.303 	17.797608
1.304 	18.411347
1.305 	18.903674
1.306 	18.477185
1.307 	16.912133
1.308 	15.588121
1.309 	16.328841
1.310 	18.039213
1.311 	18.574716
1.312 	17.159606
1.313 	15.779813
1.314 	15.752509
1.315 	16.434850
1.316 	17.053672
1.317 	17.425028
1.318 	17.595866
1.319 	17.238930
1.320 	16.240343
1.321 	15.785902
1.322 	16.397384
1.323 	16.779461
1.324 	15.832229
1.325 	14.201374
1.326 	13.524837
1.327 	13.989702
1.328 	14.400705
1.329 	13.869336
1.330 	13.020130
1.331 	13.136112
1.332 	14.215863
1.333 	15.395084
1.334 	15.847857
1.335 	15.569667
1.336 	15.268273
1.337 	15.254134
1.338 	14.945933
1.339 	14.459022
1.340 	14.563037
1.341 	15.073413
1.342 	14.789247
1.343 	13.767670
1.344 	13.440109
1.345 	14.230448
1.346 	14.587884
1.347 	13.787870
1.348 	12.723536
1.349 	12.502994
1.350 	13.650157
1.351 	14.874833
1.352 	14.843373
1.353 	13.872457
1.354 	13.489135
1.355 	13.701330
1.356 	13.673524
1.357 	13.399762
1.358 	13.046414
1.359 	12.433248
1.360 	11.901455
1.361 	12.253618
1.362 	13.525768
1.363 	14.540549
1.364 	13.947032
1.365 	12.498541
1.366 	11.343638
1.367 	11.057762
1.368 	11.605832
1.369 	12.094007
1.370 	11.949558
1.371 	11.635838
1.372 	11.706426
1.373 	11.955911
1.374 	11.551306
1.375 	10.437766
1.376 	9.624521
1.377 	10.230506
1.378 	11.579902
1.379 	12.079856
1.380 	11.399997
1.381 	10.733545
1.382 	10.720568
1.383 	10.888674
1.384 	11.022483
1.385 	10.863808
1.386 	10.135901
1.387 	8.828740
1.388 	7.617282
1.389 	7.417940
1.390 	7.958265
1.391 	8.298970
1.392 	8.766943
1.393 	9.045500
1.394 	8.466185
1.395 	8.009423
1.396 	8.246405
1.397 	8.151962
1.398 	7.138608
1.399 	5.745339
1.400 	5.075339
1.401 	5.324959
1.402 	6.065490
1.403 	6.603031
1.404 	6.264129
1.405 	5.260523
1.406 	4.852582
1.407 	5.647353
1.408 	6.902138
1.409 	8.249358
1.410 	8.927814
1.411 	8.088526
1.412 	6.135551
1.413 	4.805360
1.414 	4.814709
1.415 	5.738508
1.416 	6.705150
1.417 	7.120942
1.418 	7.367508
1.419 	7.715183
1.420 	7.885854
1.421 	7.168621
1.422 	5.977370
1.423 	5.413114
1.424 	4.899355
1.425 	4.685066
1.426 	6.410328
1.427 	8.325920
1.428 	8.466557
1.429 	7.825916
1.430 	7.080879
1.431 	6.046378
1.432 	5.442372
1.433 	5.524394
1.434 	5.870994
1.435 	6.379417
1.436 	6.702649
1.437 	6.624392
1.438 	6.100843
1.439 	5.580163
1.440 	5.589593
1.441 	5.753997
1.442 	6.151069
1.443 	7.189897
1.444 	7.769957
1.445 	6.826745
1.446 	6.290614
1.447 	7.049129
1.448 	7.959793
1.449 	8.509721
1.450 	8.235520
1.451 	6.349992
1.452 	3.558576
1.453 	2.049902
1.454 	2.772903
1.455 	4.320240
1.456 	5.475722
1.457 	6.030316
1.458 	5.999967
1.459 	5.917767
1.460 	6.215190
1.461 	6.046642
1.462 	5.082835
1.463 	4.764029
1.464 	5.880933
1.465 	7.554894
1.466 	8.211911
1.467 	7.066995
1.468 	5.801835
1.469 	5.766732
1.470 	6.055756
1.471 	5.870836
1.472 	5.642673
1.473 	5.788189
1.474 	5.877982
1.475 	5.668629
1.476 	5.453119
1.477 	5.227905
1.478 	5.287945
1.479 	6.265491
1.480 	8.078456
1.481 	9.650885
1.482 	9.692556
1.483 	8.141827
1.484 	6.665261
1.485 	6.299847
1.486 	5.966679
1.487 	5.443527
1.488 	6.301726
1.489 	7.711682
1.490 	7.423800
1.491 	5.832313
1.492 	5.584703
1.493 	7.244215
1.494 	8.098598
1.495 	6.829541
1.496 	4.409034
1.497 	3.289836
1.498 	4.792600
1.499 	6.717834
1.500 	8.245860
1.501 	9.079341
1.502 	8.339592
1.503 	7.307225
1.504 	7.693622
1.505 	8.195612
1.506 	8.187539
1.507 	7.883265
1.508 	7.041914
1.509 	7.039460
1.510 	6.988228
1.511 	5.855733
1.512 	4.716842
1.513 	4.348591
1.514 	6.586738
1.515 	10.286455
1.516 	10.704363
1.517 	8.817823
1.518 	7.912012
1.519 	7.279085
1.520 	6.969633
1.521 	7.140485
1.522 	7.732098
1.523 	8.995916
1.524 	9.914544
1.525 	9.703157
1.526 	8.637876
1.527 	8.633587
1.528 	8.906605
1.529 	7.898907
1.530 	6.750495
1.531 	6.221687
1.532 	5.852807
1.533 	5.129101
1.534 	4.376186
1.535 	4.181259
1.536 	6.308887
1.537 	8.039354
1.538 	6.977332
1.539 	6.222836
1.540 	7.852311
1.541 	9.268438
1.542 	8.840273
1.543 	7.747312
1.544 	7.516265
1.545 	7.924590
1.546 	7.408063
1.547 	7.154989
1.548 	8.956473
1.549 	11.121680
1.550 	11.148404
1.551 	10.224272
1.552 	9.180036
1.553 	8.373619
1.554 	8.757441
1.555 	8.163667
1.556 	5.919055
1.557 	4.829891
1.558 	5.482618
1.559 	6.590464
1.560 	7.005580
1.561 	8.940513
1.562 	11.112777
1.563 	10.691005
1.564 	7.554686
1.565 	4.804636
1.566 	6.188348
1.567 	7.694272
1.568 	7.950894
1.569 	9.443485
1.570 	10.949035
1.571 	11.198975
1.572 	10.927238
1.573 	10.200627
1.574 	8.313568
1.575 	6.189738
1.576 	6.962809
1.577 	9.146315
1.578 	10.913808
1.579 	12.704714
1.580 	13.175114
1.581 	10.347571
1.582 	7.599385
1.583 	6.440984
1.584 	6.747902
1.585 	9.670444
1.586 	11.996512
1.587 	10.712962
1.588 	9.042149
1.589 	8.625750
1.590 	9.216047
1.591 	9.908339
1.592 	9.348787
1.593 	8.312671
1.594 	9.584848
1.595 	11.784772
1.596 	12.195731
1.597 	11.044265
1.598 	9.899490
1.599 	11.142107
1.600 	11.977484
1.601 	10.331152
1.602 	8.529786
1.603 	9.120689
1.604 	8.774552
1.605 	7.388892
1.606 	6.764197
1.607 	9.325784
1.608 	13.438564
1.609 	13.577735
1.610 	11.859455
1.611 	10.684994
1.612 	10.212787
1.613 	9.254792
1.614 	8.302022
1.615 	10.056259
1.616 	11.217654
1.617 	11.169862
1.618 	10.431624
1.619 	9.261086
1.620 	11.368049
1.621 	12.486825
1.622 	10.502651
1.623 	9.501204
1.624 	10.727854
1.625 	11.843409
1.626 	11.476985
1.627 	9.929579
1.628 	8.892084
1.629 	8.004939
1.630 	8.491210
1.631 	10.027116
1.632 	9.482785
1.633 	11.477410
1.634 	14.169405
1.635 	13.626378
1.636 	10.380471
1.637 	7.134810
1.638 	7.600134
1.639 	10.906880
1.640 	12.067203
1.641 	12.917489
1.642 	13.337184
1.643 	9.118580
1.644 	8.503956
1.645 	12.378491
1.646 	17.129886
1.647 	16.849925
1.648 	13.396601
1.649 	12.030497
1.650 	9.668653
1.651 	8.188796
1.652 	11.805105
1.653 	14.412164
1.654 	12.235015
1.655 	10.610323
1.656 	10.717418
1.657 	11.146542
1.658 	8.098235
1.659 	9.322085
1.660 	13.162141
1.661 	13.212649
1.662 	15.501918
1.663 	11.978474
1.664 	5.622606
1.665 	11.034409
1.666 	14.419665
1.667 	11.760036
1.668 	11.526727
1.669 	15.266539
1.670 	15.081784
1.671 	13.117355
1.672 	12.103249
1.673 	8.271569
1.674 	8.157079
1.675 	12.108108
1.676 	15.807490
1.677 	14.747174
1.678 	10.137448
1.679 	11.031968
1.680 	12.898243
1.681 	9.926929
1.682 	18.569486
1.683 	16.544624
1.684 	10.776416
1.685 	10.785200
1.686 	14.979785
1.687 	15.731538
1.688 	11.157231
1.689 	15.510114
1.690 	17.775221
1.691 	21.061031
1.692 	20.745085
1.693 	13.358384
1.694 	11.017024
1.695 	17.601709
1.696 	16.627297
1.697 	24.274555
1.698 	18.402376
1.699 	11.009351
1.700 	8.375292
