0.660 	43.376624
0.661 	41.293391
0.662 	37.423396
0.663 	42.971508
0.664 	40.819202
0.665 	36.238688
0.666 	40.180666
0.667 	38.985341
0.668 	39.611640
0.669 	39.311045
0.670 	35.661891
0.671 	40.676642
0.672 	38.599080
0.673 	38.502801
0.674 	39.275213
0.675 	37.686297
0.676 	37.912809
0.677 	40.533147
0.678 	39.269409
0.679 	38.124974
0.680 	35.863083
0.681 	37.031693
0.682 	35.706116
0.683 	38.189608
0.684 	39.218159
0.685 	38.882853
0.686 	38.679191
0.687 	35.988980
0.688 	37.894905
0.689 	38.767065
0.690 	35.764092
0.691 	36.250298
0.692 	38.996849
0.693 	38.458357
0.694 	36.010788
0.695 	34.886791
0.696 	35.149717
0.697 	35.617093
0.698 	38.513261
0.699 	38.312676
0.700 	37.887605
0.701 	34.354425
0.702 	33.384336
0.703 	37.113516
0.704 	37.810900
0.705 	38.706144
0.706 	39.162736
0.707 	37.926113
0.708 	36.470162
0.709 	34.082153
0.710 	34.199468
0.711 	37.055879
0.712 	36.798465
0.713 	34.737366
0.714 	34.354562
0.715 	36.535363
0.716 	36.948787
0.717 	36.654318
0.718 	36.398390
0.719 	36.160541
0.720 	35.866396
0.721 	34.866553
0.722 	35.985111
0.723 	36.651568
0.724 	35.033879
0.725 	34.903672
0.726 	34.587824
0.727 	35.366730
0.728 	36.231606
0.729 	35.331266
0.730 	35.174210
0.731 	33.879974
0.732 	32.669918
0.733 	33.715763
0.734 	34.274898
0.735 	34.593028
0.736 	35.335868
0.737 	35.863988
0.738 	35.695522
0.739 	34.957077
0.740 	33.391916
0.741 	32.302541
0.742 	32.983309
0.743 	35.124607
0.744 	35.081849
0.745 	34.030480
0.746 	33.952738
0.747 	33.083766
0.748 	33.970204
0.749 	36.041500
0.750 	35.196306
0.751 	32.673868
0.752 	33.356137
0.753 	34.681495
0.754 	34.008950
0.755 	32.516423
0.756 	33.136374
0.757 	34.422150
0.758 	33.452126
0.759 	32.906927
0.760 	33.426565
0.761 	34.417042
0.762 	35.007279
0.763 	34.555240
0.764 	33.584129
0.765 	33.456301
0.766 	33.500638
0.767 	33.095299
0.768 	33.161732
0.769 	33.135994
0.770 	33.312592
0.771 	33.605608
0.772 	34.003534
0.773 	33.615028
0.774 	32.577111
0.775 	31.866241
0.776 	31.945015
0.777 	32.275130
0.778 	32.061354
0.779 	32.458925
0.780 	33.110545
0.781 	33.713663
0.782 	33.973225
0.783 	34.098287
0.784 	34.735244
0.785 	34.107105
0.786 	32.836974
0.787 	33.450269
0.788 	33.797758
0.789 	33.261679
0.790 	33.411021
0.791 	34.050844
0.792 	33.677250
0.793 	32.044700
0.794 	32.155485
0.795 	32.799088
0.796 	32.891517
0.797 	33.190860
0.798 	33.781585
0.799 	33.860681
0.800 	33.539403
0.801 	32.997711
0.802 	32.340511
0.803 	32.426526
0.804 	32.580112
0.805 	31.923802
0.806 	31.836872
0.807 	32.657070
0.808 	32.803224
0.809 	32.432130
0.810 	32.343100
0.811 	32.557932
0.812 	32.817700
0.813 	32.495174
0.814 	32.658064
0.815 	33.649899
0.816 	33.696038
0.817 	32.665079
0.818 	32.114538
0.819 	32.176220
0.820 	32.320176
0.821 	32.043537
0.822 	31.684982
0.823 	31.719015
0.824 	32.288250
0.825 	33.083442
0.826 	33.125346
0.827 	32.726084
0.828 	32.084660
0.829 	31.367270
0.830 	31.282278
0.831 	31.745446
0.832 	31.946182
0.833 	31.777008
0.834 	31.660753
0.835 	31.543507
0.836 	31.481004
0.837 	32.271349
0.838 	33.288881
0.839 	32.880456
0.840 	31.725664
0.841 	31.145642
0.842 	31.621361
0.843 	32.233944
0.844 	32.050110
0.845 	31.658005
0.846 	31.622137
0.847 	31.876872
0.848 	32.135482
0.849 	32.199723
0.850 	31.768843
0.851 	30.943454
0.852 	30.812232
0.853 	32.031320
0.854 	32.843731
0.855 	31.951911
0.856 	31.086663
0.857 	31.206424
0.858 	31.119791
0.859 	30.811724
0.860 	31.233657
0.861 	32.202125
0.862 	32.621819
0.863 	31.979057
0.864 	31.225159
0.865 	31.043174
0.866 	30.965596
0.867 	31.028647
0.868 	31.449397
0.869 	31.840148
0.870 	31.894609
0.871 	31.743902
0.872 	31.421177
0.873 	31.360331
0.874 	31.933461
0.875 	32.207687
0.876 	31.940768
0.877 	31.481393
0.878 	30.542005
0.879 	29.861746
0.880 	30.384358
0.881 	31.435996
0.882 	31.743528
0.883 	31.326808
0.884 	31.256260
0.885 	31.538927
0.886 	31.323390
0.887 	30.764087
0.888 	30.306583
0.889 	30.008188
0.890 	30.133861
0.891 	30.695023
0.892 	31.310286
0.893 	31.539309
0.894 	31.571555
0.895 	31.685737
0.896 	31.673252
0.897 	31.807456
0.898 	31.915303
0.899 	31.514057
0.900 	30.669696
0.901 	30.046234
0.902 	30.077681
0.903 	30.520242
0.904 	30.776454
0.905 	30.588203
0.906 	30.311014
0.907 	30.676416
0.908 	31.228831
0.909 	31.283143
0.910 	30.916594
0.911 	30.571693
0.912 	30.198382
0.913 	29.709354
0.914 	29.778966
0.915 	30.795158
0.916 	31.798675
0.917 	32.140547
0.918 	31.744483
0.919 	30.804710
0.920 	29.976320
0.921 	29.489348
0.922 	29.142170
0.923 	29.375744
0.924 	29.894160
0.925 	30.031099
0.926 	29.730520
0.927 	29.488428
0.928 	29.500925
0.929 	29.983899
0.930 	30.462550
0.931 	30.666777
0.932 	30.852007
0.933 	30.945692
0.934 	30.955286
0.935 	30.888663
0.936 	30.351640
0.937 	29.431569
0.938 	29.054342
0.939 	29.768339
0.940 	30.473199
0.941 	30.234354
0.942 	29.807909
0.943 	29.402966
0.944 	29.418450
0.945 	30.007034
0.946 	30.391020
0.947 	30.633679
0.948 	30.434342
0.949 	29.859016
0.950 	29.008659
0.951 	28.093663
0.952 	28.058843
0.953 	28.732131
0.954 	29.392674
0.955 	29.548208
0.956 	29.375310
0.957 	29.574620
0.958 	29.065308
0.959 	28.675401
0.960 	28.609071
0.961 	28.012476
0.962 	27.693749
0.963 	28.329433
0.964 	29.111249
0.965 	28.819127
0.966 	28.599477
0.967 	28.699774
0.968 	28.070170
0.969 	26.953832
0.970 	27.011684
0.971 	27.527948
0.972 	28.155208
0.973 	28.439274
0.974 	28.294681
0.975 	28.528694
0.976 	28.328361
0.977 	27.758431
0.978 	27.645713
0.979 	27.829972
0.980 	27.306363
0.981 	27.506307
0.982 	27.974055
0.983 	27.637736
0.984 	27.098751
0.985 	26.181816
0.986 	25.912412
0.987 	26.910629
0.988 	27.345430
0.989 	27.772306
0.990 	28.151211
0.991 	27.660561
0.992 	26.842958
0.993 	26.865885
0.994 	26.931037
0.995 	26.863567
0.996 	26.985232
0.997 	27.033410
0.998 	27.018166
0.999 	26.718209
1.000 	26.453648
1.001 	26.775105
1.002 	26.934841
1.003 	26.343616
1.004 	26.559116
1.005 	27.117716
1.006 	26.784034
1.007 	26.499314
1.008 	26.370649
1.009 	27.083639
1.010 	27.408446
1.011 	26.764266
1.012 	26.340640
1.013 	25.719393
1.014 	25.281046
1.015 	25.968554
1.016 	26.747299
1.017 	26.521663
1.018 	26.483262
1.019 	26.452178
1.020 	26.045222
1.021 	26.152001
1.022 	26.634477
1.023 	26.816830
1.024 	27.003628
1.025 	27.282857
1.026 	26.782130
1.027 	25.234840
1.028 	24.371673
1.029 	24.835827
1.030 	26.119710
1.031 	27.189526
1.032 	27.026923
1.033 	26.186231
1.034 	25.556261
1.035 	25.697262
1.036 	25.994466
1.037 	26.365176
1.038 	27.285497
1.039 	27.766886
1.040 	27.055501
1.041 	25.893603
1.042 	25.324325
1.043 	25.589522
1.044 	26.110417
1.045 	25.914296
1.046 	25.345114
1.047 	25.385537
1.048 	26.419053
1.049 	26.871650
1.050 	26.680094
1.051 	26.301886
1.052 	26.220907
1.053 	26.647408
1.054 	26.712946
1.055 	26.536855
1.056 	26.628491
1.057 	26.367790
1.058 	26.016236
1.059 	25.927470
1.060 	25.900945
1.061 	26.429651
1.062 	27.577729
1.063 	27.774938
1.064 	26.945775
1.065 	26.415640
1.066 	26.045064
1.067 	25.765855
1.068 	26.049508
1.069 	26.442805
1.070 	25.944407
1.071 	25.294363
1.072 	25.451866
1.073 	25.952961
1.074 	26.461800
1.075 	26.474088
1.076 	26.230120
1.077 	26.353666
1.078 	26.642083
1.079 	26.643739
1.080 	26.398540
1.081 	26.477893
1.082 	26.847931
1.083 	26.999503
1.084 	26.805131
1.085 	26.721610
1.086 	26.498217
1.087 	25.883139
1.088 	25.000526
1.089 	24.529462
1.090 	25.019714
1.091 	25.847652
1.092 	26.066017
1.093 	26.037502
1.094 	26.106421
1.095 	26.166005
1.096 	26.303155
1.097 	26.376184
1.098 	26.268049
1.099 	26.453907
1.100 	26.454416
1.101 	25.712123
1.102 	25.401667
1.103 	25.677190
1.104 	25.541671
1.105 	25.222246
1.106 	25.357295
1.107 	25.747347
1.108 	25.949538
1.109 	26.144988
1.110 	26.238315
1.111 	25.852648
1.112 	25.803284
1.113 	26.353290
1.114 	26.571846
1.115 	26.207987
1.116 	25.865525
1.117 	25.899006
1.118 	26.120978
1.119 	26.011467
1.120 	25.327403
1.121 	24.795149
1.122 	25.018444
1.123 	25.418612
1.124 	25.492903
1.125 	25.753290
1.126 	25.814596
1.127 	25.297876
1.128 	25.221470
1.129 	25.382496
1.130 	24.884043
1.131 	24.676463
1.132 	25.271285
1.133 	25.598858
1.134 	25.142599
1.135 	24.317976
1.136 	24.051703
1.137 	24.627089
1.138 	25.017320
1.139 	24.299219
1.140 	23.550825
1.141 	23.846061
1.142 	24.449815
1.143 	24.463786
1.144 	24.057821
1.145 	23.695713
1.146 	23.296662
1.147 	23.025299
1.148 	22.954730
1.149 	23.136106
1.150 	23.559905
1.151 	23.724221
1.152 	23.545329
1.153 	23.254342
1.154 	22.992904
1.155 	22.578697
1.156 	22.324204
1.157 	22.742198
1.158 	23.291612
1.159 	23.220471
1.160 	22.790636
1.161 	23.034696
1.162 	23.816767
1.163 	24.086007
1.164 	23.578102
1.165 	22.816985
1.166 	22.587301
1.167 	22.925206
1.168 	23.404700
1.169 	23.390392
1.170 	23.136157
1.171 	23.259583
1.172 	23.398417
1.173 	22.949330
1.174 	22.107336
1.175 	21.505089
1.176 	21.112490
1.177 	20.679712
1.178 	20.884075
1.179 	21.796493
1.180 	22.332680
1.181 	22.024099
1.182 	21.190433
1.183 	20.916248
1.184 	21.955362
1.185 	22.907302
1.186 	22.949567
1.187 	23.099489
1.188 	23.722191
1.189 	23.799437
1.190 	23.018276
1.191 	21.747861
1.192 	20.584739
1.193 	20.117988
1.194 	20.724833
1.195 	21.744661
1.196 	22.187440
1.197 	21.993477
1.198 	21.993826
1.199 	22.445787
1.200 	22.704665
1.201 	22.698478
1.202 	22.872314
1.203 	23.016811
1.204 	22.755689
1.205 	22.212583
1.206 	22.176275
1.207 	22.737956
1.208 	23.339071
1.209 	23.664502
1.210 	23.840919
1.211 	23.177286
1.212 	21.505686
1.213 	20.329275
1.214 	20.346218
1.215 	20.887444
1.216 	21.560737
1.217 	22.102773
1.218 	22.028943
1.219 	21.393768
1.220 	20.993529
1.221 	21.227546
1.222 	21.804415
1.223 	22.458412
1.224 	22.940130
1.225 	23.182543
1.226 	23.149640
1.227 	22.891009
1.228 	22.488580
1.229 	22.186514
1.230 	22.249372
1.231 	22.861914
1.232 	23.336632
1.233 	23.049222
1.234 	22.806859
1.235 	23.099266
1.236 	23.163183
1.237 	22.472208
1.238 	21.447201
1.239 	21.072202
1.240 	21.587170
1.241 	22.011145
1.242 	21.950332
1.243 	21.975406
1.244 	22.542236
1.245 	22.927832
1.246 	23.077194
1.247 	23.868563
1.248 	24.889098
1.249 	25.144886
1.250 	24.505938
1.251 	23.469916
1.252 	22.638255
1.253 	22.112173
1.254 	22.049306
1.255 	22.353321
1.256 	22.778054
1.257 	23.256079
1.258 	23.561319
1.259 	23.709906
1.260 	23.465803
1.261 	22.897987
1.262 	22.761173
1.263 	23.193470
1.264 	23.020054
1.265 	22.149481
1.266 	21.806817
1.267 	22.152480
1.268 	22.788554
1.269 	23.472815
1.270 	23.888632
1.271 	23.933771
1.272 	23.639290
1.273 	23.255021
1.274 	22.838123
1.275 	22.756367
1.276 	23.543922
1.277 	24.348270
1.278 	24.037081
1.279 	23.049662
1.280 	22.597576
1.281 	22.517353
1.282 	22.501492
1.283 	22.889712
1.284 	23.125425
1.285 	22.760745
1.286 	22.603887
1.287 	23.172094
1.288 	23.582577
1.289 	23.262847
1.290 	22.445720
1.291 	21.840394
1.292 	21.701745
1.293 	21.824819
1.294 	22.105516
1.295 	22.569289
1.296 	22.773300
1.297 	22.208476
1.298 	21.282946
1.299 	21.022110
1.300 	21.560975
1.301 	22.213203
1.302 	22.867988
1.303 	23.553281
1.304 	23.932042
1.305 	23.833543
1.306 	22.856276
1.307 	21.506549
1.308 	20.908937
1.309 	21.810883
1.310 	22.850925
1.311 	22.696772
1.312 	21.602576
1.313 	21.375454
1.314 	22.095988
1.315 	22.441561
1.316 	22.351806
1.317 	22.143795
1.318 	22.280740
1.319 	22.462688
1.320 	22.240453
1.321 	21.788035
1.322 	21.435090
1.323 	21.052487
1.324 	20.515983
1.325 	20.401175
1.326 	21.226542
1.327 	21.882851
1.328 	21.327555
1.329 	20.058105
1.330 	19.444289
1.331 	20.077484
1.332 	20.858437
1.333 	21.262120
1.334 	21.312618
1.335 	20.779089
1.336 	20.168582
1.337 	20.414476
1.338 	20.843455
1.339 	20.889977
1.340 	20.952447
1.341 	21.024667
1.342 	20.874552
1.343 	20.818304
1.344 	20.922390
1.345 	21.151227
1.346 	21.370719
1.347 	21.166024
1.348 	20.483712
1.349 	19.737515
1.350 	19.731273
1.351 	20.278116
1.352 	20.576229
1.353 	20.728183
1.354 	20.991725
1.355 	20.415244
1.356 	18.931587
1.357 	17.981666
1.358 	18.018045
1.359 	18.292168
1.360 	18.706748
1.361 	19.479613
1.362 	20.373891
1.363 	20.639203
1.364 	19.961826
1.365 	18.909257
1.366 	18.061989
1.367 	17.809989
1.368 	18.171568
1.369 	18.883800
1.370 	19.569517
1.371 	20.042184
1.372 	20.035497
1.373 	19.387600
1.374 	18.051406
1.375 	16.793532
1.376 	16.727415
1.377 	17.922943
1.378 	18.820646
1.379 	18.745208
1.380 	18.416082
1.381 	18.143391
1.382 	17.917341
1.383 	17.909346
1.384 	17.764859
1.385 	17.411585
1.386 	17.277385
1.387 	16.917803
1.388 	15.962018
1.389 	15.436533
1.390 	15.676064
1.391 	15.507542
1.392 	15.252204
1.393 	15.260081
1.394 	14.834058
1.395 	14.286339
1.396 	14.180748
1.397 	14.471211
1.398 	14.763390
1.399 	14.359409
1.400 	12.842825
1.401 	11.059465
1.402 	10.913565
1.403 	12.096338
1.404 	12.879440
1.405 	12.739349
1.406 	12.499174
1.407 	12.555536
1.408 	12.925699
1.409 	13.603387
1.410 	14.054220
1.411 	13.842786
1.412 	12.796594
1.413 	11.911363
1.414 	12.038273
1.415 	12.765273
1.416 	13.194391
1.417 	13.158132
1.418 	13.437401
1.419 	13.323575
1.420 	12.366942
1.421 	11.217000
1.422 	10.108565
1.423 	9.682089
1.424 	10.567288
1.425 	11.908982
1.426 	12.834512
1.427 	13.141682
1.428 	13.502340
1.429 	14.354274
1.430 	14.710484
1.431 	13.610380
1.432 	12.054814
1.433 	11.092168
1.434 	10.553694
1.435 	10.616218
1.436 	11.631484
1.437 	12.643079
1.438 	12.743154
1.439 	12.469081
1.440 	12.542932
1.441 	12.782222
1.442 	13.035186
1.443 	13.168223
1.444 	12.632668
1.445 	11.585292
1.446 	11.857810
1.447 	13.627934
1.448 	14.739443
1.449 	14.280079
1.450 	13.384460
1.451 	12.243480
1.452 	10.540772
1.453 	9.580397
1.454 	10.015210
1.455 	10.628506
1.456 	11.017460
1.457 	11.808184
1.458 	12.634937
1.459 	12.403325
1.460 	11.290635
1.461 	9.897349
1.462 	9.242306
1.463 	10.613837
1.464 	13.243926
1.465 	14.748580
1.466 	14.260860
1.467 	12.750175
1.468 	11.960689
1.469 	12.513295
1.470 	13.097589
1.471 	12.900783
1.472 	12.199995
1.473 	11.553923
1.474 	11.149297
1.475 	10.393089
1.476 	9.512145
1.477 	10.084811
1.478 	12.408326
1.479 	14.516432
1.480 	15.536768
1.481 	15.707087
1.482 	15.203494
1.483 	14.428573
1.484 	13.361647
1.485 	12.324454
1.486 	12.048345
1.487 	12.293907
1.488 	12.328368
1.489 	12.155988
1.490 	11.894572
1.491 	11.831109
1.492 	12.582040
1.493 	13.513895
1.494 	14.280683
1.495 	13.971672
1.496 	12.308923
1.497 	11.492485
1.498 	12.975044
1.499 	14.510015
1.500 	14.964755
1.501 	14.784996
1.502 	13.516511
1.503 	11.839760
1.504 	11.833974
1.505 	13.171695
1.506 	14.452596
1.507 	15.016739
1.508 	14.942120
1.509 	14.931417
1.510 	14.187741
1.511 	12.512683
1.512 	11.357856
1.513 	11.537278
1.514 	13.088371
1.515 	14.974978
1.516 	15.201036
1.517 	14.302825
1.518 	13.986034
1.519 	13.539482
1.520 	13.082818
1.521 	13.280904
1.522 	14.294789
1.523 	15.422541
1.524 	16.017226
1.525 	16.187126
1.526 	15.810305
1.527 	16.018486
1.528 	16.375688
1.529 	15.631886
1.530 	14.227644
1.531 	12.351520
1.532 	11.357520
1.533 	12.070927
1.534 	12.637935
1.535 	12.233619
1.536 	13.488254
1.537 	15.162547
1.538 	14.520336
1.539 	13.132228
1.540 	13.263314
1.541 	14.934665
1.542 	16.171238
1.543 	15.431402
1.544 	14.837516
1.545 	15.157836
1.546 	15.157555
1.547 	15.836009
1.548 	16.639768
1.549 	16.978876
1.550 	16.485259
1.551 	15.563592
1.552 	16.071094
1.553 	17.267489
1.554 	16.866713
1.555 	15.261327
1.556 	13.874749
1.557 	13.884082
1.558 	14.602259
1.559 	13.723919
1.560 	13.169982
1.561 	15.430092
1.562 	17.248901
1.563 	16.396281
1.564 	14.094130
1.565 	12.353764
1.566 	13.637182
1.567 	14.967596
1.568 	15.350432
1.569 	15.885839
1.570 	16.607230
1.571 	18.213410
1.572 	19.434517
1.573 	18.611724
1.574 	15.857724
1.575 	14.572599
1.576 	15.603832
1.577 	16.673211
1.578 	17.672953
1.579 	18.015117
1.580 	18.043977
1.581 	17.328362
1.582 	15.910250
1.583 	15.509521
1.584 	15.949389
1.585 	16.662907
1.586 	17.763106
1.587 	17.227180
1.588 	16.407947
1.589 	16.182766
1.590 	16.349964
1.591 	15.724280
1.592 	15.138712
1.593 	15.726507
1.594 	18.126262
1.595 	19.782081
1.596 	17.927807
1.597 	16.609879
1.598 	17.657336
1.599 	18.934834
1.600 	19.332113
1.601 	18.810156
1.602 	17.391496
1.603 	16.507667
1.604 	15.068281
1.605 	14.208386
1.606 	14.831659
1.607 	17.257762
1.608 	19.838160
1.609 	20.379845
1.610 	19.536800
1.611 	17.180112
1.612 	15.665242
1.613 	15.772372
1.614 	16.289327
1.615 	16.006087
1.616 	16.420335
1.617 	18.857268
1.618 	19.287345
1.619 	17.282035
1.620 	17.830269
1.621 	18.723731
1.622 	18.822726
1.623 	19.329917
1.624 	19.411517
1.625 	18.614165
1.626 	18.038576
1.627 	16.186579
1.628 	15.467713
1.629 	15.652240
1.630 	15.895987
1.631 	17.599452
1.632 	18.556853
1.633 	20.751244
1.634 	21.389485
1.635 	20.690164
1.636 	17.972415
1.637 	16.562911
1.638 	17.202852
1.639 	19.355198
1.640 	19.947326
1.641 	18.938265
1.642 	20.253068
1.643 	18.606637
1.644 	17.954593
1.645 	20.917854
1.646 	23.759373
1.647 	21.499793
1.648 	17.692384
1.649 	15.428608
1.650 	16.134481
1.651 	17.955619
1.652 	19.097068
1.653 	19.776134
1.654 	17.113688
1.655 	16.149664
1.656 	18.054164
1.657 	19.351111
1.658 	16.895677
1.659 	16.990614
1.660 	19.449653
1.661 	18.466123
1.662 	21.510294
1.663 	21.804818
1.664 	16.839748
1.665 	17.593440
1.666 	20.541333
1.667 	19.126090
1.668 	21.480923
1.669 	21.926345
1.670 	21.421339
1.671 	19.492499
1.672 	15.467596
1.673 	12.985423
1.674 	16.411603
1.675 	19.177696
1.676 	22.718691
1.677 	23.066549
1.678 	18.490309
1.679 	17.238532
1.680 	20.430246
1.681 	19.825602
1.682 	24.983304
1.683 	24.009358
1.684 	19.597764
1.685 	18.402450
1.686 	21.621445
1.687 	25.589942
1.688 	19.309409
1.689 	19.589511
1.690 	26.513199
1.691 	29.151148
1.692 	25.900156
1.693 	22.266444
1.694 	24.326627
1.695 	29.741264
1.696 	23.262119
1.697 	27.910480
1.698 	26.276790
1.699 	25.788578
1.700 	24.166348
