0.660 	25.663239
0.661 	32.939619
0.662 	29.376066
0.663 	24.827580
0.664 	31.550902
0.665 	26.905882
0.666 	31.495141
0.667 	30.299794
0.668 	29.676498
0.669 	29.474668
0.670 	26.946776
0.671 	28.737277
0.672 	27.517323
0.673 	29.548700
0.674 	32.623635
0.675 	31.179592
0.676 	29.144233
0.677 	30.221287
0.678 	28.128760
0.679 	26.716151
0.680 	27.996289
0.681 	29.727905
0.682 	26.416491
0.683 	30.017603
0.684 	28.318141
0.685 	28.299993
0.686 	31.471211
0.687 	31.832180
0.688 	29.229580
0.689 	27.318229
0.690 	26.476017
0.691 	31.570890
0.692 	30.926964
0.693 	28.320774
0.694 	30.475714
0.695 	33.124348
0.696 	30.896182
0.697 	30.531458
0.698 	31.957796
0.699 	30.680697
0.700 	28.921491
0.701 	29.595341
0.702 	30.724423
0.703 	29.837900
0.704 	29.797004
0.705 	30.079582
0.706 	27.384984
0.707 	28.161483
0.708 	31.167841
0.709 	28.059754
0.710 	29.353271
0.711 	29.943072
0.712 	30.199162
0.713 	31.601771
0.714 	30.554142
0.715 	31.457971
0.716 	30.732847
0.717 	30.746752
0.718 	29.936776
0.719 	27.883967
0.720 	27.876176
0.721 	30.123955
0.722 	30.382133
0.723 	29.971140
0.724 	31.294312
0.725 	31.402831
0.726 	28.626196
0.727 	27.346555
0.728 	28.935353
0.729 	30.117593
0.730 	30.271829
0.731 	33.023767
0.732 	33.012875
0.733 	31.016339
0.734 	28.513992
0.735 	28.269875
0.736 	30.074562
0.737 	31.320929
0.738 	31.418817
0.739 	29.593041
0.740 	27.249738
0.741 	26.761262
0.742 	28.383015
0.743 	28.642899
0.744 	28.441653
0.745 	29.281757
0.746 	30.239788
0.747 	29.469487
0.748 	29.179677
0.749 	29.929139
0.750 	29.993671
0.751 	29.358895
0.752 	29.336701
0.753 	30.292586
0.754 	29.612889
0.755 	28.133016
0.756 	28.847885
0.757 	30.029483
0.758 	29.822403
0.759 	29.522819
0.760 	28.578486
0.761 	27.394580
0.762 	26.712883
0.763 	27.219714
0.764 	28.986772
0.765 	30.476281
0.766 	31.031391
0.767 	30.263423
0.768 	28.598047
0.769 	28.057564
0.770 	28.128461
0.771 	28.901517
0.772 	29.228621
0.773 	28.637560
0.774 	28.206440
0.775 	28.988677
0.776 	30.131008
0.777 	28.934557
0.778 	27.640245
0.779 	28.757422
0.780 	30.213013
0.781 	29.768430
0.782 	28.442485
0.783 	28.109833
0.784 	29.452194
0.785 	30.829349
0.786 	30.323176
0.787 	28.572734
0.788 	28.679163
0.789 	29.692612
0.790 	29.380353
0.791 	29.336728
0.792 	29.063030
0.793 	28.431100
0.794 	29.119583
0.795 	30.015521
0.796 	29.570324
0.797 	28.674781
0.798 	29.242558
0.799 	29.724669
0.800 	29.663114
0.801 	29.798800
0.802 	29.151174
0.803 	27.816905
0.804 	27.014611
0.805 	27.493675
0.806 	28.179056
0.807 	28.710723
0.808 	29.269674
0.809 	29.230684
0.810 	29.218232
0.811 	29.723433
0.812 	29.612235
0.813 	28.419510
0.814 	27.984465
0.815 	28.669314
0.816 	29.062224
0.817 	28.453346
0.818 	28.675662
0.819 	29.399072
0.820 	28.397932
0.821 	27.617456
0.822 	28.124261
0.823 	28.318585
0.824 	28.417757
0.825 	28.575504
0.826 	28.250211
0.827 	27.874952
0.828 	27.926515
0.829 	27.482949
0.830 	26.747073
0.831 	26.757315
0.832 	27.572603
0.833 	28.422113
0.834 	29.041505
0.835 	29.465581
0.836 	28.975200
0.837 	28.102439
0.838 	27.611688
0.839 	27.254153
0.840 	27.292533
0.841 	28.289078
0.842 	28.812964
0.843 	28.262881
0.844 	28.012117
0.845 	28.005129
0.846 	27.796862
0.847 	27.935926
0.848 	28.554340
0.849 	28.524953
0.850 	27.599607
0.851 	26.899606
0.852 	27.228463
0.853 	27.790765
0.854 	27.539016
0.855 	27.492427
0.856 	28.254571
0.857 	28.454111
0.858 	27.665968
0.859 	26.810374
0.860 	26.528341
0.861 	27.169718
0.862 	27.824930
0.863 	27.413772
0.864 	26.873501
0.865 	27.258209
0.866 	28.257669
0.867 	28.797541
0.868 	28.598403
0.869 	28.471553
0.870 	28.642530
0.871 	28.393628
0.872 	27.363805
0.873 	26.486830
0.874 	26.465603
0.875 	27.016582
0.876 	27.419725
0.877 	27.695636
0.878 	27.413104
0.879 	26.928197
0.880 	27.294383
0.881 	27.982372
0.882 	28.200043
0.883 	28.365726
0.884 	28.374486
0.885 	27.860990
0.886 	27.209748
0.887 	27.052377
0.888 	26.930175
0.889 	26.518265
0.890 	26.660507
0.891 	27.321269
0.892 	27.771609
0.893 	27.898839
0.894 	27.427208
0.895 	26.840844
0.896 	27.153039
0.897 	27.501994
0.898 	26.912637
0.899 	26.590494
0.900 	27.109755
0.901 	27.173674
0.902 	26.787739
0.903 	26.909991
0.904 	27.277088
0.905 	27.035604
0.906 	26.474265
0.907 	26.396631
0.908 	26.328664
0.909 	26.126521
0.910 	26.408941
0.911 	26.905311
0.912 	27.411443
0.913 	28.010746
0.914 	27.788925
0.915 	26.787990
0.916 	26.092264
0.917 	25.802797
0.918 	25.980383
0.919 	26.677687
0.920 	27.036330
0.921 	26.743902
0.922 	26.572599
0.923 	26.552574
0.924 	26.237772
0.925 	25.821850
0.926 	25.971990
0.927 	26.632063
0.928 	26.780019
0.929 	26.492147
0.930 	26.496506
0.931 	26.571343
0.932 	26.424327
0.933 	26.280939
0.934 	25.847657
0.935 	25.166088
0.936 	24.823046
0.937 	25.422442
0.938 	25.623164
0.939 	25.463717
0.940 	25.356192
0.941 	25.611360
0.942 	25.796254
0.943 	25.273932
0.944 	25.066472
0.945 	25.165328
0.946 	25.297242
0.947 	25.096217
0.948 	24.600275
0.949 	24.217990
0.950 	24.372662
0.951 	24.753125
0.952 	25.013093
0.953 	25.236528
0.954 	25.318264
0.955 	25.089231
0.956 	24.995860
0.957 	25.449131
0.958 	25.496638
0.959 	24.955421
0.960 	24.510584
0.961 	24.082550
0.962 	23.531876
0.963 	23.434694
0.964 	23.994443
0.965 	23.840089
0.966 	23.042697
0.967 	23.094707
0.968 	23.835248
0.969 	24.406970
0.970 	24.598116
0.971 	24.555727
0.972 	24.549050
0.973 	24.642545
0.974 	24.211102
0.975 	23.741645
0.976 	23.211241
0.977 	23.433192
0.978 	24.785510
0.979 	24.928008
0.980 	24.192437
0.981 	23.446928
0.982 	23.011898
0.983 	22.823374
0.984 	23.601133
0.985 	24.566959
0.986 	23.939363
0.987 	22.882200
0.988 	23.278508
0.989 	23.357772
0.990 	22.891465
0.991 	23.170228
0.992 	23.788565
0.993 	24.585545
0.994 	24.468896
0.995 	24.624940
0.996 	24.734992
0.997 	24.100941
0.998 	24.087349
0.999 	25.007209
1.000 	24.596108
1.001 	23.552884
1.002 	23.445859
1.003 	23.693279
1.004 	23.462856
1.005 	23.335824
1.006 	23.754443
1.007 	23.726748
1.008 	23.744846
1.009 	24.834114
1.010 	24.348421
1.011 	22.950621
1.012 	22.971817
1.013 	23.715999
1.014 	24.828772
1.015 	25.753586
1.016 	25.690735
1.017 	24.693255
1.018 	23.953333
1.019 	23.523610
1.020 	23.448238
1.021 	24.013143
1.022 	23.852544
1.023 	23.489376
1.024 	23.812623
1.025 	23.318178
1.026 	23.309187
1.027 	23.854233
1.028 	23.416676
1.029 	23.369704
1.030 	24.268950
1.031 	24.553833
1.032 	24.531649
1.033 	24.972805
1.034 	24.937265
1.035 	25.033682
1.036 	25.905022
1.037 	25.989399
1.038 	24.803829
1.039 	23.126934
1.040 	22.193216
1.041 	23.330775
1.042 	24.869936
1.043 	24.977851
1.044 	24.542150
1.045 	24.640614
1.046 	25.133210
1.047 	25.205190
1.048 	25.215585
1.049 	25.851249
1.050 	25.600187
1.051 	24.963303
1.052 	24.165837
1.053 	23.233366
1.054 	23.070908
1.055 	23.628258
1.056 	23.992886
1.057 	24.155705
1.058 	24.456666
1.059 	24.870917
1.060 	25.109804
1.061 	24.626099
1.062 	23.856145
1.063 	23.827804
1.064 	24.098382
1.065 	24.657877
1.066 	25.334158
1.067 	25.204615
1.068 	25.062826
1.069 	24.965866
1.070 	24.925259
1.071 	25.000944
1.072 	24.918357
1.073 	24.209993
1.074 	23.491468
1.075 	23.998933
1.076 	24.421638
1.077 	24.712012
1.078 	25.907351
1.079 	26.073596
1.080 	24.909084
1.081 	24.138079
1.082 	24.063212
1.083 	24.548040
1.084 	24.693003
1.085 	23.500205
1.086 	22.275000
1.087 	22.545621
1.088 	23.434191
1.089 	24.197321
1.090 	24.908484
1.091 	25.025017
1.092 	24.520577
1.093 	24.538814
1.094 	24.929001
1.095 	24.413326
1.096 	23.452565
1.097 	23.312509
1.098 	23.999821
1.099 	24.581796
1.100 	24.338809
1.101 	24.197090
1.102 	24.329926
1.103 	23.835811
1.104 	22.631997
1.105 	22.124092
1.106 	22.825126
1.107 	23.261471
1.108 	23.479300
1.109 	24.452732
1.110 	24.950876
1.111 	24.479587
1.112 	23.954733
1.113 	23.766873
1.114 	24.274926
1.115 	24.513550
1.116 	23.924671
1.117 	23.518427
1.118 	23.750087
1.119 	24.051273
1.120 	24.079436
1.121 	23.720027
1.122 	23.396086
1.123 	23.335622
1.124 	23.300310
1.125 	23.609825
1.126 	24.042585
1.127 	24.033685
1.128 	23.836718
1.129 	23.648877
1.130 	23.185248
1.131 	22.698434
1.132 	22.994187
1.133 	23.466009
1.134 	23.023401
1.135 	22.087810
1.136 	21.607502
1.137 	21.956254
1.138 	22.475163
1.139 	22.518361
1.140 	22.552459
1.141 	22.677954
1.142 	22.459619
1.143 	21.493915
1.144 	20.186578
1.145 	19.665404
1.146 	19.533116
1.147 	19.100259
1.148 	18.890248
1.149 	19.401632
1.150 	19.943663
1.151 	20.107716
1.152 	20.218396
1.153 	20.028549
1.154 	19.846012
1.155 	20.206760
1.156 	20.534685
1.157 	20.776926
1.158 	20.506647
1.159 	19.511238
1.160 	19.280442
1.161 	19.675820
1.162 	19.557142
1.163 	19.072842
1.164 	19.102701
1.165 	19.637654
1.166 	19.850703
1.167 	19.439908
1.168 	19.097601
1.169 	19.058646
1.170 	18.748556
1.171 	18.142827
1.172 	17.763011
1.173 	17.918084
1.174 	18.829992
1.175 	19.556769
1.176 	19.053026
1.177 	18.502599
1.178 	18.748050
1.179 	19.223144
1.180 	19.231904
1.181 	18.763230
1.182 	18.345222
1.183 	18.385907
1.184 	18.731306
1.185 	18.915476
1.186 	18.909493
1.187 	19.207101
1.188 	19.318802
1.189 	18.775829
1.190 	18.194414
1.191 	17.910287
1.192 	17.866864
1.193 	18.401097
1.194 	19.271007
1.195 	19.877389
1.196 	19.965126
1.197 	19.632423
1.198 	19.073003
1.199 	18.490768
1.200 	18.312385
1.201 	18.352238
1.202 	18.187924
1.203 	18.113530
1.204 	18.230335
1.205 	18.478122
1.206 	18.711895
1.207 	18.628067
1.208 	18.007652
1.209 	17.393606
1.210 	17.669891
1.211 	18.609241
1.212 	19.317259
1.213 	19.226692
1.214 	18.679372
1.215 	18.468071
1.216 	18.901396
1.217 	19.340804
1.218 	19.357815
1.219 	19.032415
1.220 	18.456372
1.221 	18.511520
1.222 	19.390058
1.223 	20.132266
1.224 	20.177142
1.225 	19.761251
1.226 	19.296664
1.227 	18.782800
1.228 	18.131297
1.229 	18.025310
1.230 	18.731792
1.231 	19.139211
1.232 	18.983102
1.233 	19.105786
1.234 	19.787130
1.235 	20.433193
1.236 	20.420072
1.237 	20.066712
1.238 	19.663200
1.239 	19.247354
1.240 	18.870494
1.241 	18.693731
1.242 	18.832819
1.243 	18.787387
1.244 	18.729320
1.245 	19.486390
1.246 	20.397817
1.247 	20.191228
1.248 	19.216202
1.249 	18.170404
1.250 	18.038729
1.251 	19.102702
1.252 	20.459578
1.253 	20.870169
1.254 	20.001369
1.255 	19.034360
1.256 	18.820336
1.257 	18.865436
1.258 	19.399522
1.259 	20.745457
1.260 	21.875978
1.261 	21.780274
1.262 	20.992622
1.263 	20.576936
1.264 	20.368317
1.265 	19.622602
1.266 	18.574331
1.267 	18.405935
1.268 	19.310614
1.269 	19.943054
1.270 	19.873008
1.271 	19.887000
1.272 	20.120020
1.273 	19.950449
1.274 	19.437876
1.275 	19.390752
1.276 	19.757717
1.277 	19.487018
1.278 	18.742197
1.279 	18.968903
1.280 	19.948408
1.281 	20.808104
1.282 	21.250581
1.283 	21.209368
1.284 	20.544695
1.285 	19.347642
1.286 	18.555649
1.287 	19.041150
1.288 	19.574293
1.289 	19.034001
1.290 	18.406352
1.291 	18.579179
1.292 	18.906702
1.293 	18.986672
1.294 	19.280743
1.295 	19.760820
1.296 	19.914337
1.297 	19.976021
1.298 	20.270292
1.299 	19.883333
1.300 	18.508928
1.301 	17.801181
1.302 	18.407651
1.303 	19.241691
1.304 	19.259651
1.305 	18.691781
1.306 	18.284504
1.307 	18.675724
1.308 	19.105896
1.309 	18.400924
1.310 	17.407679
1.311 	17.280052
1.312 	18.087148
1.313 	18.477592
1.314 	18.183959
1.315 	18.247962
1.316 	18.692315
1.317 	18.919267
1.318 	18.477961
1.319 	17.636554
1.320 	17.074593
1.321 	16.807326
1.322 	16.836527
1.323 	17.370146
1.324 	18.261614
1.325 	18.938511
1.326 	18.758729
1.327 	18.119739
1.328 	17.599452
1.329 	17.551171
1.330 	17.703674
1.331 	17.499178
1.332 	17.388728
1.333 	17.348186
1.334 	16.718810
1.335 	15.827086
1.336 	15.422134
1.337 	15.776992
1.338 	16.265360
1.339 	16.063810
1.340 	15.500511
1.341 	15.481482
1.342 	15.998498
1.343 	16.399898
1.344 	16.369974
1.345 	15.997815
1.346 	15.646740
1.347 	15.311444
1.348 	14.879958
1.349 	14.574807
1.350 	14.425485
1.351 	14.464947
1.352 	14.668183
1.353 	14.976994
1.354 	15.325370
1.355 	15.828285
1.356 	16.218880
1.357 	15.615564
1.358 	14.505196
1.359 	14.191171
1.360 	14.663432
1.361 	15.385939
1.362 	15.976247
1.363 	15.915992
1.364 	15.402842
1.365 	14.575718
1.366 	13.542497
1.367 	12.916633
1.368 	13.100051
1.369 	13.639796
1.370 	14.269158
1.371 	14.532061
1.372 	14.182458
1.373 	14.168233
1.374 	14.415948
1.375 	13.885636
1.376 	12.733936
1.377 	12.008403
1.378 	12.263919
1.379 	13.293426
1.380 	13.591542
1.381 	12.302579
1.382 	11.394577
1.383 	11.896969
1.384 	12.860040
1.385 	13.121565
1.386 	12.759640
1.387 	12.463527
1.388 	11.774634
1.389 	10.522748
1.390 	9.638532
1.391 	9.085186
1.392 	9.070274
1.393 	9.907459
1.394 	10.991316
1.395 	11.818495
1.396 	11.913856
1.397 	11.649197
1.398 	11.148429
1.399 	10.223474
1.400 	9.316106
1.401 	8.427590
1.402 	8.106173
1.403 	9.110677
1.404 	10.486206
1.405 	10.741385
1.406 	9.624065
1.407 	8.930910
1.408 	8.880430
1.409 	7.890721
1.410 	7.038423
1.411 	7.968455
1.412 	9.057215
1.413 	8.988607
1.414 	8.311975
1.415 	8.461480
1.416 	9.354152
1.417 	9.646711
1.418 	9.740546
1.419 	10.019580
1.420 	9.615970
1.421 	8.839650
1.422 	8.256980
1.423 	7.641071
1.424 	7.681711
1.425 	8.958457
1.426 	10.389767
1.427 	10.862102
1.428 	10.473552
1.429 	9.950949
1.430 	9.951869
1.431 	10.382726
1.432 	10.364108
1.433 	9.727442
1.434 	9.348796
1.435 	9.529549
1.436 	9.385080
1.437 	9.213624
1.438 	8.949821
1.439 	7.824124
1.440 	7.282344
1.441 	8.630963
1.442 	9.944909
1.443 	9.659269
1.444 	8.117841
1.445 	7.121984
1.446 	7.876308
1.447 	8.578705
1.448 	8.429276
1.449 	8.637507
1.450 	9.102588
1.451 	8.551960
1.452 	8.247796
1.453 	8.995819
1.454 	9.768514
1.455 	10.126730
1.456 	10.081626
1.457 	9.269926
1.458 	8.084244
1.459 	8.142161
1.460 	9.306311
1.461 	9.493377
1.462 	8.318044
1.463 	7.273864
1.464 	7.540980
1.465 	8.867530
1.466 	9.648154
1.467 	9.648741
1.468 	10.138861
1.469 	10.790426
1.470 	10.551964
1.471 	9.219960
1.472 	8.496662
1.473 	9.542926
1.474 	10.248288
1.475 	9.808556
1.476 	9.271124
1.477 	8.112713
1.478 	7.324819
1.479 	7.733902
1.480 	8.004936
1.481 	8.161723
1.482 	9.657718
1.483 	12.090273
1.484 	13.468154
1.485 	12.491436
1.486 	9.935418
1.487 	8.123993
1.488 	7.244874
1.489 	6.223929
1.490 	5.784836
1.491 	6.539784
1.492 	8.304574
1.493 	9.709805
1.494 	10.941796
1.495 	12.699881
1.496 	13.375417
1.497 	12.026209
1.498 	9.695483
1.499 	8.500891
1.500 	8.283813
1.501 	8.443075
1.502 	8.912240
1.503 	9.518093
1.504 	9.846231
1.505 	9.799582
1.506 	9.924783
1.507 	9.775328
1.508 	9.824897
1.509 	10.354010
1.510 	10.463249
1.511 	10.467638
1.512 	11.658307
1.513 	13.482182
1.514 	13.125691
1.515 	10.066394
1.516 	7.773038
1.517 	6.902463
1.518 	6.894562
1.519 	8.562632
1.520 	10.896248
1.521 	11.228891
1.522 	10.121689
1.523 	9.197536
1.524 	7.293489
1.525 	6.635827
1.526 	8.810034
1.527 	11.454517
1.528 	12.260066
1.529 	11.124173
1.530 	10.737355
1.531 	10.791293
1.532 	10.301063
1.533 	9.875048
1.534 	9.631993
1.535 	10.077293
1.536 	10.923982
1.537 	12.529590
1.538 	11.795029
1.539 	7.654196
1.540 	6.524056
1.541 	10.363327
1.542 	12.620595
1.543 	10.938826
1.544 	8.776482
1.545 	7.947784
1.546 	8.227742
1.547 	10.063765
1.548 	11.408427
1.549 	10.995868
1.550 	9.912907
1.551 	9.345194
1.552 	9.823069
1.553 	11.300253
1.554 	11.370822
1.555 	10.229554
1.556 	10.699207
1.557 	12.265025
1.558 	12.479093
1.559 	12.609592
1.560 	12.138470
1.561 	10.777522
1.562 	10.501432
1.563 	11.655043
1.564 	12.664363
1.565 	12.146641
1.566 	9.203669
1.567 	7.038396
1.568 	9.311107
1.569 	11.620093
1.570 	11.235693
1.571 	12.479553
1.572 	13.902075
1.573 	12.556966
1.574 	11.224634
1.575 	12.491832
1.576 	13.235556
1.577 	10.995511
1.578 	9.296027
1.579 	10.419117
1.580 	13.021804
1.581 	12.643650
1.582 	9.468180
1.583 	8.981213
1.584 	11.433697
1.585 	11.742685
1.586 	10.600903
1.587 	10.625752
1.588 	12.311334
1.589 	12.592914
1.590 	11.308945
1.591 	10.359568
1.592 	10.595683
1.593 	12.554639
1.594 	13.309692
1.595 	11.779103
1.596 	11.405993
1.597 	12.591142
1.598 	13.946745
1.599 	14.184319
1.600 	12.331675
1.601 	11.914667
1.602 	12.392993
1.603 	11.944888
1.604 	11.976371
1.605 	11.760243
1.606 	10.577058
1.607 	10.183254
1.608 	11.398532
1.609 	11.341568
1.610 	10.689887
1.611 	10.168724
1.612 	10.236597
1.613 	10.611449
1.614 	12.403269
1.615 	12.639932
1.616 	10.906831
1.617 	10.486824
1.618 	11.484216
1.619 	11.426537
1.620 	11.204015
1.621 	13.187990
1.622 	13.464711
1.623 	15.049858
1.624 	15.042728
1.625 	11.640143
1.626 	10.979767
1.627 	11.121015
1.628 	10.364042
1.629 	11.516090
1.630 	15.065848
1.631 	15.667213
1.632 	11.125674
1.633 	8.653205
1.634 	10.154681
1.635 	14.675766
1.636 	16.028291
1.637 	13.071545
1.638 	10.959379
1.639 	12.293516
1.640 	12.862710
1.641 	11.538693
1.642 	13.013769
1.643 	14.043123
1.644 	11.971474
1.645 	13.596660
1.646 	14.693448
1.647 	13.034359
1.648 	9.462468
1.649 	10.008845
1.650 	9.982281
1.651 	9.700898
1.652 	13.893236
1.653 	14.250246
1.654 	12.421367
1.655 	12.883984
1.656 	12.858478
1.657 	11.973647
1.658 	12.186019
1.659 	14.833334
1.660 	14.597856
1.661 	14.062596
1.662 	10.722840
1.663 	10.336170
1.664 	10.965828
1.665 	13.114629
1.666 	11.824960
1.667 	8.258012
1.668 	15.113324
1.669 	14.833833
1.670 	12.231631
1.671 	8.942290
1.672 	10.398490
1.673 	20.681532
1.674 	17.622983
1.675 	14.579517
1.676 	16.765449
1.677 	13.154941
1.678 	11.981056
1.679 	12.665832
1.680 	14.291357
1.681 	13.982564
1.682 	15.180393
1.683 	9.754889
1.684 	10.558809
1.685 	17.173114
1.686 	12.115292
1.687 	15.521030
1.688 	16.536896
1.689 	14.643960
1.690 	21.400951
1.691 	16.838026
1.692 	12.867064
1.693 	6.853607
1.694 	3.030898
1.695 	29.617517
1.696 	22.456367
1.697 	13.405475
1.698 	5.281268
1.699 	7.768944
1.700 	12.137924
