0.660 	37.428663
0.661 	33.857498
0.662 	34.348666
0.663 	30.869870
0.664 	32.212427
0.665 	36.100286
0.666 	32.867275
0.667 	29.469198
0.668 	29.933166
0.669 	32.958811
0.670 	35.023708
0.671 	34.595439
0.672 	30.148899
0.673 	30.783746
0.674 	32.134665
0.675 	36.407543
0.676 	35.797724
0.677 	30.497270
0.678 	28.123889
0.679 	32.638716
0.680 	30.898844
0.681 	31.367614
0.682 	36.746338
0.683 	34.332022
0.684 	28.316131
0.685 	30.537781
0.686 	33.727961
0.687 	31.873914
0.688 	28.907936
0.689 	29.586340
0.690 	25.733536
0.691 	30.465926
0.692 	33.565429
0.693 	33.945143
0.694 	37.907843
0.695 	34.102730
0.696 	29.018829
0.697 	28.764229
0.698 	25.621476
0.699 	27.493147
0.700 	30.906176
0.701 	31.633832
0.702 	32.730960
0.703 	33.072538
0.704 	31.590040
0.705 	29.027525
0.706 	28.636182
0.707 	32.217814
0.708 	32.040272
0.709 	27.924903
0.710 	30.358068
0.711 	34.547050
0.712 	31.255785
0.713 	26.564246
0.714 	27.440771
0.715 	29.189306
0.716 	31.312687
0.717 	31.811705
0.718 	30.087701
0.719 	29.302169
0.720 	31.509318
0.721 	31.102886
0.722 	27.674179
0.723 	27.998131
0.724 	32.526277
0.725 	33.097988
0.726 	28.756316
0.727 	29.558662
0.728 	28.909725
0.729 	27.143687
0.730 	29.526866
0.731 	30.934091
0.732 	30.605364
0.733 	29.999310
0.734 	28.837460
0.735 	26.765491
0.736 	27.268962
0.737 	29.157150
0.738 	30.988872
0.739 	29.615662
0.740 	28.041525
0.741 	28.198803
0.742 	28.341505
0.743 	29.893207
0.744 	31.014174
0.745 	30.223575
0.746 	28.690415
0.747 	28.283496
0.748 	27.557835
0.749 	26.472007
0.750 	27.417584
0.751 	28.944345
0.752 	28.465327
0.753 	28.478316
0.754 	28.882340
0.755 	29.049801
0.756 	28.563866
0.757 	27.691130
0.758 	28.577549
0.759 	29.586773
0.760 	29.099648
0.761 	28.907470
0.762 	29.311763
0.763 	29.406897
0.764 	27.754288
0.765 	27.009903
0.766 	27.083182
0.767 	26.289752
0.768 	27.457711
0.769 	29.809534
0.770 	29.215532
0.771 	27.349826
0.772 	26.810140
0.773 	27.526698
0.774 	27.895425
0.775 	27.631173
0.776 	29.163779
0.777 	30.909459
0.778 	30.848100
0.779 	29.092555
0.780 	27.190746
0.781 	26.397400
0.782 	25.480409
0.783 	25.995119
0.784 	28.265111
0.785 	28.508031
0.786 	26.685900
0.787 	26.627994
0.788 	28.066727
0.789 	28.354350
0.790 	29.110170
0.791 	30.579210
0.792 	29.263472
0.793 	26.006887
0.794 	24.910021
0.795 	26.633189
0.796 	28.355108
0.797 	27.436711
0.798 	26.415564
0.799 	27.268742
0.800 	28.270964
0.801 	28.583981
0.802 	28.672151
0.803 	28.148032
0.804 	26.879845
0.805 	26.298937
0.806 	27.454849
0.807 	28.387698
0.808 	28.506193
0.809 	28.441150
0.810 	27.166593
0.811 	25.055015
0.812 	24.371850
0.813 	25.920318
0.814 	27.155466
0.815 	26.815550
0.816 	26.385587
0.817 	26.234025
0.818 	26.157552
0.819 	26.392319
0.820 	26.251774
0.821 	25.321857
0.822 	25.423346
0.823 	26.597323
0.824 	27.490004
0.825 	27.520400
0.826 	25.943163
0.827 	24.705460
0.828 	25.952596
0.829 	28.086022
0.830 	28.881225
0.831 	27.963684
0.832 	26.654791
0.833 	26.240762
0.834 	26.243841
0.835 	26.352210
0.836 	26.437542
0.837 	26.800080
0.838 	27.741804
0.839 	27.857642
0.840 	26.789149
0.841 	26.295087
0.842 	26.504000
0.843 	26.103094
0.844 	25.501782
0.845 	25.177255
0.846 	25.032223
0.847 	25.568867
0.848 	26.278678
0.849 	26.505712
0.850 	26.438454
0.851 	26.317916
0.852 	25.594936
0.853 	24.861819
0.854 	25.302187
0.855 	26.211838
0.856 	26.642929
0.857 	26.502623
0.858 	25.640772
0.859 	25.089883
0.860 	25.428920
0.861 	25.762983
0.862 	25.418071
0.863 	24.576482
0.864 	24.517414
0.865 	25.446374
0.866 	26.289886
0.867 	26.297779
0.868 	25.893758
0.869 	25.632222
0.870 	25.750042
0.871 	26.172866
0.872 	26.095179
0.873 	25.047032
0.874 	24.196510
0.875 	24.203027
0.876 	24.237964
0.877 	23.738463
0.878 	23.433887
0.879 	23.935705
0.880 	24.491631
0.881 	25.054834
0.882 	25.800479
0.883 	25.558945
0.884 	24.658805
0.885 	24.471687
0.886 	24.956983
0.887 	25.772622
0.888 	26.475166
0.889 	26.348226
0.890 	24.887292
0.891 	23.055309
0.892 	22.659919
0.893 	23.928446
0.894 	25.125506
0.895 	25.425876
0.896 	25.234180
0.897 	25.031309
0.898 	24.558367
0.899 	23.743443
0.900 	23.565352
0.901 	24.506885
0.902 	25.221230
0.903 	24.808390
0.904 	24.479777
0.905 	25.410841
0.906 	26.883207
0.907 	27.365791
0.908 	26.627006
0.909 	25.348151
0.910 	24.165208
0.911 	23.432389
0.912 	22.895993
0.913 	22.851059
0.914 	23.966748
0.915 	25.108520
0.916 	25.092836
0.917 	24.163682
0.918 	23.847758
0.919 	24.416670
0.920 	24.985405
0.921 	25.017161
0.922 	24.497131
0.923 	23.402791
0.924 	22.645752
0.925 	23.690554
0.926 	25.305593
0.927 	25.521491
0.928 	24.171419
0.929 	22.750144
0.930 	22.222735
0.931 	22.203870
0.932 	22.392912
0.933 	23.169732
0.934 	24.158422
0.935 	24.399234
0.936 	23.464679
0.937 	22.785298
0.938 	22.896739
0.939 	23.176033
0.940 	23.500288
0.941 	23.492668
0.942 	23.327928
0.943 	22.607680
0.944 	22.326753
0.945 	23.201131
0.946 	24.534125
0.947 	25.197878
0.948 	24.528638
0.949 	23.274454
0.950 	22.289164
0.951 	21.335100
0.952 	20.881615
0.953 	20.917928
0.954 	21.831051
0.955 	22.892662
0.956 	22.930561
0.957 	22.214194
0.958 	21.885585
0.959 	22.329239
0.960 	22.685382
0.961 	22.438822
0.962 	22.225603
0.963 	22.732933
0.964 	22.797923
0.965 	22.059905
0.966 	21.402474
0.967 	21.179691
0.968 	20.965418
0.969 	21.811081
0.970 	22.659318
0.971 	21.609463
0.972 	20.528171
0.973 	20.426606
0.974 	20.204848
0.975 	20.462948
0.976 	21.448386
0.977 	21.459765
0.978 	21.346313
0.979 	21.461464
0.980 	20.748208
0.981 	19.685256
0.982 	19.373253
0.983 	19.812095
0.984 	19.756908
0.985 	19.962118
0.986 	20.968552
0.987 	21.046313
0.988 	20.570983
0.989 	20.206331
0.990 	19.707122
0.991 	18.429830
0.992 	18.231717
0.993 	18.427758
0.994 	18.258939
0.995 	19.802305
0.996 	21.255243
0.997 	21.848088
0.998 	21.791108
0.999 	21.709253
1.000 	20.824959
1.001 	19.030049
1.002 	18.405767
1.003 	17.948099
1.004 	17.471505
1.005 	18.511381
1.006 	19.946467
1.007 	20.047959
1.008 	19.664555
1.009 	19.253115
1.010 	19.168228
1.011 	20.515858
1.012 	22.094736
1.013 	21.413685
1.014 	19.549957
1.015 	18.665889
1.016 	18.692264
1.017 	19.372573
1.018 	20.212850
1.019 	19.614061
1.020 	18.807190
1.021 	19.276459
1.022 	19.791615
1.023 	19.976601
1.024 	20.557573
1.025 	20.754776
1.026 	20.311965
1.027 	20.480298
1.028 	20.516446
1.029 	19.586116
1.030 	18.761761
1.031 	18.741372
1.032 	19.617785
1.033 	20.473799
1.034 	20.218790
1.035 	19.649467
1.036 	19.425888
1.037 	19.317781
1.038 	19.479351
1.039 	20.396792
1.040 	21.234611
1.041 	20.894055
1.042 	20.025459
1.043 	19.578842
1.044 	19.682152
1.045 	19.724660
1.046 	18.919634
1.047 	18.350062
1.048 	19.365295
1.049 	21.169562
1.050 	22.389389
1.051 	21.636020
1.052 	19.955824
1.053 	19.671602
1.054 	20.210747
1.055 	19.927520
1.056 	20.029876
1.057 	20.472916
1.058 	20.265694
1.059 	20.167269
1.060 	20.496807
1.061 	20.783638
1.062 	20.603312
1.063 	19.843294
1.064 	18.839066
1.065 	18.393784
1.066 	18.245366
1.067 	17.812790
1.068 	18.185071
1.069 	19.198259
1.070 	19.646429
1.071 	19.747897
1.072 	20.115620
1.073 	20.084776
1.074 	19.578639
1.075 	19.937084
1.076 	20.689197
1.077 	20.631307
1.078 	19.751905
1.079 	18.727974
1.080 	18.878987
1.081 	20.167751
1.082 	20.837678
1.083 	20.503752
1.084 	20.567862
1.085 	20.965280
1.086 	20.652023
1.087 	20.356570
1.088 	20.787503
1.089 	20.910603
1.090 	20.124559
1.091 	19.736356
1.092 	19.864185
1.093 	19.141470
1.094 	18.189471
1.095 	18.388768
1.096 	18.943881
1.097 	19.775232
1.098 	21.192296
1.099 	22.005768
1.100 	21.175819
1.101 	19.763954
1.102 	19.180735
1.103 	20.102798
1.104 	21.829763
1.105 	22.146205
1.106 	20.703515
1.107 	18.627850
1.108 	16.965060
1.109 	16.915019
1.110 	18.179727
1.111 	18.768447
1.112 	18.559094
1.113 	19.055962
1.114 	20.255018
1.115 	21.296398
1.116 	21.662915
1.117 	21.281516
1.118 	20.736147
1.119 	19.899861
1.120 	18.854142
1.121 	18.320559
1.122 	18.890614
1.123 	20.069300
1.124 	20.735940
1.125 	20.159771
1.126 	19.373168
1.127 	19.433624
1.128 	19.633108
1.129 	19.032698
1.130 	18.229736
1.131 	18.798383
1.132 	20.383609
1.133 	21.227647
1.134 	20.987267
1.135 	20.363419
1.136 	19.302597
1.137 	18.594245
1.138 	18.721314
1.139 	19.052256
1.140 	19.282521
1.141 	19.332762
1.142 	18.784395
1.143 	18.049003
1.144 	17.664883
1.145 	17.344500
1.146 	17.296858
1.147 	17.998079
1.148 	18.844517
1.149 	19.452010
1.150 	19.689485
1.151 	19.546416
1.152 	19.608925
1.153 	19.880238
1.154 	19.692483
1.155 	19.015563
1.156 	18.129039
1.157 	17.512134
1.158 	17.138822
1.159 	17.306729
1.160 	17.942241
1.161 	18.162098
1.162 	17.561996
1.163 	17.296429
1.164 	17.837772
1.165 	17.928605
1.166 	17.276525
1.167 	17.234418
1.168 	17.521710
1.169 	17.069677
1.170 	16.648423
1.171 	16.918026
1.172 	16.747839
1.173 	15.786313
1.174 	14.694036
1.175 	14.026853
1.176 	14.051000
1.177 	14.611624
1.178 	15.211996
1.179 	15.896090
1.180 	16.875874
1.181 	17.140691
1.182 	15.447515
1.183 	13.130535
1.184 	12.369874
1.185 	13.598924
1.186 	15.336350
1.187 	16.953982
1.188 	17.623510
1.189 	16.945754
1.190 	15.662149
1.191 	14.741414
1.192 	14.584875
1.193 	14.660605
1.194 	14.639141
1.195 	15.089944
1.196 	16.504619
1.197 	17.786579
1.198 	17.657613
1.199 	16.753118
1.200 	16.006305
1.201 	15.339924
1.202 	14.690044
1.203 	14.359955
1.204 	14.759186
1.205 	15.647894
1.206 	15.883324
1.207 	15.100475
1.208 	14.321476
1.209 	14.714966
1.210 	15.384888
1.211 	15.632441
1.212 	15.920746
1.213 	16.157121
1.214 	15.655352
1.215 	14.587092
1.216 	14.050221
1.217 	14.073559
1.218 	14.369437
1.219 	15.102024
1.220 	15.816489
1.221 	16.021704
1.222 	15.823432
1.223 	15.448343
1.224 	15.087900
1.225 	14.905576
1.226 	14.904332
1.227 	14.918085
1.228 	14.897937
1.229 	14.863952
1.230 	14.668095
1.231 	14.248422
1.232 	14.282109
1.233 	14.702143
1.234 	14.078712
1.235 	13.188611
1.236 	13.925647
1.237 	15.956230
1.238 	17.090838
1.239 	16.865202
1.240 	15.825783
1.241 	14.675587
1.242 	14.339814
1.243 	14.970402
1.244 	16.059275
1.245 	16.579698
1.246 	15.917464
1.247 	15.159495
1.248 	15.542837
1.249 	16.568425
1.250 	16.660959
1.251 	15.861843
1.252 	15.077055
1.253 	14.766500
1.254 	15.063015
1.255 	15.850707
1.256 	15.989161
1.257 	14.728760
1.258 	13.763370
1.259 	14.387262
1.260 	15.929620
1.261 	16.531300
1.262 	15.964226
1.263 	15.012019
1.264 	14.589785
1.265 	15.236911
1.266 	16.312779
1.267 	16.992234
1.268 	16.900614
1.269 	16.296695
1.270 	15.748767
1.271 	15.535388
1.272 	15.308832
1.273 	14.686099
1.274 	14.179638
1.275 	14.442336
1.276 	15.512395
1.277 	16.540645
1.278 	16.912212
1.279 	16.954090
1.280 	17.279825
1.281 	18.037038
1.282 	18.550732
1.283 	17.998636
1.284 	16.659685
1.285 	15.819587
1.286 	15.331106
1.287 	14.534083
1.288 	13.970567
1.289 	14.343151
1.290 	14.907746
1.291 	15.135025
1.292 	15.352346
1.293 	16.020852
1.294 	17.107537
1.295 	17.995206
1.296 	17.708088
1.297 	16.078601
1.298 	14.634882
1.299 	14.718854
1.300 	15.816261
1.301 	16.618720
1.302 	17.094984
1.303 	17.128154
1.304 	16.248771
1.305 	15.204844
1.306 	14.819313
1.307 	14.972772
1.308 	15.513084
1.309 	16.062799
1.310 	15.884086
1.311 	15.172152
1.312 	14.922733
1.313 	15.290069
1.314 	15.477076
1.315 	15.451547
1.316 	15.800229
1.317 	16.528252
1.318 	16.984767
1.319 	17.004284
1.320 	16.792180
1.321 	16.324300
1.322 	15.634089
1.323 	15.151138
1.324 	15.325077
1.325 	15.878496
1.326 	15.850582
1.327 	14.969845
1.328 	14.185381
1.329 	14.241943
1.330 	14.594082
1.331 	14.805280
1.332 	14.808810
1.333 	14.606422
1.334 	14.430906
1.335 	14.773983
1.336 	15.336741
1.337 	14.774146
1.338 	13.720222
1.339 	13.539185
1.340 	14.631156
1.341 	15.808997
1.342 	15.478680
1.343 	14.214624
1.344 	13.720577
1.345 	14.137431
1.346 	14.444242
1.347 	14.339854
1.348 	13.734696
1.349 	13.583603
1.350 	14.752160
1.351 	16.176185
1.352 	16.212120
1.353 	14.752869
1.354 	13.224329
1.355 	12.368531
1.356 	12.125518
1.357 	12.555334
1.358 	13.735847
1.359 	14.891867
1.360 	14.680937
1.361 	13.289152
1.362 	12.664991
1.363 	13.401127
1.364 	14.604844
1.365 	14.877160
1.366 	14.456943
1.367 	14.336119
1.368 	14.738248
1.369 	15.412013
1.370 	15.902917
1.371 	15.314210
1.372 	13.501834
1.373 	12.083877
1.374 	12.024727
1.375 	12.962076
1.376 	14.050428
1.377 	14.173458
1.378 	13.299284
1.379 	12.338558
1.380 	12.019232
1.381 	12.136425
1.382 	12.474222
1.383 	13.605694
1.384 	15.263799
1.385 	15.312036
1.386 	13.486638
1.387 	11.306807
1.388 	9.967832
1.389 	9.867053
1.390 	10.700147
1.391 	11.377380
1.392 	11.719266
1.393 	12.531908
1.394 	13.474783
1.395 	13.562582
1.396 	12.637705
1.397 	11.995113
1.398 	11.861345
1.399 	11.268961
1.400 	10.829407
1.401 	11.702924
1.402 	12.839872
1.403 	12.915696
1.404 	12.820249
1.405 	13.291090
1.406 	13.402632
1.407 	12.675027
1.408 	12.116474
1.409 	11.667894
1.410 	11.042495
1.411 	11.549104
1.412 	12.520668
1.413 	12.023750
1.414 	10.040984
1.415 	8.719977
1.416 	8.715854
1.417 	9.219320
1.418 	9.943562
1.419 	10.755087
1.420 	11.126908
1.421 	11.417123
1.422 	12.198851
1.423 	12.713869
1.424 	12.730658
1.425 	12.403885
1.426 	11.142681
1.427 	9.015904
1.428 	7.190333
1.429 	7.023438
1.430 	8.284474
1.431 	9.701655
1.432 	10.008793
1.433 	9.788847
1.434 	9.875926
1.435 	9.415263
1.436 	8.099832
1.437 	7.856453
1.438 	8.932254
1.439 	9.133505
1.440 	7.681357
1.441 	6.958487
1.442 	7.543277
1.443 	8.210081
1.444 	8.017290
1.445 	7.542898
1.446 	7.321896
1.447 	6.943582
1.448 	6.362042
1.449 	5.872367
1.450 	5.794115
1.451 	6.301852
1.452 	7.573100
1.453 	9.308707
1.454 	9.979886
1.455 	9.091768
1.456 	8.253858
1.457 	8.671466
1.458 	8.842452
1.459 	7.949492
1.460 	7.088897
1.461 	7.570743
1.462 	8.715784
1.463 	8.274378
1.464 	6.492967
1.465 	5.829910
1.466 	7.052442
1.467 	8.622077
1.468 	8.506639
1.469 	6.384022
1.470 	4.769184
1.471 	5.362159
1.472 	7.215291
1.473 	8.465162
1.474 	8.136726
1.475 	6.861437
1.476 	5.921346
1.477 	6.120674
1.478 	7.306811
1.479 	8.662357
1.480 	8.991645
1.481 	8.176107
1.482 	6.351097
1.483 	4.377363
1.484 	4.519889
1.485 	7.229446
1.486 	9.442889
1.487 	9.392344
1.488 	7.921927
1.489 	6.818001
1.490 	6.764710
1.491 	7.074858
1.492 	7.096229
1.493 	6.844483
1.494 	6.283261
1.495 	6.129539
1.496 	6.968773
1.497 	8.196693
1.498 	8.481852
1.499 	7.475497
1.500 	6.212901
1.501 	6.278172
1.502 	7.332228
1.503 	7.772374
1.504 	6.440063
1.505 	5.015447
1.506 	4.879405
1.507 	5.626971
1.508 	6.814209
1.509 	7.931086
1.510 	8.326767
1.511 	8.887147
1.512 	10.134716
1.513 	11.088718
1.514 	10.902912
1.515 	9.188141
1.516 	7.384383
1.517 	6.786296
1.518 	6.357193
1.519 	4.902165
1.520 	4.705230
1.521 	6.449433
1.522 	6.962121
1.523 	6.648669
1.524 	8.366722
1.525 	10.089143
1.526 	8.915808
1.527 	7.076443
1.528 	7.046681
1.529 	8.176860
1.530 	7.830205
1.531 	6.145111
1.532 	5.363656
1.533 	5.784189
1.534 	6.065006
1.535 	6.350123
1.536 	6.769644
1.537 	7.306785
1.538 	7.608448
1.539 	6.423210
1.540 	5.165852
1.541 	5.606928
1.542 	7.870531
1.543 	9.604735
1.544 	8.580612
1.545 	6.413436
1.546 	5.691892
1.547 	7.200666
1.548 	9.103801
1.549 	9.075115
1.550 	6.750534
1.551 	4.305752
1.552 	5.252740
1.553 	8.229447
1.554 	9.577312
1.555 	9.028790
1.556 	8.053809
1.557 	7.458783
1.558 	7.100161
1.559 	7.750804
1.560 	9.009036
1.561 	8.370410
1.562 	6.610445
1.563 	6.547511
1.564 	7.869879
1.565 	7.848636
1.566 	7.206260
1.567 	8.245695
1.568 	9.856869
1.569 	10.387431
1.570 	10.058580
1.571 	9.617116
1.572 	9.103659
1.573 	8.435277
1.574 	7.766360
1.575 	6.742726
1.576 	5.869402
1.577 	6.495659
1.578 	8.303614
1.579 	10.227000
1.580 	11.735874
1.581 	12.164269
1.582 	10.539686
1.583 	7.799660
1.584 	6.172387
1.585 	6.902179
1.586 	8.946054
1.587 	9.506798
1.588 	8.901334
1.589 	8.226482
1.590 	6.920374
1.591 	6.513800
1.592 	7.359116
1.593 	7.934188
1.594 	8.105271
1.595 	7.154749
1.596 	6.175458
1.597 	6.252287
1.598 	6.130824
1.599 	5.901307
1.600 	7.473255
1.601 	10.931227
1.602 	12.930080
1.603 	11.068429
1.604 	7.954575
1.605 	7.104239
1.606 	8.659266
1.607 	10.466965
1.608 	11.048149
1.609 	8.805844
1.610 	4.645132
1.611 	3.206265
1.612 	6.260952
1.613 	9.294001
1.614 	8.037241
1.615 	6.604567
1.616 	8.013638
1.617 	8.132735
1.618 	7.676769
1.619 	9.161012
1.620 	10.996388
1.621 	11.028338
1.622 	7.638711
1.623 	5.538339
1.624 	8.146571
1.625 	10.322748
1.626 	9.302055
1.627 	8.338797
1.628 	9.438659
1.629 	11.107619
1.630 	11.489839
1.631 	10.372806
1.632 	8.972443
1.633 	9.281937
1.634 	9.707486
1.635 	8.216680
1.636 	6.586753
1.637 	6.615238
1.638 	8.517764
1.639 	11.298112
1.640 	11.767282
1.641 	7.645198
1.642 	5.397724
1.643 	8.753925
1.644 	10.734786
1.645 	10.332679
1.646 	8.286410
1.647 	5.911582
1.648 	6.466744
1.649 	8.858335
1.650 	10.347757
1.651 	11.181380
1.652 	11.613456
1.653 	11.827244
1.654 	10.955853
1.655 	7.942343
1.656 	6.117585
1.657 	8.073351
1.658 	9.034400
1.659 	5.992060
1.660 	7.104151
1.661 	12.871745
1.662 	13.703769
1.663 	8.144011
1.664 	6.649994
1.665 	8.742911
1.666 	10.139245
1.667 	10.880675
1.668 	10.918480
1.669 	10.291931
1.670 	7.204560
1.671 	7.178533
1.672 	11.550269
1.673 	12.764606
1.674 	7.101945
1.675 	5.491909
1.676 	11.185776
1.677 	11.917605
1.678 	7.675549
1.679 	7.770896
1.680 	10.920919
1.681 	11.745317
1.682 	11.200800
1.683 	9.956888
1.684 	8.794317
1.685 	8.284788
1.686 	11.188198
1.687 	13.037115
1.688 	12.959661
1.689 	11.785728
1.690 	8.878466
1.691 	9.033878
1.692 	10.886217
1.693 	11.925579
1.694 	11.891912
1.695 	9.856662
1.696 	7.414281
1.697 	8.481990
1.698 	10.677469
1.699 	11.603053
1.700 	11.613569
