0.660 	25.171338
0.661 	27.171591
0.662 	29.309855
0.663 	27.475441
0.664 	25.319165
0.665 	24.510646
0.666 	26.308641
0.667 	27.587256
0.668 	30.036208
0.669 	27.239730
0.670 	25.160037
0.671 	25.625343
0.672 	25.122865
0.673 	27.877504
0.674 	26.504221
0.675 	25.879263
0.676 	27.044152
0.677 	26.036645
0.678 	26.610202
0.679 	26.727778
0.680 	25.509461
0.681 	26.304611
0.682 	27.081805
0.683 	25.527088
0.684 	26.369846
0.685 	29.121080
0.686 	27.940686
0.687 	27.307019
0.688 	25.846953
0.689 	26.363682
0.690 	26.982582
0.691 	27.080012
0.692 	24.476754
0.693 	25.308529
0.694 	26.354504
0.695 	27.385978
0.696 	25.840310
0.697 	26.511003
0.698 	26.320703
0.699 	25.594664
0.700 	24.802224
0.701 	25.577555
0.702 	26.978537
0.703 	28.170416
0.704 	28.041900
0.705 	27.203564
0.706 	24.266545
0.707 	23.644556
0.708 	26.915729
0.709 	28.536310
0.710 	27.570168
0.711 	26.096039
0.712 	24.924335
0.713 	26.483804
0.714 	26.930862
0.715 	27.163690
0.716 	26.172759
0.717 	25.832004
0.718 	26.986948
0.719 	25.696772
0.720 	24.597601
0.721 	25.479103
0.722 	25.917641
0.723 	26.471277
0.724 	26.458439
0.725 	26.353638
0.726 	26.964643
0.727 	27.547726
0.728 	26.979586
0.729 	26.041067
0.730 	25.709986
0.731 	26.392911
0.732 	27.055827
0.733 	26.276941
0.734 	24.735450
0.735 	26.497157
0.736 	26.966574
0.737 	24.046775
0.738 	24.819304
0.739 	26.840397
0.740 	26.475964
0.741 	24.379965
0.742 	23.826600
0.743 	25.105377
0.744 	25.461496
0.745 	25.548507
0.746 	25.550186
0.747 	25.773000
0.748 	25.135596
0.749 	25.363029
0.750 	26.502316
0.751 	26.247227
0.752 	24.702922
0.753 	25.287892
0.754 	26.652100
0.755 	26.486225
0.756 	26.036083
0.757 	25.609028
0.758 	25.817456
0.759 	25.971713
0.760 	25.442403
0.761 	24.928376
0.762 	24.788923
0.763 	25.529878
0.764 	26.442683
0.765 	26.550137
0.766 	25.195192
0.767 	24.639181
0.768 	25.675392
0.769 	26.017015
0.770 	25.647640
0.771 	25.863509
0.772 	26.095913
0.773 	25.541372
0.774 	24.846911
0.775 	24.965942
0.776 	25.784086
0.777 	25.889342
0.778 	24.867144
0.779 	24.489856
0.780 	25.272684
0.781 	25.847796
0.782 	25.509012
0.783 	24.841664
0.784 	24.920814
0.785 	25.989719
0.786 	26.051849
0.787 	25.205191
0.788 	24.916184
0.789 	25.100731
0.790 	24.899564
0.791 	25.036365
0.792 	25.313919
0.793 	25.384501
0.794 	24.804826
0.795 	24.119513
0.796 	24.277332
0.797 	25.255183
0.798 	25.587937
0.799 	25.446438
0.800 	25.584976
0.801 	25.447296
0.802 	24.903628
0.803 	24.701872
0.804 	24.975301
0.805 	24.271892
0.806 	24.109810
0.807 	25.325809
0.808 	25.938728
0.809 	25.171021
0.810 	24.286185
0.811 	24.122544
0.812 	23.684199
0.813 	23.632594
0.814 	24.841334
0.815 	26.140486
0.816 	25.685055
0.817 	24.519833
0.818 	24.334884
0.819 	24.401716
0.820 	24.382013
0.821 	24.928105
0.822 	25.353855
0.823 	25.502111
0.824 	25.257382
0.825 	24.247969
0.826 	23.667821
0.827 	23.974833
0.828 	24.586851
0.829 	25.525455
0.830 	25.993761
0.831 	25.580659
0.832 	25.191419
0.833 	24.979988
0.834 	24.299156
0.835 	23.450205
0.836 	22.966886
0.837 	23.072935
0.838 	23.683652
0.839 	24.279112
0.840 	24.686453
0.841 	25.082469
0.842 	25.275787
0.843 	25.027012
0.844 	24.515007
0.845 	24.156319
0.846 	24.033709
0.847 	23.958628
0.848 	23.621762
0.849 	23.760346
0.850 	24.647248
0.851 	25.235406
0.852 	25.116881
0.853 	24.629858
0.854 	24.425394
0.855 	24.627331
0.856 	24.413293
0.857 	23.684859
0.858 	23.291853
0.859 	23.407465
0.860 	23.380529
0.861 	23.358820
0.862 	23.976943
0.863 	24.478132
0.864 	24.407701
0.865 	24.299211
0.866 	24.316983
0.867 	24.441577
0.868 	24.607080
0.869 	24.204851
0.870 	23.582974
0.871 	23.571171
0.872 	23.633088
0.873 	23.609606
0.874 	23.604031
0.875 	23.581423
0.876 	24.008819
0.877 	24.578281
0.878 	24.557242
0.879 	24.297220
0.880 	24.152113
0.881 	23.882373
0.882 	23.684248
0.883 	23.880875
0.884 	23.985263
0.885 	23.766703
0.886 	23.900086
0.887 	24.168949
0.888 	23.911088
0.889 	23.679264
0.890 	23.830860
0.891 	23.643549
0.892 	23.213001
0.893 	22.966482
0.894 	23.025286
0.895 	23.202552
0.896 	23.386256
0.897 	23.828515
0.898 	24.074322
0.899 	23.711426
0.900 	23.489972
0.901 	23.759576
0.902 	23.944571
0.903 	23.703816
0.904 	23.106391
0.905 	22.705949
0.906 	22.675559
0.907 	22.885457
0.908 	23.372053
0.909 	23.676096
0.910 	23.603145
0.911 	23.330174
0.912 	23.090144
0.913 	23.144594
0.914 	23.330787
0.915 	23.209873
0.916 	22.746066
0.917 	22.513355
0.918 	22.453450
0.919 	22.382298
0.920 	22.859122
0.921 	23.664272
0.922 	24.066284
0.923 	24.141278
0.924 	23.977917
0.925 	23.302146
0.926 	22.573755
0.927 	22.653531
0.928 	22.904340
0.929 	22.590030
0.930 	22.396508
0.931 	22.606651
0.932 	22.803010
0.933 	22.623863
0.934 	22.264183
0.935 	21.790344
0.936 	21.333462
0.937 	21.186247
0.938 	21.691480
0.939 	23.067363
0.940 	24.046945
0.941 	23.658925
0.942 	22.753176
0.943 	22.440799
0.944 	22.504254
0.945 	22.274584
0.946 	22.093351
0.947 	21.618688
0.948 	21.007813
0.949 	20.675184
0.950 	20.739871
0.951 	21.077671
0.952 	21.541416
0.953 	21.905691
0.954 	21.661593
0.955 	20.979608
0.956 	21.298513
0.957 	21.616760
0.958 	21.204517
0.959 	20.962835
0.960 	20.518457
0.961 	20.587347
0.962 	20.851255
0.963 	20.315375
0.964 	20.161472
0.965 	20.811499
0.966 	21.210054
0.967 	21.626059
0.968 	21.319663
0.969 	19.930574
0.970 	19.999829
0.971 	20.720835
0.972 	20.593469
0.973 	20.507348
0.974 	21.022316
0.975 	21.491236
0.976 	21.182628
0.977 	20.926387
0.978 	20.189655
0.979 	19.435227
0.980 	19.882169
0.981 	20.499414
0.982 	20.378387
0.983 	20.159092
0.984 	20.687420
0.985 	21.042409
0.986 	20.898022
0.987 	20.543958
0.988 	20.341657
0.989 	20.136283
0.990 	19.748446
0.991 	19.947573
0.992 	20.220260
0.993 	20.248738
0.994 	19.893722
0.995 	20.259411
0.996 	20.904677
0.997 	20.390493
0.998 	20.284288
0.999 	20.766996
1.000 	20.922154
1.001 	21.292504
1.002 	21.289929
1.003 	20.474432
1.004 	20.250596
1.005 	21.268517
1.006 	21.684948
1.007 	20.954031
1.008 	19.891894
1.009 	19.803664
1.010 	20.901545
1.011 	21.162844
1.012 	20.722344
1.013 	20.695827
1.014 	20.594395
1.015 	20.561557
1.016 	20.663509
1.017 	20.929798
1.018 	21.157761
1.019 	21.206645
1.020 	20.607458
1.021 	20.331395
1.022 	20.342060
1.023 	20.274303
1.024 	20.657446
1.025 	20.869812
1.026 	20.416630
1.027 	20.356114
1.028 	21.076612
1.029 	21.909711
1.030 	22.017634
1.031 	21.214630
1.032 	20.113226
1.033 	19.760963
1.034 	20.184805
1.035 	20.542315
1.036 	20.462848
1.037 	20.619618
1.038 	21.058999
1.039 	21.226998
1.040 	21.397667
1.041 	21.572890
1.042 	21.303954
1.043 	20.550906
1.044 	20.702670
1.045 	21.177002
1.046 	21.441723
1.047 	21.763611
1.048 	21.335085
1.049 	20.475872
1.050 	20.580735
1.051 	21.426490
1.052 	21.673482
1.053 	20.995465
1.054 	20.561699
1.055 	21.340642
1.056 	21.799217
1.057 	21.577882
1.058 	21.548854
1.059 	21.112985
1.060 	21.052181
1.061 	22.157996
1.062 	22.411713
1.063 	21.216039
1.064 	20.396955
1.065 	20.261144
1.066 	20.559214
1.067 	21.127207
1.068 	21.737918
1.069 	22.026419
1.070 	21.961833
1.071 	22.070679
1.072 	22.089560
1.073 	21.343049
1.074 	20.720315
1.075 	20.936982
1.076 	21.383091
1.077 	21.467635
1.078 	21.335259
1.079 	20.982266
1.080 	20.561835
1.081 	20.554567
1.082 	20.321413
1.083 	19.934268
1.084 	20.215388
1.085 	21.322829
1.086 	21.962795
1.087 	21.759182
1.088 	21.498516
1.089 	21.343389
1.090 	21.379604
1.091 	21.253210
1.092 	20.916492
1.093 	20.613182
1.094 	20.562475
1.095 	20.901275
1.096 	21.328081
1.097 	21.449269
1.098 	21.192604
1.099 	21.044932
1.100 	21.338298
1.101 	21.493831
1.102 	21.179002
1.103 	20.699573
1.104 	20.442657
1.105 	20.410425
1.106 	20.474426
1.107 	20.510993
1.108 	20.685037
1.109 	21.088862
1.110 	21.132082
1.111 	20.861171
1.112 	20.768584
1.113 	20.876087
1.114 	20.824125
1.115 	20.671665
1.116 	20.750401
1.117 	20.976461
1.118 	20.990033
1.119 	20.989888
1.120 	20.978456
1.121 	20.380249
1.122 	19.356560
1.123 	18.657452
1.124 	18.911144
1.125 	19.611216
1.126 	19.895714
1.127 	19.753906
1.128 	19.531740
1.129 	19.744447
1.130 	20.207006
1.131 	20.080166
1.132 	19.424298
1.133 	19.240029
1.134 	19.550950
1.135 	19.524449
1.136 	18.893653
1.137 	18.236388
1.138 	17.813819
1.139 	17.676363
1.140 	17.788531
1.141 	17.824753
1.142 	18.235683
1.143 	19.065772
1.144 	19.487428
1.145 	19.209762
1.146 	18.518062
1.147 	17.483724
1.148 	16.454875
1.149 	16.476139
1.150 	17.406543
1.151 	18.193900
1.152 	18.095447
1.153 	17.266679
1.154 	16.864625
1.155 	17.151861
1.156 	17.374857
1.157 	17.341727
1.158 	17.167917
1.159 	17.105932
1.160 	17.232871
1.161 	17.095277
1.162 	16.619612
1.163 	16.300667
1.164 	16.111560
1.165 	15.920377
1.166 	16.266568
1.167 	17.055687
1.168 	17.212197
1.169 	16.361283
1.170 	15.741696
1.171 	16.091977
1.172 	16.442803
1.173 	16.393628
1.174 	16.258691
1.175 	16.143879
1.176 	16.097900
1.177 	16.478370
1.178 	17.094293
1.179 	17.036008
1.180 	16.495050
1.181 	16.268581
1.182 	16.277274
1.183 	16.094318
1.184 	15.929448
1.185 	16.102668
1.186 	16.248148
1.187 	15.993047
1.188 	15.857005
1.189 	16.092676
1.190 	16.391982
1.191 	16.565511
1.192 	16.321023
1.193 	15.645718
1.194 	15.443819
1.195 	16.064010
1.196 	16.874863
1.197 	17.428276
1.198 	17.761014
1.199 	17.799050
1.200 	17.154673
1.201 	16.051954
1.202 	15.697593
1.203 	16.146048
1.204 	16.282581
1.205 	16.143761
1.206 	15.882592
1.207 	15.493829
1.208 	15.572000
1.209 	16.084671
1.210 	16.331544
1.211 	16.198632
1.212 	16.315650
1.213 	16.838952
1.214 	17.308168
1.215 	17.116314
1.216 	16.229221
1.217 	15.621892
1.218 	15.726426
1.219 	16.328702
1.220 	17.018444
1.221 	17.466524
1.222 	17.765278
1.223 	18.093974
1.224 	17.986309
1.225 	17.245064
1.226 	16.471460
1.227 	16.128127
1.228 	16.086809
1.229 	16.472752
1.230 	16.885623
1.231 	16.653055
1.232 	16.019183
1.233 	15.974900
1.234 	16.567741
1.235 	16.720354
1.236 	16.565001
1.237 	17.324526
1.238 	18.358915
1.239 	18.267474
1.240 	17.280570
1.241 	16.459368
1.242 	16.249687
1.243 	16.497826
1.244 	16.813738
1.245 	16.818162
1.246 	16.799346
1.247 	17.316158
1.248 	18.269881
1.249 	18.839066
1.250 	18.593042
1.251 	17.896016
1.252 	16.955129
1.253 	16.369385
1.254 	16.560580
1.255 	17.031336
1.256 	17.360921
1.257 	17.708271
1.258 	17.597954
1.259 	17.160926
1.260 	17.312378
1.261 	18.021481
1.262 	18.129355
1.263 	17.432899
1.264 	17.050969
1.265 	17.201510
1.266 	17.030132
1.267 	16.601366
1.268 	16.576794
1.269 	17.162153
1.270 	17.645467
1.271 	17.293942
1.272 	16.295018
1.273 	15.842121
1.274 	17.048645
1.275 	18.502162
1.276 	18.399254
1.277 	17.007550
1.278 	16.059888
1.279 	15.686736
1.280 	15.658363
1.281 	16.026022
1.282 	16.633827
1.283 	17.217745
1.284 	17.964335
1.285 	18.949433
1.286 	19.173710
1.287 	18.043077
1.288 	16.426545
1.289 	15.475359
1.290 	15.382742
1.291 	15.707725
1.292 	15.648151
1.293 	14.992057
1.294 	14.724746
1.295 	15.557005
1.296 	17.139566
1.297 	18.036160
1.298 	17.805885
1.299 	17.254284
1.300 	17.032627
1.301 	17.117972
1.302 	17.246420
1.303 	17.038673
1.304 	16.112630
1.305 	15.145014
1.306 	14.804328
1.307 	15.350182
1.308 	16.258688
1.309 	16.452176
1.310 	15.716325
1.311 	15.259163
1.312 	15.653172
1.313 	16.240121
1.314 	16.569454
1.315 	16.340815
1.316 	15.858158
1.317 	15.539495
1.318 	15.422429
1.319 	15.289504
1.320 	15.154619
1.321 	15.114817
1.322 	15.574734
1.323 	16.516569
1.324 	16.682353
1.325 	15.921883
1.326 	15.338741
1.327 	14.951928
1.328 	14.307936
1.329 	13.740850
1.330 	13.596793
1.331 	13.798169
1.332 	14.315521
1.333 	14.999470
1.334 	15.025609
1.335 	14.279070
1.336 	13.275448
1.337 	12.747863
1.338 	12.563428
1.339 	12.712084
1.340 	13.658646
1.341 	14.876874
1.342 	15.499033
1.343 	15.631334
1.344 	15.196431
1.345 	14.336312
1.346 	13.719842
1.347 	13.742472
1.348 	13.874197
1.349 	13.862705
1.350 	13.833173
1.351 	13.657006
1.352 	13.298307
1.353 	13.355622
1.354 	13.885206
1.355 	13.655717
1.356 	12.384038
1.357 	11.248605
1.358 	11.051519
1.359 	11.298341
1.360 	11.914099
1.361 	12.862134
1.362 	13.749189
1.363 	13.906944
1.364 	13.611090
1.365 	13.535597
1.366 	13.457264
1.367 	12.755448
1.368 	11.888789
1.369 	11.442328
1.370 	11.236520
1.371 	11.596562
1.372 	12.269683
1.373 	11.895029
1.374 	10.532132
1.375 	9.573052
1.376 	10.063669
1.377 	10.962633
1.378 	11.102835
1.379 	10.961648
1.380 	11.085682
1.381 	10.815602
1.382 	10.026679
1.383 	9.756141
1.384 	10.212949
1.385 	10.337819
1.386 	10.041385
1.387 	9.996609
1.388 	9.792731
1.389 	9.132287
1.390 	8.978062
1.391 	10.087951
1.392 	10.932549
1.393 	10.783384
1.394 	10.361872
1.395 	9.925680
1.396 	8.616237
1.397 	6.686181
1.398 	5.585480
1.399 	6.328057
1.400 	7.821131
1.401 	8.518861
1.402 	8.649736
1.403 	8.338727
1.404 	7.991756
1.405 	8.531444
1.406 	9.389521
1.407 	9.428791
1.408 	8.412730
1.409 	7.206143
1.410 	6.520015
1.411 	6.573617
1.412 	7.318598
1.413 	8.636756
1.414 	9.208769
1.415 	8.595834
1.416 	7.898987
1.417 	7.223500
1.418 	6.391881
1.419 	6.203043
1.420 	7.697691
1.421 	9.142722
1.422 	8.307930
1.423 	6.459462
1.424 	6.245010
1.425 	7.300009
1.426 	7.443755
1.427 	6.643965
1.428 	6.252213
1.429 	6.541125
1.430 	7.540832
1.431 	9.036608
1.432 	9.862064
1.433 	9.604028
1.434 	8.654728
1.435 	7.804629
1.436 	7.151664
1.437 	6.999135
1.438 	7.385255
1.439 	7.011849
1.440 	5.646487
1.441 	4.963404
1.442 	5.804071
1.443 	7.194847
1.444 	7.571650
1.445 	6.952363
1.446 	6.436216
1.447 	6.456280
1.448 	6.370049
1.449 	6.160354
1.450 	6.881856
1.451 	8.361115
1.452 	8.990301
1.453 	8.251483
1.454 	6.836049
1.455 	5.484778
1.456 	5.430629
1.457 	6.538980
1.458 	7.432885
1.459 	7.773084
1.460 	7.436945
1.461 	6.979110
1.462 	7.751352
1.463 	9.090025
1.464 	8.889949
1.465 	7.078903
1.466 	6.606448
1.467 	8.306543
1.468 	9.228911
1.469 	8.511753
1.470 	7.652975
1.471 	7.449978
1.472 	7.614137
1.473 	7.301195
1.474 	6.862016
1.475 	7.305676
1.476 	8.229493
1.477 	8.553062
1.478 	7.867516
1.479 	6.661959
1.480 	6.708160
1.481 	7.214504
1.482 	7.216826
1.483 	8.345476
1.484 	9.456497
1.485 	8.786966
1.486 	7.346185
1.487 	6.429036
1.488 	6.162232
1.489 	6.991872
1.490 	8.775728
1.491 	8.936833
1.492 	7.095417
1.493 	6.079308
1.494 	6.866979
1.495 	7.429832
1.496 	8.016851
1.497 	9.821251
1.498 	11.002312
1.499 	10.013052
1.500 	8.504142
1.501 	8.225429
1.502 	8.159359
1.503 	7.454368
1.504 	7.362878
1.505 	8.760097
1.506 	10.952202
1.507 	11.987196
1.508 	10.569113
1.509 	7.686343
1.510 	6.318807
1.511 	8.111269
1.512 	10.253747
1.513 	9.907610
1.514 	8.324804
1.515 	7.745929
1.516 	7.774846
1.517 	8.298708
1.518 	8.941608
1.519 	7.907293
1.520 	6.720831
1.521 	6.686261
1.522 	7.128263
1.523 	8.120766
1.524 	8.404679
1.525 	6.984588
1.526 	6.767518
1.527 	9.268343
1.528 	10.562717
1.529 	9.502216
1.530 	8.656200
1.531 	8.012811
1.532 	6.723124
1.533 	6.672498
1.534 	8.775584
1.535 	10.224309
1.536 	9.846003
1.537 	9.724307
1.538 	10.194884
1.539 	9.517494
1.540 	8.488352
1.541 	8.520623
1.542 	8.382322
1.543 	8.185504
1.544 	9.450803
1.545 	10.764023
1.546 	10.596713
1.547 	10.205861
1.548 	10.064454
1.549 	9.235291
1.550 	8.792570
1.551 	9.368553
1.552 	10.229048
1.553 	10.425963
1.554 	10.447325
1.555 	10.305039
1.556 	9.173746
1.557 	8.015269
1.558 	7.851030
1.559 	8.870954
1.560 	10.823498
1.561 	11.193998
1.562 	10.518034
1.563 	10.493409
1.564 	9.277764
1.565 	8.573309
1.566 	9.551899
1.567 	10.008675
1.568 	10.324670
1.569 	12.391599
1.570 	12.533166
1.571 	9.812897
1.572 	9.188800
1.573 	10.102166
1.574 	9.659074
1.575 	9.686449
1.576 	9.929927
1.577 	8.006924
1.578 	6.886810
1.579 	9.072536
1.580 	10.428926
1.581 	10.744071
1.582 	11.703533
1.583 	12.061471
1.584 	10.802779
1.585 	9.676238
1.586 	8.485433
1.587 	8.740552
1.588 	9.853245
1.589 	11.288345
1.590 	13.413468
1.591 	12.808162
1.592 	10.683228
1.593 	9.780300
1.594 	9.348908
1.595 	9.806294
1.596 	12.491593
1.597 	13.692066
1.598 	12.619239
1.599 	10.487371
1.600 	8.396214
1.601 	6.945199
1.602 	8.441427
1.603 	11.586885
1.604 	13.721482
1.605 	12.153840
1.606 	9.204617
1.607 	8.063788
1.608 	10.529978
1.609 	13.167431
1.610 	11.564856
1.611 	11.499448
1.612 	11.600852
1.613 	8.024186
1.614 	5.831598
1.615 	6.370931
1.616 	10.409430
1.617 	13.691115
1.618 	12.752981
1.619 	9.568647
1.620 	9.908435
1.621 	13.247988
1.622 	13.288479
1.623 	11.536756
1.624 	11.937062
1.625 	12.963072
1.626 	12.812720
1.627 	11.832125
1.628 	10.768863
1.629 	10.590735
1.630 	10.203073
1.631 	11.339605
1.632 	11.626448
1.633 	9.452987
1.634 	10.124117
1.635 	11.261775
1.636 	11.959594
1.637 	12.236733
1.638 	13.749324
1.639 	11.580010
1.640 	7.492816
1.641 	9.750307
1.642 	13.841561
1.643 	12.605457
1.644 	9.912531
1.645 	10.686269
1.646 	11.482209
1.647 	12.819896
1.648 	9.975842
1.649 	7.550736
1.650 	10.151129
1.651 	13.631400
1.652 	14.862990
1.653 	13.175941
1.654 	9.759558
1.655 	7.750081
1.656 	11.580275
1.657 	13.382113
1.658 	15.106678
1.659 	13.365189
1.660 	9.988340
1.661 	9.513216
1.662 	11.872233
1.663 	13.910763
1.664 	12.670754
1.665 	7.666045
1.666 	10.291516
1.667 	12.633722
1.668 	9.461424
1.669 	11.382732
1.670 	13.471818
1.671 	12.068768
1.672 	12.222481
1.673 	13.951225
1.674 	12.144313
1.675 	10.949838
1.676 	11.964763
1.677 	9.227410
1.678 	11.652432
1.679 	13.616897
1.680 	12.386980
1.681 	16.301146
1.682 	19.658871
1.683 	12.335319
1.684 	5.905176
1.685 	10.692243
1.686 	8.295582
1.687 	13.803577
1.688 	5.876284
1.689 	5.972870
1.690 	14.884636
1.691 	13.973829
1.692 	10.349000
1.693 	7.023800
1.694 	9.901063
1.695 	10.656956
1.696 	1.136937
1.697 	20.024211
1.698 	18.349022
1.699 	0.763807
1.700 	10.782459
