0.660 	18.890592
0.661 	17.579468
0.662 	20.322145
0.663 	21.160202
0.664 	18.320160
0.665 	19.946982
0.666 	19.771678
0.667 	19.048838
0.668 	21.729341
0.669 	20.346973
0.670 	21.541187
0.671 	18.939235
0.672 	17.875130
0.673 	19.198842
0.674 	19.568678
0.675 	18.913432
0.676 	19.844580
0.677 	20.502337
0.678 	18.867628
0.679 	21.474904
0.680 	20.573560
0.681 	19.927102
0.682 	21.181244
0.683 	21.222827
0.684 	18.972085
0.685 	19.962589
0.686 	19.375904
0.687 	20.852107
0.688 	19.634183
0.689 	19.345531
0.690 	20.861354
0.691 	20.343914
0.692 	20.275181
0.693 	20.744213
0.694 	19.741534
0.695 	20.558312
0.696 	21.107698
0.697 	20.511203
0.698 	21.311248
0.699 	18.613164
0.700 	16.900903
0.701 	18.096108
0.702 	20.986262
0.703 	20.753514
0.704 	18.492179
0.705 	20.790428
0.706 	19.920271
0.707 	18.446203
0.708 	22.020329
0.709 	22.457488
0.710 	20.053474
0.711 	19.063643
0.712 	19.052747
0.713 	20.354022
0.714 	21.309209
0.715 	20.173628
0.716 	18.601429
0.717 	18.187209
0.718 	19.831145
0.719 	20.698806
0.720 	19.501879
0.721 	18.845535
0.722 	20.426718
0.723 	20.747814
0.724 	20.574300
0.725 	20.586774
0.726 	19.454312
0.727 	18.833903
0.728 	19.286688
0.729 	20.471596
0.730 	20.786044
0.731 	20.459850
0.732 	20.137095
0.733 	19.730074
0.734 	19.279536
0.735 	19.518825
0.736 	19.925250
0.737 	19.240005
0.738 	19.203222
0.739 	19.468501
0.740 	19.649036
0.741 	19.006580
0.742 	19.927568
0.743 	21.162517
0.744 	20.305068
0.745 	18.987840
0.746 	19.105995
0.747 	19.368379
0.748 	19.408945
0.749 	19.689872
0.750 	20.191327
0.751 	19.797371
0.752 	19.361269
0.753 	19.575128
0.754 	19.774956
0.755 	19.572292
0.756 	19.338183
0.757 	20.287094
0.758 	20.908129
0.759 	20.084216
0.760 	18.659559
0.761 	18.772951
0.762 	19.385271
0.763 	20.190287
0.764 	21.365634
0.765 	21.363969
0.766 	19.106080
0.767 	17.582508
0.768 	19.057762
0.769 	19.977882
0.770 	19.485734
0.771 	19.771546
0.772 	20.105161
0.773 	19.985739
0.774 	19.980917
0.775 	20.003671
0.776 	19.717026
0.777 	19.626885
0.778 	18.761947
0.779 	17.614850
0.780 	18.212066
0.781 	19.619830
0.782 	19.876180
0.783 	20.285904
0.784 	20.550867
0.785 	19.871964
0.786 	19.002814
0.787 	18.076060
0.788 	18.006757
0.789 	18.405487
0.790 	18.350107
0.791 	18.906290
0.792 	19.906680
0.793 	19.996405
0.794 	19.252151
0.795 	19.297506
0.796 	20.205721
0.797 	20.786222
0.798 	20.240605
0.799 	19.572816
0.800 	19.368053
0.801 	19.502175
0.802 	19.645218
0.803 	19.345659
0.804 	19.128848
0.805 	18.890222
0.806 	18.347798
0.807 	18.429580
0.808 	19.010981
0.809 	18.982267
0.810 	18.560846
0.811 	18.295406
0.812 	18.334816
0.813 	18.793059
0.814 	19.404467
0.815 	19.435621
0.816 	18.758683
0.817 	18.252148
0.818 	18.506541
0.819 	18.804738
0.820 	18.379166
0.821 	18.434923
0.822 	19.190232
0.823 	19.614375
0.824 	19.694449
0.825 	19.228562
0.826 	18.643247
0.827 	18.592120
0.828 	18.873094
0.829 	19.299516
0.830 	19.568983
0.831 	19.766966
0.832 	20.042766
0.833 	20.125040
0.834 	19.420182
0.835 	18.391789
0.836 	17.853614
0.837 	17.674601
0.838 	17.820065
0.839 	18.240647
0.840 	18.633014
0.841 	19.039038
0.842 	19.487699
0.843 	19.578558
0.844 	19.524493
0.845 	19.731557
0.846 	19.738901
0.847 	19.231885
0.848 	18.453913
0.849 	17.853336
0.850 	17.904848
0.851 	18.353936
0.852 	18.357058
0.853 	17.619111
0.854 	16.983968
0.855 	17.352747
0.856 	18.563566
0.857 	19.397382
0.858 	18.936791
0.859 	17.734782
0.860 	17.467453
0.861 	18.406883
0.862 	18.825714
0.863 	18.639702
0.864 	18.958952
0.865 	19.384059
0.866 	19.152653
0.867 	18.510592
0.868 	18.272287
0.869 	18.400498
0.870 	18.856229
0.871 	19.166854
0.872 	18.818767
0.873 	18.169891
0.874 	17.596048
0.875 	17.470720
0.876 	18.125079
0.877 	18.972187
0.878 	19.179204
0.879 	19.034504
0.880 	18.462685
0.881 	17.380216
0.882 	17.034631
0.883 	17.429722
0.884 	17.966455
0.885 	18.389543
0.886 	18.503609
0.887 	18.368762
0.888 	18.004509
0.889 	18.158629
0.890 	18.915712
0.891 	19.056618
0.892 	18.705295
0.893 	18.274618
0.894 	17.716905
0.895 	17.129437
0.896 	16.864729
0.897 	17.194901
0.898 	17.647273
0.899 	17.610542
0.900 	17.599600
0.901 	18.239291
0.902 	18.882100
0.903 	18.828806
0.904 	18.313655
0.905 	17.489260
0.906 	16.696425
0.907 	16.744497
0.908 	17.607309
0.909 	18.220532
0.910 	18.097162
0.911 	17.362281
0.912 	16.815888
0.913 	17.179379
0.914 	18.034569
0.915 	18.283785
0.916 	17.774229
0.917 	17.444388
0.918 	17.299164
0.919 	17.129174
0.920 	17.095638
0.921 	17.418186
0.922 	17.981289
0.923 	18.237140
0.924 	17.596791
0.925 	16.618990
0.926 	16.230514
0.927 	16.317263
0.928 	16.565837
0.929 	17.495758
0.930 	18.905448
0.931 	19.635281
0.932 	18.678232
0.933 	16.628668
0.934 	15.007792
0.935 	14.845876
0.936 	15.538802
0.937 	16.261931
0.938 	16.801832
0.939 	17.407382
0.940 	17.767750
0.941 	17.847876
0.942 	17.778647
0.943 	17.238810
0.944 	16.673732
0.945 	16.043422
0.946 	15.993071
0.947 	15.975239
0.948 	15.934476
0.949 	16.088552
0.950 	15.793545
0.951 	15.147862
0.952 	15.141037
0.953 	15.667028
0.954 	16.154463
0.955 	15.652607
0.956 	15.170583
0.957 	15.311764
0.958 	15.684866
0.959 	15.948884
0.960 	15.829749
0.961 	15.787447
0.962 	15.465895
0.963 	14.722664
0.964 	14.681102
0.965 	15.629928
0.966 	15.821011
0.967 	15.750082
0.968 	15.396949
0.969 	14.682560
0.970 	15.011790
0.971 	15.855747
0.972 	15.975518
0.973 	15.776228
0.974 	15.971025
0.975 	15.399891
0.976 	14.372218
0.977 	14.359456
0.978 	14.070363
0.979 	14.328208
0.980 	15.109352
0.981 	14.925569
0.982 	14.599410
0.983 	14.976250
0.984 	15.593827
0.985 	15.524866
0.986 	15.391512
0.987 	15.637145
0.988 	15.635609
0.989 	14.378122
0.990 	13.932583
0.991 	14.310249
0.992 	14.545388
0.993 	14.998007
0.994 	15.013163
0.995 	15.159314
0.996 	15.872306
0.997 	15.907706
0.998 	15.494415
0.999 	14.926863
1.000 	14.203734
1.001 	14.539846
1.002 	14.918563
1.003 	14.701278
1.004 	14.979308
1.005 	15.745818
1.006 	15.743310
1.007 	15.208377
1.008 	15.096719
1.009 	15.201666
1.010 	15.476124
1.011 	15.855058
1.012 	16.032885
1.013 	15.603663
1.014 	14.970682
1.015 	14.919762
1.016 	15.036377
1.017 	14.783018
1.018 	14.949531
1.019 	15.182454
1.020 	14.956193
1.021 	15.317851
1.022 	15.595012
1.023 	15.146433
1.024 	15.006893
1.025 	15.611046
1.026 	15.733336
1.027 	15.455320
1.028 	15.429389
1.029 	15.960158
1.030 	15.966925
1.031 	15.461182
1.032 	15.376352
1.033 	15.578606
1.034 	15.627459
1.035 	15.796350
1.036 	15.681336
1.037 	15.241482
1.038 	15.326381
1.039 	15.759103
1.040 	15.578800
1.041 	14.894823
1.042 	14.876748
1.043 	15.222457
1.044 	15.127442
1.045 	14.917500
1.046 	15.331711
1.047 	16.210328
1.048 	16.219336
1.049 	15.490078
1.050 	15.617204
1.051 	16.202574
1.052 	16.259923
1.053 	15.954358
1.054 	15.393804
1.055 	15.031776
1.056 	15.079275
1.057 	15.505581
1.058 	16.457579
1.059 	16.645061
1.060 	16.264513
1.061 	16.510920
1.062 	16.530704
1.063 	15.859051
1.064 	15.094572
1.065 	14.646389
1.066 	14.791014
1.067 	15.355865
1.068 	15.577522
1.069 	15.682123
1.070 	16.061821
1.071 	16.197758
1.072 	15.941771
1.073 	15.503174
1.074 	15.684206
1.075 	16.210604
1.076 	16.368926
1.077 	16.150816
1.078 	15.592882
1.079 	15.378126
1.080 	15.652705
1.081 	15.960896
1.082 	15.770505
1.083 	15.103342
1.084 	14.853248
1.085 	15.322048
1.086 	15.505330
1.087 	15.324693
1.088 	15.421877
1.089 	15.611606
1.090 	15.727978
1.091 	15.727825
1.092 	15.506042
1.093 	15.302752
1.094 	15.193126
1.095 	15.239578
1.096 	15.528741
1.097 	15.520866
1.098 	15.107930
1.099 	14.895403
1.100 	14.998804
1.101 	15.127506
1.102 	15.586980
1.103 	15.717097
1.104 	15.001726
1.105 	14.539528
1.106 	14.655848
1.107 	14.895724
1.108 	15.394156
1.109 	15.863906
1.110 	15.704357
1.111 	15.629063
1.112 	16.022139
1.113 	16.173263
1.114 	15.788888
1.115 	15.315081
1.116 	15.291316
1.117 	15.432552
1.118 	15.415617
1.119 	15.319665
1.120 	14.887721
1.121 	14.520925
1.122 	14.540663
1.123 	14.546045
1.124 	14.323403
1.125 	13.958697
1.126 	13.621289
1.127 	13.932606
1.128 	15.159728
1.129 	15.915530
1.130 	14.921044
1.131 	13.293129
1.132 	12.838663
1.133 	13.340234
1.134 	13.418426
1.135 	12.977802
1.136 	12.789995
1.137 	12.926240
1.138 	12.948961
1.139 	12.940721
1.140 	13.018533
1.141 	12.768342
1.142 	12.488667
1.143 	12.522383
1.144 	13.030240
1.145 	13.770492
1.146 	13.807897
1.147 	12.866712
1.148 	11.691874
1.149 	11.089866
1.150 	11.163443
1.151 	11.536132
1.152 	11.735510
1.153 	11.782624
1.154 	12.051725
1.155 	12.197854
1.156 	11.779269
1.157 	11.211841
1.158 	10.853707
1.159 	10.931370
1.160 	11.334686
1.161 	11.397211
1.162 	11.438785
1.163 	11.605631
1.164 	11.059725
1.165 	9.956640
1.166 	9.838461
1.167 	10.984431
1.168 	11.549759
1.169 	10.847135
1.170 	10.147039
1.171 	10.142006
1.172 	10.315252
1.173 	10.603210
1.174 	10.958528
1.175 	10.957158
1.176 	10.857554
1.177 	11.375820
1.178 	12.339286
1.179 	12.395965
1.180 	11.474291
1.181 	10.576858
1.182 	10.326788
1.183 	10.596380
1.184 	11.134304
1.185 	11.504683
1.186 	10.983893
1.187 	9.931491
1.188 	9.397348
1.189 	9.749117
1.190 	10.559154
1.191 	11.218878
1.192 	11.058091
1.193 	10.186107
1.194 	9.605319
1.195 	9.751438
1.196 	10.104020
1.197 	10.232343
1.198 	10.318386
1.199 	10.618010
1.200 	10.771325
1.201 	10.413040
1.202 	10.037605
1.203 	9.848189
1.204 	9.919999
1.205 	10.130332
1.206 	9.659831
1.207 	8.934795
1.208 	9.405673
1.209 	10.408211
1.210 	10.553780
1.211 	10.405302
1.212 	10.900298
1.213 	11.356214
1.214 	10.820808
1.215 	9.833199
1.216 	9.513069
1.217 	9.853202
1.218 	10.451239
1.219 	10.765614
1.220 	10.599027
1.221 	10.581016
1.222 	11.016284
1.223 	11.602023
1.224 	12.023009
1.225 	11.713801
1.226 	10.918785
1.227 	10.534412
1.228 	10.253550
1.229 	10.003292
1.230 	10.291810
1.231 	10.733443
1.232 	10.727462
1.233 	10.698838
1.234 	10.733501
1.235 	10.365924
1.236 	10.216407
1.237 	11.403408
1.238 	12.850735
1.239 	13.207423
1.240 	12.875826
1.241 	12.614528
1.242 	12.192567
1.243 	11.609223
1.244 	11.223527
1.245 	10.995691
1.246 	10.930849
1.247 	11.472238
1.248 	12.345600
1.249 	12.543053
1.250 	11.807993
1.251 	11.155130
1.252 	10.943343
1.253 	11.151557
1.254 	11.588019
1.255 	11.807802
1.256 	11.503852
1.257 	10.872648
1.258 	10.276787
1.259 	10.119451
1.260 	10.875122
1.261 	12.238235
1.262 	12.713150
1.263 	12.133984
1.264 	11.756463
1.265 	11.810707
1.266 	11.414398
1.267 	10.434732
1.268 	9.890019
1.269 	10.391541
1.270 	11.353469
1.271 	12.339367
1.272 	12.831877
1.273 	13.043705
1.274 	13.235263
1.275 	12.771920
1.276 	11.283194
1.277 	9.571218
1.278 	8.899303
1.279 	9.677252
1.280 	11.009824
1.281 	12.043230
1.282 	12.876780
1.283 	13.414869
1.284 	13.578417
1.285 	13.354708
1.286 	12.190126
1.287 	10.489255
1.288 	9.803144
1.289 	10.243168
1.290 	11.220239
1.291 	11.718798
1.292 	11.341253
1.293 	10.539861
1.294 	10.039036
1.295 	10.186731
1.296 	10.874324
1.297 	11.008522
1.298 	10.639044
1.299 	10.775835
1.300 	11.184369
1.301 	11.288335
1.302 	11.189768
1.303 	11.107265
1.304 	10.836583
1.305 	10.600622
1.306 	10.413963
1.307 	10.046041
1.308 	9.697547
1.309 	9.656189
1.310 	10.061918
1.311 	10.587908
1.312 	10.734969
1.313 	10.382402
1.314 	10.015336
1.315 	10.382824
1.316 	10.964539
1.317 	10.936180
1.318 	10.507302
1.319 	10.388525
1.320 	10.396421
1.321 	9.892034
1.322 	9.186966
1.323 	9.430663
1.324 	9.953199
1.325 	9.373162
1.326 	8.291185
1.327 	8.250364
1.328 	9.046099
1.329 	9.872123
1.330 	10.250400
1.331 	10.169510
1.332 	10.124999
1.333 	9.848201
1.334 	8.918087
1.335 	8.025737
1.336 	7.646265
1.337 	7.748145
1.338 	7.982315
1.339 	8.110670
1.340 	8.385102
1.341 	8.902910
1.342 	9.300641
1.343 	9.608195
1.344 	9.984919
1.345 	9.753675
1.346 	8.559896
1.347 	7.054547
1.348 	6.069614
1.349 	6.241573
1.350 	7.459353
1.351 	8.289344
1.352 	8.490346
1.353 	8.674975
1.354 	8.465074
1.355 	7.274666
1.356 	6.405681
1.357 	6.532079
1.358 	6.699297
1.359 	6.810215
1.360 	7.155320
1.361 	7.170087
1.362 	7.113830
1.363 	7.234751
1.364 	7.066460
1.365 	6.884568
1.366 	7.115848
1.367 	7.360586
1.368 	7.128167
1.369 	6.330981
1.370 	5.250227
1.371 	5.134271
1.372 	6.002275
1.373 	6.341652
1.374 	5.668245
1.375 	4.883878
1.376 	4.953546
1.377 	5.490648
1.378 	5.721323
1.379 	5.914736
1.380 	6.263421
1.381 	6.174160
1.382 	5.463821
1.383 	4.658327
1.384 	4.362555
1.385 	4.192063
1.386 	3.821779
1.387 	3.675289
1.388 	3.706503
1.389 	3.802658
1.390 	4.060289
1.391 	4.219321
1.392 	4.334050
1.393 	4.721742
1.394 	5.377233
1.395 	5.794962
1.396 	4.934359
1.397 	3.056650
1.398 	1.980922
1.399 	2.831033
1.400 	4.252984
1.401 	4.705173
1.402 	4.288605
1.403 	3.390909
1.404 	2.909690
1.405 	3.181646
1.406 	3.252373
1.407 	2.767216
1.408 	2.406109
1.409 	2.351146
1.410 	2.183174
1.411 	2.002410
1.412 	2.273567
1.413 	3.034832
1.414 	3.774855
1.415 	4.348275
1.416 	4.408987
1.417 	3.366392
1.418 	2.001862
1.419 	1.849219
1.420 	2.941335
1.421 	3.521309
1.422 	3.021812
1.423 	2.271752
1.424 	1.963197
1.425 	2.239037
1.426 	2.320947
1.427 	1.685070
1.428 	1.210714
1.429 	1.716904
1.430 	2.735260
1.431 	3.531194
1.432 	3.683613
1.433 	3.515602
1.434 	3.805987
1.435 	4.251107
1.436 	4.485503
1.437 	4.537929
1.438 	3.819504
1.439 	2.527587
1.440 	1.491904
1.441 	0.964799
1.442 	0.688383
1.443 	1.084342
1.444 	1.885232
1.445 	2.246108
1.446 	2.158205
1.447 	2.282494
1.448 	2.530169
1.449 	2.244427
1.450 	1.960273
1.451 	2.809849
1.452 	4.045779
1.453 	4.471259
1.454 	4.150361
1.455 	3.339887
1.456 	2.727442
1.457 	2.683944
1.458 	2.819456
1.459 	2.707789
1.460 	1.604479
1.461 	0.099792
1.462 	0.157146
1.463 	1.676324
1.464 	2.547067
1.465 	2.024643
1.466 	1.635446
1.467 	2.850841
1.468 	5.061397
1.469 	6.580220
1.470 	6.375700
1.471 	5.179722
1.472 	4.643394
1.473 	3.930366
1.474 	2.603842
1.475 	1.423008
1.476 	1.321770
1.477 	2.066713
1.478 	2.328479
1.479 	2.580904
1.480 	3.492993
1.481 	3.319880
1.482 	2.087987
1.483 	3.152436
1.484 	5.463525
1.485 	5.287798
1.486 	3.118905
1.487 	1.480653
1.488 	1.392574
1.489 	2.580846
1.490 	4.360034
1.491 	4.261357
1.492 	2.685206
1.493 	2.328780
1.494 	3.020066
1.495 	3.240653
1.496 	3.185335
1.497 	3.288917
1.498 	2.960678
1.499 	2.835781
1.500 	3.084228
1.501 	2.700771
1.502 	2.310462
1.503 	2.465460
1.504 	1.973735
1.505 	1.345669
1.506 	2.820255
1.507 	5.382674
1.508 	5.939098
1.509 	3.725013
1.510 	2.322619
1.511 	3.808124
1.512 	4.894418
1.513 	3.778341
1.514 	2.121401
1.515 	1.858182
1.516 	2.695157
1.517 	4.037730
1.518 	4.347589
1.519 	2.821712
1.520 	2.097028
1.521 	2.548829
1.522 	3.755460
1.523 	4.783698
1.524 	4.750241
1.525 	4.255946
1.526 	3.405128
1.527 	3.540211
1.528 	3.758030
1.529 	2.410650
1.530 	1.349241
1.531 	1.813730
1.532 	2.169607
1.533 	2.619293
1.534 	3.252782
1.535 	3.399497
1.536 	3.069152
1.537 	2.957970
1.538 	4.203635
1.539 	5.073650
1.540 	4.311587
1.541 	2.890341
1.542 	1.863713
1.543 	2.684464
1.544 	4.810028
1.545 	5.714597
1.546 	5.353997
1.547 	5.254012
1.548 	5.234882
1.549 	4.338856
1.550 	3.685409
1.551 	5.442268
1.552 	6.617946
1.553 	4.821278
1.554 	3.311694
1.555 	3.079408
1.556 	2.930546
1.557 	2.275707
1.558 	2.955439
1.559 	5.135978
1.560 	6.369101
1.561 	5.377191
1.562 	4.273705
1.563 	4.743418
1.564 	4.713692
1.565 	4.524917
1.566 	4.871124
1.567 	4.950504
1.568 	4.939136
1.569 	5.615540
1.570 	4.894451
1.571 	2.489997
1.572 	1.011416
1.573 	1.052144
1.574 	1.933696
1.575 	3.690706
1.576 	5.402725
1.577 	4.761387
1.578 	3.592808
1.579 	5.210786
1.580 	5.926301
1.581 	4.882205
1.582 	4.286525
1.583 	3.489895
1.584 	3.616112
1.585 	5.489609
1.586 	6.504251
1.587 	5.717684
1.588 	4.037198
1.589 	3.879455
1.590 	6.445808
1.591 	7.912658
1.592 	7.262111
1.593 	5.387006
1.594 	3.406831
1.595 	4.152270
1.596 	6.580433
1.597 	6.749388
1.598 	6.591042
1.599 	5.133495
1.600 	3.408050
1.601 	2.351947
1.602 	3.053712
1.603 	5.054514
1.604 	7.107063
1.605 	7.242751
1.606 	5.105869
1.607 	3.453536
1.608 	3.130532
1.609 	4.382638
1.610 	5.298373
1.611 	6.345956
1.612 	5.590514
1.613 	2.878850
1.614 	4.100453
1.615 	6.307847
1.616 	7.045913
1.617 	8.120001
1.618 	9.248414
1.619 	6.240614
1.620 	1.888989
1.621 	2.672996
1.622 	6.100209
1.623 	5.830869
1.624 	4.884271
1.625 	5.988473
1.626 	5.573008
1.627 	4.451049
1.628 	4.080857
1.629 	5.615282
1.630 	6.309220
1.631 	5.934477
1.632 	4.851811
1.633 	2.296457
1.634 	3.574082
1.635 	5.515840
1.636 	6.685893
1.637 	6.281710
1.638 	6.589639
1.639 	4.596387
1.640 	1.928346
1.641 	2.778794
1.642 	6.780789
1.643 	8.904420
1.644 	8.071245
1.645 	6.288796
1.646 	3.353003
1.647 	4.283168
1.648 	5.336996
1.649 	5.882189
1.650 	6.772586
1.651 	6.055159
1.652 	8.008698
1.653 	6.930394
1.654 	5.794743
1.655 	3.690854
1.656 	1.876837
1.657 	6.078049
1.658 	9.967432
1.659 	8.459470
1.660 	5.217896
1.661 	4.833392
1.662 	4.203804
1.663 	4.607104
1.664 	7.046482
1.665 	4.060304
1.666 	2.602434
1.667 	5.256510
1.668 	4.841534
1.669 	4.370198
1.670 	4.481455
1.671 	4.550402
1.672 	6.690130
1.673 	4.894852
1.674 	2.816055
1.675 	5.260490
1.676 	5.811475
1.677 	-0.193771
1.678 	-1.073214
1.679 	6.028335
1.680 	9.862361
1.681 	11.414427
1.682 	12.832578
1.683 	9.518598
1.684 	6.328094
1.685 	4.989195
1.686 	2.653693
1.687 	4.403950
1.688 	-0.920980
1.689 	2.190702
1.690 	6.242226
1.691 	6.159047
1.692 	5.890675
1.693 	8.307237
1.694 	0.329722
1.695 	-1.927001
1.696 	-3.866572
1.697 	12.666699
1.698 	6.794817
1.699 	-9.506016
1.700 	4.926448
