0.660 	19.655510
0.661 	13.944213
0.662 	13.371419
0.663 	14.913544
0.664 	18.207948
0.665 	16.005383
0.666 	19.522856
0.667 	10.388673
0.668 	17.904464
0.669 	15.168145
0.670 	19.331915
0.671 	13.300118
0.672 	15.787407
0.673 	14.900085
0.674 	18.000135
0.675 	14.561820
0.676 	14.872914
0.677 	18.239677
0.678 	10.889656
0.679 	19.482351
0.680 	17.823252
0.681 	13.730760
0.682 	19.592212
0.683 	12.773492
0.684 	12.917302
0.685 	16.785718
0.686 	19.376765
0.687 	15.891022
0.688 	14.376683
0.689 	22.088041
0.690 	17.025844
0.691 	17.180026
0.692 	15.804942
0.693 	14.630442
0.694 	15.700730
0.695 	16.710370
0.696 	17.421482
0.697 	16.704803
0.698 	14.958838
0.699 	19.913191
0.700 	21.079471
0.701 	15.091508
0.702 	18.345713
0.703 	18.083890
0.704 	14.970364
0.705 	12.976409
0.706 	18.662729
0.707 	20.029135
0.708 	18.618984
0.709 	19.710859
0.710 	20.444674
0.711 	19.010980
0.712 	17.670665
0.713 	21.419599
0.714 	20.734560
0.715 	19.754334
0.716 	15.818922
0.717 	17.479202
0.718 	17.872785
0.719 	18.607622
0.720 	21.458629
0.721 	21.018693
0.722 	20.956748
0.723 	17.058919
0.724 	15.887261
0.725 	19.207550
0.726 	19.988668
0.727 	18.636253
0.728 	18.554618
0.729 	22.163509
0.730 	22.169543
0.731 	18.443760
0.732 	18.501391
0.733 	18.891045
0.734 	20.309074
0.735 	20.978716
0.736 	22.049236
0.737 	19.901448
0.738 	20.087999
0.739 	19.751559
0.740 	20.749248
0.741 	21.269515
0.742 	20.533758
0.743 	19.066009
0.744 	18.360851
0.745 	20.607829
0.746 	21.990123
0.747 	21.514690
0.748 	20.659099
0.749 	20.441028
0.750 	23.462919
0.751 	19.920730
0.752 	18.485054
0.753 	21.096084
0.754 	22.002164
0.755 	20.786969
0.756 	19.890199
0.757 	19.644335
0.758 	20.537802
0.759 	22.462942
0.760 	22.327496
0.761 	22.264282
0.762 	22.434014
0.763 	21.579530
0.764 	19.974376
0.765 	19.153364
0.766 	19.790235
0.767 	21.865679
0.768 	22.155659
0.769 	22.542388
0.770 	22.639668
0.771 	22.011186
0.772 	22.061352
0.773 	22.832462
0.774 	23.073538
0.775 	21.848283
0.776 	22.337709
0.777 	22.594475
0.778 	21.516731
0.779 	22.207272
0.780 	22.479022
0.781 	21.740151
0.782 	21.042004
0.783 	20.688297
0.784 	21.067180
0.785 	22.747350
0.786 	23.837156
0.787 	23.760518
0.788 	23.579594
0.789 	23.097417
0.790 	23.024334
0.791 	22.560153
0.792 	23.310983
0.793 	25.129505
0.794 	23.909805
0.795 	22.339550
0.796 	22.714369
0.797 	23.191423
0.798 	22.306806
0.799 	22.837719
0.800 	23.224456
0.801 	22.283699
0.802 	22.311281
0.803 	22.773524
0.804 	23.255805
0.805 	24.428137
0.806 	24.367603
0.807 	24.154725
0.808 	24.714293
0.809 	24.343730
0.810 	22.966795
0.811 	23.167367
0.812 	24.602691
0.813 	23.945297
0.814 	22.481850
0.815 	21.471904
0.816 	22.392602
0.817 	23.867803
0.818 	23.984757
0.819 	23.547041
0.820 	23.192387
0.821 	23.027463
0.822 	23.673755
0.823 	23.224743
0.824 	23.134989
0.825 	24.716377
0.826 	25.004268
0.827 	24.270551
0.828 	23.760963
0.829 	23.949525
0.830 	24.888075
0.831 	24.815832
0.832 	24.167742
0.833 	24.029982
0.834 	23.539700
0.835 	23.437154
0.836 	24.603091
0.837 	25.299595
0.838 	23.997484
0.839 	22.939984
0.840 	23.166227
0.841 	23.286528
0.842 	23.874196
0.843 	24.698913
0.844 	25.246928
0.845 	25.245715
0.846 	24.115699
0.847 	23.984424
0.848 	24.450993
0.849 	24.276359
0.850 	24.398446
0.851 	24.661910
0.852 	24.325893
0.853 	23.822139
0.854 	24.528154
0.855 	25.314088
0.856 	24.583530
0.857 	24.037120
0.858 	24.586338
0.859 	24.618190
0.860 	23.941632
0.861 	24.190593
0.862 	24.312018
0.863 	23.731881
0.864 	24.037145
0.865 	25.279158
0.866 	25.624351
0.867 	25.335023
0.868 	25.130032
0.869 	25.392612
0.870 	26.636384
0.871 	27.191313
0.872 	25.854630
0.873 	24.130918
0.874 	23.672889
0.875 	24.041234
0.876 	24.493124
0.877 	24.511144
0.878 	24.364610
0.879 	24.220829
0.880 	24.293543
0.881 	24.613126
0.882 	24.986316
0.883 	25.103825
0.884 	25.008527
0.885 	24.951555
0.886 	24.800436
0.887 	24.439899
0.888 	23.943430
0.889 	24.168188
0.890 	25.072299
0.891 	25.540347
0.892 	25.261300
0.893 	24.946930
0.894 	25.008328
0.895 	25.490247
0.896 	26.161265
0.897 	26.103046
0.898 	25.794481
0.899 	25.543524
0.900 	25.108347
0.901 	24.883736
0.902 	25.328608
0.903 	25.644715
0.904 	24.612921
0.905 	23.387525
0.906 	23.631944
0.907 	24.288124
0.908 	24.410191
0.909 	24.721223
0.910 	25.810632
0.911 	26.469979
0.912 	25.588422
0.913 	24.638382
0.914 	24.758247
0.915 	24.968117
0.916 	24.525207
0.917 	24.198827
0.918 	24.448628
0.919 	24.860484
0.920 	24.842035
0.921 	24.666828
0.922 	24.945828
0.923 	25.543679
0.924 	25.811047
0.925 	25.506648
0.926 	25.423744
0.927 	25.374535
0.928 	25.063983
0.929 	24.460257
0.930 	23.817603
0.931 	23.510645
0.932 	23.885798
0.933 	24.201475
0.934 	24.407671
0.935 	24.711921
0.936 	24.948445
0.937 	25.037899
0.938 	24.437478
0.939 	24.396216
0.940 	24.565099
0.941 	24.288068
0.942 	24.935854
0.943 	26.233691
0.944 	25.990329
0.945 	25.469064
0.946 	25.167673
0.947 	24.857977
0.948 	23.691009
0.949 	23.191987
0.950 	23.748003
0.951 	24.336996
0.952 	23.938117
0.953 	23.518749
0.954 	24.655416
0.955 	24.603797
0.956 	23.226767
0.957 	22.486041
0.958 	22.662225
0.959 	23.417017
0.960 	23.916552
0.961 	24.173796
0.962 	24.017707
0.963 	23.567522
0.964 	23.194658
0.965 	22.898393
0.966 	24.022704
0.967 	24.180496
0.968 	23.797517
0.969 	23.663916
0.970 	23.182518
0.971 	22.437635
0.972 	21.635606
0.973 	22.912429
0.974 	23.434573
0.975 	23.141165
0.976 	22.933766
0.977 	23.230386
0.978 	22.423829
0.979 	22.914422
0.980 	23.033368
0.981 	22.801483
0.982 	22.370152
0.983 	21.954629
0.984 	22.732979
0.985 	23.169876
0.986 	22.652773
0.987 	21.738718
0.988 	21.890732
0.989 	21.622422
0.990 	21.280827
0.991 	21.694273
0.992 	22.140630
0.993 	22.018116
0.994 	22.317542
0.995 	22.595391
0.996 	22.503989
0.997 	22.523734
0.998 	22.593240
0.999 	22.621348
1.000 	21.304939
1.001 	21.241823
1.002 	22.207272
1.003 	21.990412
1.004 	21.024072
1.005 	21.836934
1.006 	22.842639
1.007 	22.399951
1.008 	22.517175
1.009 	23.022967
1.010 	23.070311
1.011 	21.929312
1.012 	21.024271
1.013 	21.790483
1.014 	23.135244
1.015 	22.682977
1.016 	21.666800
1.017 	22.024989
1.018 	22.931469
1.019 	23.480268
1.020 	23.499094
1.021 	22.791243
1.022 	22.485724
1.023 	22.315755
1.024 	22.175177
1.025 	21.967423
1.026 	22.267473
1.027 	22.794183
1.028 	22.661951
1.029 	22.806529
1.030 	22.704743
1.031 	22.095769
1.032 	22.570601
1.033 	23.980499
1.034 	23.674759
1.035 	21.807010
1.036 	21.762645
1.037 	23.401931
1.038 	23.672123
1.039 	23.617229
1.040 	23.403935
1.041 	22.755938
1.042 	22.263213
1.043 	22.038980
1.044 	22.351894
1.045 	23.181204
1.046 	24.561505
1.047 	25.128088
1.048 	24.128944
1.049 	23.129103
1.050 	22.635474
1.051 	23.094176
1.052 	24.155284
1.053 	24.142175
1.054 	23.279572
1.055 	22.864427
1.056 	23.465219
1.057 	23.925607
1.058 	23.309801
1.059 	22.840654
1.060 	24.071233
1.061 	24.192316
1.062 	22.691647
1.063 	22.218001
1.064 	23.276881
1.065 	24.372880
1.066 	24.658162
1.067 	24.110183
1.068 	22.922999
1.069 	22.477300
1.070 	23.182745
1.071 	23.919287
1.072 	24.109234
1.073 	24.043341
1.074 	24.083950
1.075 	23.740398
1.076 	23.598674
1.077 	24.072983
1.078 	24.814335
1.079 	24.877607
1.080 	23.844130
1.081 	23.033905
1.082 	23.333469
1.083 	23.881964
1.084 	23.866541
1.085 	23.668312
1.086 	23.832132
1.087 	23.968481
1.088 	23.951842
1.089 	23.699499
1.090 	23.732145
1.091 	24.521722
1.092 	24.935111
1.093 	24.644118
1.094 	24.202478
1.095 	23.857874
1.096 	23.517123
1.097 	23.149520
1.098 	23.086647
1.099 	23.446334
1.100 	24.288609
1.101 	24.641855
1.102 	23.392092
1.103 	22.091115
1.104 	22.764868
1.105 	24.224203
1.106 	24.528617
1.107 	23.282594
1.108 	22.680853
1.109 	23.490985
1.110 	23.930587
1.111 	23.431986
1.112 	23.425415
1.113 	23.883035
1.114 	23.900972
1.115 	23.772915
1.116 	23.805470
1.117 	23.842304
1.118 	23.777914
1.119 	24.110240
1.120 	24.254543
1.121 	23.886375
1.122 	23.778206
1.123 	23.614153
1.124 	23.056917
1.125 	22.859154
1.126 	23.591082
1.127 	24.532872
1.128 	24.367879
1.129 	23.468378
1.130 	22.565485
1.131 	22.372147
1.132 	22.628605
1.133 	22.714409
1.134 	22.950210
1.135 	23.225310
1.136 	23.290004
1.137 	23.011037
1.138 	22.442205
1.139 	22.094280
1.140 	21.868676
1.141 	21.735431
1.142 	21.704802
1.143 	21.783077
1.144 	21.849524
1.145 	21.576981
1.146 	21.429367
1.147 	21.727008
1.148 	22.267777
1.149 	22.397923
1.150 	21.539156
1.151 	20.662896
1.152 	20.311208
1.153 	20.045774
1.154 	19.824121
1.155 	19.561294
1.156 	19.218026
1.157 	19.028561
1.158 	18.746053
1.159 	18.291564
1.160 	18.433456
1.161 	19.431895
1.162 	19.833775
1.163 	19.524899
1.164 	19.219133
1.165 	18.801281
1.166 	18.365930
1.167 	18.241527
1.168 	18.179116
1.169 	18.240876
1.170 	18.209662
1.171 	17.769098
1.172 	17.826487
1.173 	18.518270
1.174 	18.895755
1.175 	18.789656
1.176 	18.766316
1.177 	18.809465
1.178 	18.715277
1.179 	18.841381
1.180 	18.898274
1.181 	18.723330
1.182 	18.354569
1.183 	17.791249
1.184 	17.586516
1.185 	17.968963
1.186 	18.520608
1.187 	18.271132
1.188 	17.457669
1.189 	17.401599
1.190 	17.891547
1.191 	17.841258
1.192 	17.453197
1.193 	17.845564
1.194 	18.716053
1.195 	18.854329
1.196 	18.916026
1.197 	19.615185
1.198 	19.916183
1.199 	18.831661
1.200 	17.265581
1.201 	16.482662
1.202 	16.907535
1.203 	17.674446
1.204 	18.155916
1.205 	18.487556
1.206 	18.181789
1.207 	17.337888
1.208 	17.154774
1.209 	17.582636
1.210 	17.581354
1.211 	17.435010
1.212 	17.634716
1.213 	17.973506
1.214 	18.027843
1.215 	18.020071
1.216 	18.186945
1.217 	18.164317
1.218 	17.900527
1.219 	17.570731
1.220 	17.740480
1.221 	18.603474
1.222 	19.222869
1.223 	19.022838
1.224 	18.477517
1.225 	18.605820
1.226 	19.129958
1.227 	19.153163
1.228 	18.601040
1.229 	17.929048
1.230 	17.342494
1.231 	16.994400
1.232 	17.345818
1.233 	18.272228
1.234 	18.935166
1.235 	18.838802
1.236 	18.647294
1.237 	19.048420
1.238 	19.764156
1.239 	19.771983
1.240 	18.826434
1.241 	18.191859
1.242 	18.514486
1.243 	18.876922
1.244 	18.628117
1.245 	18.589776
1.246 	19.123581
1.247 	19.302926
1.248 	19.035507
1.249 	18.380869
1.250 	17.592243
1.251 	17.713914
1.252 	18.682097
1.253 	19.042681
1.254 	18.630372
1.255 	18.326074
1.256 	18.425702
1.257 	18.770021
1.258 	18.947632
1.259 	18.850519
1.260 	19.140872
1.261 	19.806802
1.262 	19.820063
1.263 	19.122034
1.264 	18.169402
1.265 	17.542505
1.266 	17.748402
1.267 	18.220710
1.268 	18.766755
1.269 	19.242096
1.270 	19.309937
1.271 	19.495731
1.272 	19.821580
1.273 	19.593861
1.274 	19.245339
1.275 	19.369920
1.276 	19.439776
1.277 	19.511140
1.278 	19.556730
1.279 	18.836603
1.280 	17.949079
1.281 	17.884396
1.282 	18.154326
1.283 	18.647565
1.284 	19.494470
1.285 	19.536787
1.286 	18.479599
1.287 	17.889169
1.288 	18.124039
1.289 	17.995032
1.290 	17.852404
1.291 	18.137415
1.292 	18.067204
1.293 	17.781780
1.294 	18.149626
1.295 	18.844363
1.296 	19.037158
1.297 	18.464224
1.298 	17.236622
1.299 	16.126457
1.300 	15.946440
1.301 	16.891357
1.302 	18.475329
1.303 	19.155782
1.304 	18.856451
1.305 	18.477755
1.306 	17.992865
1.307 	17.857997
1.308 	18.074288
1.309 	18.481349
1.310 	18.586240
1.311 	17.839249
1.312 	16.583914
1.313 	15.165510
1.314 	13.938308
1.315 	13.958736
1.316 	15.440117
1.317 	16.760154
1.318 	16.689169
1.319 	16.657186
1.320 	17.337019
1.321 	16.706048
1.322 	14.821758
1.323 	14.026310
1.324 	14.730597
1.325 	15.408379
1.326 	15.415528
1.327 	14.971448
1.328 	14.805919
1.329 	14.996643
1.330 	14.475385
1.331 	13.522757
1.332 	13.691669
1.333 	14.888632
1.334 	15.409687
1.335 	15.154649
1.336 	15.088195
1.337 	15.070634
1.338 	14.901298
1.339 	15.203836
1.340 	15.756147
1.341 	15.405895
1.342 	13.761155
1.343 	12.738383
1.344 	13.317771
1.345 	13.920372
1.346 	13.956566
1.347 	13.389320
1.348 	12.491839
1.349 	12.371155
1.350 	12.925588
1.351 	13.088605
1.352 	12.637492
1.353 	12.350107
1.354 	12.166992
1.355 	11.913869
1.356 	11.804065
1.357 	12.153722
1.358 	12.664609
1.359 	11.983042
1.360 	10.602010
1.361 	9.983247
1.362 	10.563448
1.363 	11.473264
1.364 	11.826218
1.365 	12.142172
1.366 	12.045874
1.367 	11.062722
1.368 	10.475437
1.369 	11.059998
1.370 	11.725788
1.371 	11.437071
1.372 	9.974738
1.373 	8.118262
1.374 	7.680969
1.375 	8.749881
1.376 	9.988767
1.377 	10.368084
1.378 	9.427438
1.379 	7.845610
1.380 	6.925560
1.381 	6.826540
1.382 	7.156749
1.383 	7.916882
1.384 	8.226336
1.385 	7.096108
1.386 	5.476972
1.387 	5.127422
1.388 	6.461784
1.389 	7.703070
1.390 	7.219529
1.391 	6.409800
1.392 	7.033679
1.393 	7.925761
1.394 	7.441929
1.395 	6.746288
1.396 	7.122789
1.397 	7.525074
1.398 	6.632323
1.399 	5.247843
1.400 	5.066772
1.401 	5.217303
1.402 	4.372567
1.403 	4.502159
1.404 	5.719760
1.405 	5.788318
1.406 	5.202171
1.407 	5.358361
1.408 	5.433953
1.409 	4.452177
1.410 	3.478169
1.411 	4.224604
1.412 	5.599240
1.413 	6.160030
1.414 	6.239474
1.415 	6.117923
1.416 	6.091987
1.417 	5.779231
1.418 	5.169525
1.419 	5.069340
1.420 	5.609241
1.421 	5.521876
1.422 	4.179062
1.423 	3.583968
1.424 	4.444751
1.425 	6.028616
1.426 	7.051537
1.427 	6.446812
1.428 	5.620893
1.429 	6.270451
1.430 	7.050510
1.431 	5.891168
1.432 	4.529319
1.433 	4.501472
1.434 	4.265056
1.435 	4.799048
1.436 	5.810078
1.437 	5.576515
1.438 	5.779781
1.439 	6.219689
1.440 	5.876604
1.441 	4.948274
1.442 	4.003229
1.443 	4.186843
1.444 	5.044557
1.445 	5.907983
1.446 	5.782028
1.447 	4.264429
1.448 	3.499172
1.449 	4.913041
1.450 	7.287835
1.451 	7.382534
1.452 	5.394617
1.453 	3.991916
1.454 	3.461216
1.455 	3.524669
1.456 	4.484397
1.457 	5.762514
1.458 	5.859027
1.459 	5.700554
1.460 	5.821645
1.461 	5.568286
1.462 	5.750172
1.463 	5.758642
1.464 	5.119012
1.465 	4.688876
1.466 	4.282579
1.467 	4.716300
1.468 	6.140196
1.469 	6.706148
1.470 	6.920180
1.471 	7.143610
1.472 	5.918406
1.473 	5.267419
1.474 	5.151650
1.475 	4.402022
1.476 	3.761586
1.477 	3.899485
1.478 	4.243897
1.479 	4.833969
1.480 	6.139757
1.481 	7.643095
1.482 	7.946311
1.483 	6.719378
1.484 	5.525331
1.485 	4.833429
1.486 	4.864329
1.487 	6.145879
1.488 	7.542036
1.489 	6.890004
1.490 	4.611229
1.491 	3.630672
1.492 	5.542004
1.493 	7.462506
1.494 	7.394549
1.495 	6.596362
1.496 	5.956465
1.497 	5.961037
1.498 	5.421550
1.499 	5.089341
1.500 	5.794619
1.501 	6.712408
1.502 	7.665354
1.503 	8.550997
1.504 	8.485019
1.505 	6.932759
1.506 	6.049850
1.507 	6.314483
1.508 	6.066060
1.509 	5.654288
1.510 	5.904859
1.511 	6.685347
1.512 	7.236433
1.513 	6.900932
1.514 	6.382633
1.515 	6.273939
1.516 	6.860093
1.517 	7.156750
1.518 	7.130955
1.519 	7.229658
1.520 	6.984035
1.521 	6.646415
1.522 	6.343464
1.523 	6.838491
1.524 	7.574657
1.525 	6.651473
1.526 	6.193239
1.527 	8.052465
1.528 	10.236857
1.529 	10.749257
1.530 	8.835562
1.531 	7.222917
1.532 	7.114672
1.533 	8.138966
1.534 	8.262533
1.535 	6.049723
1.536 	4.236331
1.537 	5.261706
1.538 	8.206798
1.539 	9.639574
1.540 	9.670654
1.541 	8.409336
1.542 	7.651734
1.543 	7.812473
1.544 	6.012394
1.545 	5.167946
1.546 	6.581526
1.547 	8.432487
1.548 	9.156391
1.549 	9.474599
1.550 	8.911033
1.551 	6.821342
1.552 	6.217474
1.553 	7.445123
1.554 	8.042115
1.555 	8.916852
1.556 	9.750557
1.557 	9.272135
1.558 	8.295753
1.559 	8.341320
1.560 	8.819879
1.561 	7.489258
1.562 	6.589572
1.563 	7.671495
1.564 	8.389765
1.565 	9.431552
1.566 	9.018435
1.567 	7.550070
1.568 	8.721001
1.569 	9.428431
1.570 	8.675145
1.571 	9.039986
1.572 	9.792098
1.573 	10.310014
1.574 	8.882761
1.575 	6.912666
1.576 	7.438411
1.577 	9.121283
1.578 	9.739414
1.579 	7.517874
1.580 	6.564923
1.581 	8.796533
1.582 	9.930583
1.583 	10.605230
1.584 	12.034151
1.585 	11.010153
1.586 	8.746518
1.587 	6.892447
1.588 	6.743782
1.589 	7.680219
1.590 	7.197539
1.591 	6.487031
1.592 	7.934998
1.593 	9.399009
1.594 	10.831733
1.595 	9.594552
1.596 	8.144191
1.597 	9.204945
1.598 	10.187243
1.599 	10.477443
1.600 	10.979526
1.601 	11.494820
1.602 	9.642440
1.603 	7.635608
1.604 	7.477407
1.605 	9.982581
1.606 	12.905136
1.607 	12.202190
1.608 	10.097443
1.609 	7.946155
1.610 	8.158986
1.611 	9.813640
1.612 	12.484742
1.613 	9.239214
1.614 	7.368365
1.615 	8.964872
1.616 	9.304708
1.617 	11.937893
1.618 	12.324015
1.619 	7.996253
1.620 	8.312887
1.621 	12.150050
1.622 	13.901543
1.623 	9.868163
1.624 	8.071739
1.625 	10.103754
1.626 	8.641454
1.627 	7.011708
1.628 	5.896764
1.629 	8.698709
1.630 	11.461830
1.631 	11.353751
1.632 	9.175460
1.633 	13.067017
1.634 	13.712916
1.635 	10.477825
1.636 	8.548761
1.637 	8.795481
1.638 	8.685691
1.639 	8.757499
1.640 	10.313352
1.641 	9.773572
1.642 	10.456577
1.643 	11.321195
1.644 	11.198066
1.645 	9.393961
1.646 	9.231398
1.647 	10.733966
1.648 	10.820145
1.649 	8.933171
1.650 	8.962042
1.651 	6.638695
1.652 	8.702985
1.653 	4.665761
1.654 	3.994487
1.655 	15.587558
1.656 	17.425633
1.657 	8.699737
1.658 	-2.100234
1.659 	4.859958
1.660 	7.856584
1.661 	12.256569
1.662 	14.087590
1.663 	10.055349
1.664 	14.376565
1.665 	12.503198
1.666 	9.357872
1.667 	11.818745
1.668 	5.351168
1.669 	15.508876
1.670 	10.416791
1.671 	13.663343
1.672 	29.656431
1.673 	18.439008
1.674 	-3.274746
1.675 	14.706685
1.676 	21.860924
1.677 	7.509287
1.678 	2.384630
1.679 	2.006446
1.680 	-5.448029
1.681 	-5.990392
1.682 	-0.422879
1.683 	5.198747
1.684 	25.091948
1.685 	23.016708
1.686 	19.541269
1.687 	21.685219
1.688 	9.745010
1.689 	2.112581
1.690 	8.467726
1.691 	20.413105
1.692 	13.039789
1.693 	7.544658
1.694 	12.665838
1.695 	-21.671546
1.696 	17.258407
1.697 	12.205774
1.698 	-10.089339
1.699 	-4.021643
1.700 	20.210583
