0.660 	30.159730
0.661 	31.119930
0.662 	32.651366
0.663 	32.813954
0.664 	32.347648
0.665 	32.279999
0.666 	32.188608
0.667 	32.364730
0.668 	33.389198
0.669 	33.916177
0.670 	32.962895
0.671 	31.539910
0.672 	30.925097
0.673 	30.972194
0.674 	31.405960
0.675 	31.757568
0.676 	31.574276
0.677 	31.220448
0.678 	31.604737
0.679 	32.762140
0.680 	33.657079
0.681 	33.148390
0.682 	31.954285
0.683 	30.975692
0.684 	30.445301
0.685 	30.279811
0.686 	30.728535
0.687 	31.599078
0.688 	32.294018
0.689 	32.396724
0.690 	31.611868
0.691 	30.231735
0.692 	29.593540
0.693 	30.219108
0.694 	31.344019
0.695 	31.987351
0.696 	31.962989
0.697 	31.361223
0.698 	30.574617
0.699 	30.214687
0.700 	30.505939
0.701 	31.182357
0.702 	31.645215
0.703 	31.422915
0.704 	30.578574
0.705 	29.946676
0.706 	30.153711
0.707 	30.418931
0.708 	30.189332
0.709 	30.108325
0.710 	30.598045
0.711 	30.954846
0.712 	31.073080
0.713 	31.234823
0.714 	31.157588
0.715 	30.981448
0.716 	31.072378
0.717 	31.132402
0.718 	31.090078
0.719 	31.165437
0.720 	30.930081
0.721 	30.120959
0.722 	29.484544
0.723 	29.554739
0.724 	29.897852
0.725 	30.020190
0.726 	30.021943
0.727 	30.216028
0.728 	30.459008
0.729 	30.400695
0.730 	30.003927
0.731 	29.803975
0.732 	30.234553
0.733 	30.994721
0.734 	31.168192
0.735 	30.408751
0.736 	29.885320
0.737 	30.301857
0.738 	31.147254
0.739 	31.692608
0.740 	31.756012
0.741 	31.452155
0.742 	30.873119
0.743 	30.276529
0.744 	29.729860
0.745 	29.329117
0.746 	29.500235
0.747 	30.282269
0.748 	31.046779
0.749 	31.233616
0.750 	31.047923
0.751 	30.796796
0.752 	30.529103
0.753 	30.542237
0.754 	30.778014
0.755 	30.536094
0.756 	29.956232
0.757 	29.580979
0.758 	29.393492
0.759 	29.241042
0.760 	29.354776
0.761 	29.709961
0.762 	30.045417
0.763 	30.574229
0.764 	31.329106
0.765 	31.603473
0.766 	31.205105
0.767 	30.712609
0.768 	30.153418
0.769 	29.498261
0.770 	29.130694
0.771 	29.472652
0.772 	30.020027
0.773 	30.058869
0.774 	29.591157
0.775 	29.124487
0.776 	29.085129
0.777 	29.488908
0.778 	29.919450
0.779 	30.011586
0.780 	29.816351
0.781 	29.619962
0.782 	29.464496
0.783 	29.311066
0.784 	29.275398
0.785 	29.237202
0.786 	28.997513
0.787 	28.661881
0.788 	28.623441
0.789 	29.114435
0.790 	29.590344
0.791 	29.493765
0.792 	29.078018
0.793 	28.725944
0.794 	28.458211
0.795 	28.285414
0.796 	28.384110
0.797 	28.867057
0.798 	29.544961
0.799 	29.968492
0.800 	29.734599
0.801 	28.874018
0.802 	28.117788
0.803 	28.330176
0.804 	29.078259
0.805 	29.675982
0.806 	29.951843
0.807 	30.038505
0.808 	29.953078
0.809 	29.663169
0.810 	29.228612
0.811 	28.677280
0.812 	28.249401
0.813 	28.305417
0.814 	28.690350
0.815 	28.927814
0.816 	28.844065
0.817 	28.712253
0.818 	28.738285
0.819 	28.657764
0.820 	28.378470
0.821 	28.199628
0.822 	28.318731
0.823 	28.541496
0.824 	28.519842
0.825 	28.336682
0.826 	28.448751
0.827 	28.827831
0.828 	29.039734
0.829 	28.771736
0.830 	28.079847
0.831 	27.429527
0.832 	27.365909
0.833 	27.833578
0.834 	28.381150
0.835 	28.823821
0.836 	28.842652
0.837 	28.277823
0.838 	27.742917
0.839 	27.993559
0.840 	28.740310
0.841 	28.768972
0.842 	27.527073
0.843 	25.812157
0.844 	24.813131
0.845 	25.145765
0.846 	26.494356
0.847 	27.959575
0.848 	28.603778
0.849 	28.231554
0.850 	27.642527
0.851 	27.536241
0.852 	27.802135
0.853 	28.119839
0.854 	28.352632
0.855 	28.487880
0.856 	28.532708
0.857 	28.437966
0.858 	28.140003
0.859 	27.460989
0.860 	26.402556
0.861 	25.645857
0.862 	25.881010
0.863 	26.853341
0.864 	27.809823
0.865 	28.175150
0.866 	27.844790
0.867 	27.285316
0.868 	27.011778
0.869 	27.253227
0.870 	27.881755
0.871 	28.347055
0.872 	28.137985
0.873 	27.492174
0.874 	27.102634
0.875 	27.003660
0.876 	26.423835
0.877 	24.975768
0.878 	23.412930
0.879 	22.960821
0.880 	23.780209
0.881 	25.012149
0.882 	26.028843
0.883 	26.928113
0.884 	27.545949
0.885 	27.315009
0.886 	26.335666
0.887 	25.692715
0.888 	26.285937
0.889 	27.444732
0.890 	27.669952
0.891 	26.613102
0.892 	25.102614
0.893 	24.116391
0.894 	24.223111
0.895 	25.187731
0.896 	26.147478
0.897 	26.584699
0.898 	26.703612
0.899 	27.062735
0.900 	28.116939
0.901 	29.489127
0.902 	30.050456
0.903 	29.393347
0.904 	28.446497
0.905 	27.742383
0.906 	26.895184
0.907 	25.907349
0.908 	25.496804
0.909 	26.179173
0.910 	27.411750
0.911 	27.985293
0.912 	27.648814
0.913 	26.922081
0.914 	26.257257
0.915 	25.808901
0.916 	25.610450
0.917 	26.119597
0.918 	27.756658
0.919 	29.895476
0.920 	31.131237
0.921 	30.530970
0.922 	28.769486
0.923 	27.541021
0.924 	27.051753
0.925 	26.588656
0.926 	26.050818
0.927 	25.648518
0.928 	25.251470
0.929 	24.552434
0.930 	23.679903
0.931 	23.724166
0.932 	25.481888
0.933 	27.734185
0.934 	28.609829
0.935 	28.411718
0.936 	28.529588
0.937 	28.709119
0.938 	28.197596
0.939 	27.575114
0.940 	27.600188
0.941 	27.965845
0.942 	28.205236
0.943 	28.119448
0.944 	27.686429
0.945 	27.286767
0.946 	27.391424
0.947 	28.008479
0.948 	28.572997
0.949 	28.658357
0.950 	28.142875
0.951 	27.339314
0.952 	26.751587
0.953 	27.100139
0.954 	28.367290
0.955 	29.574310
0.956 	30.170289
0.957 	30.250891
0.958 	29.749117
0.959 	28.781614
0.960 	27.997344
0.961 	27.623490
0.962 	27.530652
0.963 	27.546207
0.964 	27.548374
0.965 	27.649989
0.966 	27.946564
0.967 	28.376670
0.968 	28.906103
0.969 	29.320499
0.970 	29.252028
0.971 	28.487936
0.972 	27.737237
0.973 	27.673589
0.974 	27.860948
0.975 	27.373131
0.976 	26.759746
0.977 	27.061804
0.978 	27.922439
0.979 	28.148230
0.980 	27.610789
0.981 	26.964766
0.982 	26.604896
0.983 	26.583244
0.984 	26.816197
0.985 	27.218108
0.986 	27.804685
0.987 	28.489387
0.988 	28.923352
0.989 	28.988592
0.990 	28.719330
0.991 	28.238034
0.992 	27.758794
0.993 	27.217788
0.994 	26.563665
0.995 	26.288603
0.996 	26.831958
0.997 	27.500482
0.998 	27.637390
0.999 	27.351240
1.000 	27.149283
1.001 	27.083245
1.002 	26.965148
1.003 	26.728510
1.004 	26.448412
1.005 	26.398150
1.006 	26.738598
1.007 	27.252676
1.008 	27.658285
1.009 	28.018387
1.010 	28.307413
1.011 	28.338453
1.012 	28.219655
1.013 	28.196814
1.014 	27.960615
1.015 	26.988277
1.016 	25.549663
1.017 	24.594065
1.018 	24.756409
1.019 	25.666155
1.020 	26.852012
1.021 	27.801831
1.022 	28.015920
1.023 	27.331494
1.024 	26.416804
1.025 	25.693453
1.026 	25.095252
1.027 	24.606401
1.028 	24.777787
1.029 	25.365876
1.030 	25.548709
1.031 	25.147099
1.032 	24.680913
1.033 	24.469600
1.034 	24.390590
1.035 	24.427667
1.036 	24.550694
1.037 	24.599655
1.038 	24.369819
1.039 	24.005836
1.040 	23.895275
1.041 	24.183302
1.042 	24.638568
1.043 	24.953814
1.044 	24.903257
1.045 	24.422233
1.046 	23.729976
1.047 	23.184336
1.048 	23.015058
1.049 	23.072353
1.050 	23.002974
1.051 	22.935447
1.052 	23.145929
1.053 	23.427797
1.054 	23.531578
1.055 	23.673149
1.056 	23.911804
1.057 	24.122644
1.058 	24.259923
1.059 	24.217612
1.060 	23.921252
1.061 	23.642906
1.062 	23.555804
1.063 	23.523588
1.064 	23.358840
1.065 	23.112199
1.066 	22.983186
1.067 	22.990379
1.068 	23.081123
1.069 	23.366403
1.070 	23.870429
1.071 	24.140020
1.072 	23.737535
1.073 	22.944415
1.074 	22.353543
1.075 	22.327265
1.076 	22.660637
1.077 	22.834655
1.078 	22.625161
1.079 	22.192086
1.080 	21.834868
1.081 	21.910819
1.082 	22.455605
1.083 	23.005522
1.084 	23.160948
1.085 	23.159883
1.086 	23.391066
1.087 	23.835914
1.088 	24.125635
1.089 	23.955135
1.090 	23.272054
1.091 	22.442520
1.092 	22.032280
1.093 	22.261750
1.094 	22.709915
1.095 	22.817448
1.096 	22.543741
1.097 	22.340275
1.098 	22.300195
1.099 	22.335822
1.100 	22.559988
1.101 	23.059817
1.102 	23.573630
1.103 	23.709075
1.104 	23.408755
1.105 	22.994543
1.106 	22.951068
1.107 	23.298714
1.108 	23.541385
1.109 	23.386147
1.110 	23.039861
1.111 	22.640459
1.112 	22.174569
1.113 	21.755367
1.114 	21.629246
1.115 	21.852257
1.116 	22.086492
1.117 	22.103529
1.118 	22.176745
1.119 	22.495826
1.120 	22.826781
1.121 	22.936883
1.122 	22.799224
1.123 	22.661807
1.124 	22.918606
1.125 	23.576775
1.126 	24.281919
1.127 	24.606118
1.128 	24.328577
1.129 	23.711597
1.130 	23.350259
1.131 	23.359987
1.132 	23.444169
1.133 	23.327031
1.134 	22.891371
1.135 	22.196691
1.136 	21.540070
1.137 	21.402380
1.138 	21.876172
1.139 	22.670663
1.140 	23.402896
1.141 	23.927288
1.142 	24.210319
1.143 	24.213205
1.144 	24.014874
1.145 	23.688169
1.146 	23.323979
1.147 	23.263276
1.148 	23.657012
1.149 	24.095039
1.150 	24.127641
1.151 	23.802123
1.152 	23.577566
1.153 	23.746544
1.154 	24.186740
1.155 	24.578432
1.156 	24.858558
1.157 	25.263525
1.158 	25.796912
1.159 	25.839746
1.160 	25.040192
1.161 	23.868341
1.162 	23.146005
1.163 	23.169073
1.164 	23.551336
1.165 	23.722389
1.166 	23.435666
1.167 	23.128788
1.168 	23.244558
1.169 	23.709878
1.170 	24.163791
1.171 	24.382622
1.172 	24.432655
1.173 	24.506855
1.174 	24.610271
1.175 	24.544382
1.176 	24.296489
1.177 	24.069286
1.178 	24.098090
1.179 	24.502256
1.180 	24.973947
1.181 	24.847673
1.182 	23.991969
1.183 	23.176803
1.184 	22.938672
1.185 	23.137964
1.186 	23.337206
1.187 	23.463255
1.188 	23.734927
1.189 	24.038704
1.190 	23.967560
1.191 	23.534970
1.192 	23.252837
1.193 	23.605005
1.194 	24.369782
1.195 	24.782805
1.196 	24.479657
1.197 	23.970469
1.198 	23.892645
1.199 	24.197047
1.200 	24.376020
1.201 	24.138110
1.202 	23.781656
1.203 	23.728541
1.204 	23.914002
1.205 	23.894600
1.206 	23.519577
1.207 	23.047956
1.208 	22.817346
1.209 	22.897947
1.210 	23.133858
1.211 	23.309391
1.212 	23.237123
1.213 	23.015838
1.214 	22.894452
1.215 	22.917144
1.216 	22.975349
1.217 	23.082034
1.218 	23.307016
1.219 	23.447586
1.220 	23.299098
1.221 	23.388786
1.222 	23.987043
1.223 	24.318047
1.224 	23.862070
1.225 	23.135168
1.226 	22.675859
1.227 	22.425287
1.228 	22.136921
1.229 	21.894176
1.230 	22.033704
1.231 	22.542979
1.232 	22.990400
1.233 	23.227190
1.234 	23.317648
1.235 	22.893021
1.236 	21.821337
1.237 	20.841530
1.238 	20.632098
1.239 	21.038532
1.240 	21.600980
1.241 	22.058446
1.242 	22.161103
1.243 	21.755235
1.244 	21.379159
1.245 	21.576563
1.246 	22.282784
1.247 	23.090035
1.248 	23.536258
1.249 	23.346427
1.250 	22.923168
1.251 	22.782499
1.252 	22.526646
1.253 	21.771421
1.254 	20.872979
1.255 	20.464050
1.256 	20.804540
1.257 	21.616057
1.258 	22.153188
1.259 	21.940482
1.260 	21.303486
1.261 	20.862862
1.262 	20.742600
1.263 	20.765453
1.264 	20.998338
1.265 	21.497232
1.266 	21.880352
1.267 	21.759804
1.268 	21.032742
1.269 	20.015054
1.270 	19.269189
1.271 	19.128677
1.272 	19.551568
1.273 	20.018081
1.274 	20.024937
1.275 	19.706882
1.276 	19.550120
1.277 	19.609354
1.278 	19.748112
1.279 	20.347691
1.280 	21.241355
1.281 	21.192799
1.282 	19.911571
1.283 	18.672035
1.284 	18.412023
1.285 	18.668404
1.286 	18.666322
1.287 	18.543356
1.288 	18.896165
1.289 	19.610934
1.290 	19.983064
1.291 	19.532072
1.292 	18.449856
1.293 	17.533213
1.294 	17.588600
1.295 	18.438806
1.296 	19.579455
1.297 	20.566354
1.298 	21.044854
1.299 	20.612243
1.300 	19.204502
1.301 	17.975478
1.302 	17.850998
1.303 	18.457284
1.304 	18.850617
1.305 	18.467513
1.306 	17.356651
1.307 	16.374913
1.308 	16.413445
1.309 	17.224282
1.310 	17.899653
1.311 	18.119323
1.312 	18.327467
1.313 	18.817224
1.314 	18.926703
1.315 	18.063364
1.316 	16.739265
1.317 	15.837819
1.318 	15.435006
1.319 	15.089048
1.320 	14.597995
1.321 	14.104928
1.322 	13.939562
1.323 	14.415254
1.324 	15.154678
1.325 	15.302842
1.326 	14.537336
1.327 	13.380629
1.328 	12.637925
1.329 	12.899261
1.330 	13.815583
1.331 	14.350523
1.332 	14.200158
1.333 	13.968275
1.334 	13.762226
1.335 	13.474478
1.336 	13.337469
1.337 	13.484439
1.338 	13.762373
1.339 	14.014032
1.340 	14.090146
1.341 	13.819371
1.342 	13.040184
1.343 	11.729251
1.344 	10.243128
1.345 	9.336273
1.346 	9.593234
1.347 	10.872478
1.348 	12.242970
1.349 	12.764369
1.350 	12.111018
1.351 	11.147669
1.352 	10.883591
1.353 	11.300033
1.354 	11.783227
1.355 	12.248671
1.356 	12.899322
1.357 	13.337822
1.358 	13.182084
1.359 	12.508156
1.360 	11.602410
1.361 	10.843299
1.362 	10.681010
1.363 	11.177440
1.364 	12.310624
1.365 	13.737907
1.366 	14.660104
1.367 	14.428160
1.368 	13.475924
1.369 	12.717446
1.370 	12.436698
1.371 	12.098672
1.372 	11.442840
1.373 	10.927124
1.374 	10.976767
1.375 	11.695458
1.376 	12.718510
1.377 	13.432021
1.378 	13.388573
1.379 	12.735105
1.380 	12.209415
1.381 	12.338761
1.382 	12.520007
1.383 	12.097977
1.384 	11.732375
1.385 	12.003454
1.386 	12.712436
1.387 	13.208619
1.388 	13.038367
1.389 	12.363886
1.390 	11.334745
1.391 	10.285704
1.392 	9.684473
1.393 	9.845605
1.394 	10.489191
1.395 	11.194746
1.396 	11.685814
1.397 	12.141997
1.398 	12.901234
1.399 	13.564498
1.400 	13.401291
1.401 	12.101480
1.402 	10.251683
1.403 	9.009852
1.404 	9.020825
1.405 	10.132392
1.406 	11.249961
1.407 	11.525690
1.408 	11.649048
1.409 	12.078443
1.410 	12.623896
1.411 	13.207067
1.412 	13.953503
1.413 	14.410497
1.414 	14.026361
1.415 	12.910420
1.416 	11.633732
1.417 	10.631776
1.418 	9.926524
1.419 	9.620126
1.420 	10.390566
1.421 	11.788778
1.422 	12.093870
1.423 	10.751684
1.424 	9.087012
1.425 	8.972201
1.426 	9.905829
1.427 	10.583717
1.428 	10.952781
1.429 	12.101169
1.430 	13.498294
1.431 	13.821918
1.432 	13.091521
1.433 	12.861480
1.434 	13.657756
1.435 	13.953167
1.436 	12.764122
1.437 	10.998318
1.438 	9.909427
1.439 	9.711085
1.440 	10.449800
1.441 	11.978724
1.442 	13.512027
1.443 	14.544082
1.444 	15.010672
1.445 	14.673775
1.446 	13.589964
1.447 	12.591858
1.448 	12.430399
1.449 	12.880880
1.450 	13.544764
1.451 	14.017587
1.452 	13.378496
1.453 	12.133732
1.454 	12.216667
1.455 	14.007790
1.456 	15.794110
1.457 	15.679704
1.458 	14.113845
1.459 	12.397087
1.460 	11.420904
1.461 	11.521558
1.462 	12.543008
1.463 	13.584657
1.464 	14.028881
1.465 	14.012727
1.466 	13.500225
1.467 	12.647584
1.468 	12.189802
1.469 	12.779972
1.470 	14.285404
1.471 	15.235189
1.472 	14.508801
1.473 	12.491097
1.474 	11.403745
1.475 	12.435158
1.476 	14.306037
1.477 	14.745017
1.478 	14.044543
1.479 	13.996016
1.480 	14.610582
1.481 	14.533462
1.482 	13.682561
1.483 	12.988470
1.484 	13.280249
1.485 	14.072652
1.486 	14.444131
1.487 	13.526160
1.488 	12.338710
1.489 	11.910930
1.490 	12.619582
1.491 	13.888300
1.492 	14.609880
1.493 	14.331244
1.494 	13.771551
1.495 	13.631384
1.496 	14.214471
1.497 	14.618055
1.498 	14.277931
1.499 	13.374688
1.500 	12.619152
1.501 	12.967505
1.502 	14.641971
1.503 	16.485847
1.504 	17.377689
1.505 	16.843101
1.506 	15.512198
1.507 	14.747236
1.508 	15.862018
1.509 	16.553684
1.510 	15.033900
1.511 	13.255407
1.512 	12.955052
1.513 	12.899987
1.514 	12.085166
1.515 	11.692171
1.516 	13.545937
1.517 	16.639203
1.518 	18.456325
1.519 	17.892139
1.520 	16.545223
1.521 	15.837132
1.522 	15.712168
1.523 	15.390308
1.524 	14.817050
1.525 	14.418175
1.526 	14.192211
1.527 	14.388608
1.528 	15.202824
1.529 	16.196980
1.530 	16.893977
1.531 	17.346565
1.532 	17.652029
1.533 	17.302264
1.534 	16.130608
1.535 	15.043431
1.536 	14.223794
1.537 	13.291142
1.538 	12.886270
1.539 	14.066150
1.540 	16.451522
1.541 	17.866156
1.542 	17.021966
1.543 	15.405254
1.544 	13.285548
1.545 	11.971684
1.546 	13.775121
1.547 	16.080780
1.548 	16.015526
1.549 	15.290843
1.550 	16.015183
1.551 	16.344808
1.552 	15.419532
1.553 	15.624523
1.554 	17.480386
1.555 	18.239870
1.556 	16.699850
1.557 	15.518525
1.558 	16.668749
1.559 	18.632792
1.560 	18.224808
1.561 	15.808930
1.562 	15.062325
1.563 	16.188011
1.564 	17.986835
1.565 	19.122366
1.566 	17.693262
1.567 	14.847293
1.568 	13.287249
1.569 	13.812468
1.570 	16.316386
1.571 	19.111058
1.572 	18.949233
1.573 	16.766354
1.574 	16.529422
1.575 	17.739388
1.576 	16.628901
1.577 	13.865862
1.578 	13.038102
1.579 	14.822529
1.580 	16.759975
1.581 	17.580419
1.582 	17.854031
1.583 	17.669614
1.584 	16.402200
1.585 	15.305731
1.586 	15.603507
1.587 	15.968203
1.588 	15.865261
1.589 	16.754677
1.590 	16.598904
1.591 	15.299222
1.592 	16.423424
1.593 	17.735014
1.594 	17.114302
1.595 	17.825386
1.596 	19.627862
1.597 	18.982565
1.598 	16.163413
1.599 	14.331733
1.600 	14.071388
1.601 	16.016609
1.602 	18.203574
1.603 	18.647915
1.604 	18.764137
1.605 	19.310346
1.606 	18.989431
1.607 	17.208326
1.608 	16.567939
1.609 	17.119528
1.610 	15.878261
1.611 	15.008685
1.612 	14.580768
1.613 	14.737895
1.614 	17.939450
1.615 	19.871013
1.616 	17.969057
1.617 	16.730783
1.618 	18.053513
1.619 	18.968675
1.620 	19.009638
1.621 	16.805423
1.622 	14.078159
1.623 	15.544436
1.624 	18.199182
1.625 	19.242381
1.626 	19.091437
1.627 	16.902926
1.628 	16.497435
1.629 	18.031984
1.630 	17.996620
1.631 	19.586419
1.632 	20.839939
1.633 	17.861496
1.634 	15.084717
1.635 	15.016900
1.636 	15.082128
1.637 	16.362666
1.638 	18.539578
1.639 	17.749276
1.640 	17.524211
1.641 	19.833256
1.642 	22.749915
1.643 	21.898559
1.644 	15.520085
1.645 	15.006474
1.646 	17.796675
1.647 	16.686089
1.648 	17.141936
1.649 	19.225305
1.650 	21.045786
1.651 	22.619438
1.652 	22.452541
1.653 	20.321199
1.654 	16.958840
1.655 	14.996956
1.656 	18.899650
1.657 	21.184348
1.658 	18.218842
1.659 	18.780775
1.660 	16.997717
1.661 	16.295161
1.662 	19.150447
1.663 	16.263521
1.664 	11.939257
1.665 	15.509410
1.666 	23.899764
1.667 	21.146523
1.668 	14.234604
1.669 	9.002099
1.670 	9.457497
1.671 	23.082787
1.672 	33.179445
1.673 	24.144724
1.674 	19.488199
1.675 	22.033914
1.676 	23.766669
1.677 	14.431347
1.678 	14.885432
1.679 	15.853459
1.680 	12.047496
1.681 	13.411562
1.682 	18.890867
1.683 	21.086652
1.684 	22.209557
1.685 	27.786850
1.686 	32.562763
1.687 	33.148636
1.688 	21.765271
1.689 	17.846577
1.690 	19.362474
1.691 	16.538430
1.692 	18.668260
1.693 	26.302429
1.694 	24.512945
1.695 	18.569532
1.696 	10.477394
1.697 	11.960183
1.698 	20.555816
1.699 	21.893864
1.700 	17.488162
