0.660 	35.743915
0.661 	27.189892
0.662 	38.364626
0.663 	32.766119
0.664 	28.604418
0.665 	36.213553
0.666 	35.949393
0.667 	35.297650
0.668 	32.214200
0.669 	33.100323
0.670 	34.266463
0.671 	27.024935
0.672 	29.399009
0.673 	36.124002
0.674 	33.650076
0.675 	35.458404
0.676 	36.103792
0.677 	35.416107
0.678 	31.258034
0.679 	33.840398
0.680 	35.331607
0.681 	35.270149
0.682 	31.232115
0.683 	30.273500
0.684 	31.218788
0.685 	28.808532
0.686 	32.821702
0.687 	33.110712
0.688 	29.380447
0.689 	33.852795
0.690 	35.683002
0.691 	32.231096
0.692 	29.385325
0.693 	33.426474
0.694 	35.708022
0.695 	31.455419
0.696 	28.952916
0.697 	31.717468
0.698 	32.946599
0.699 	32.351557
0.700 	30.963652
0.701 	27.020148
0.702 	31.738510
0.703 	30.653379
0.704 	30.979176
0.705 	34.644014
0.706 	31.618698
0.707 	29.117248
0.708 	32.169809
0.709 	33.219701
0.710 	33.074855
0.711 	30.448186
0.712 	29.260137
0.713 	30.409101
0.714 	30.800550
0.715 	30.871418
0.716 	31.781734
0.717 	32.360099
0.718 	29.758895
0.719 	30.008667
0.720 	32.992555
0.721 	31.845768
0.722 	30.286586
0.723 	31.195959
0.724 	33.774978
0.725 	34.785875
0.726 	31.474850
0.727 	26.690660
0.728 	28.600122
0.729 	31.440164
0.730 	32.111668
0.731 	32.348161
0.732 	30.519352
0.733 	29.205809
0.734 	27.991463
0.735 	26.521479
0.736 	28.369082
0.737 	30.690887
0.738 	31.682592
0.739 	30.628188
0.740 	29.394805
0.741 	29.161536
0.742 	32.140597
0.743 	34.041931
0.744 	32.572946
0.745 	30.228542
0.746 	30.708633
0.747 	30.427732
0.748 	28.765028
0.749 	28.463847
0.750 	28.795310
0.751 	30.390932
0.752 	31.009638
0.753 	29.245901
0.754 	28.674941
0.755 	28.017651
0.756 	28.431902
0.757 	29.445439
0.758 	27.946437
0.759 	28.215556
0.760 	31.484465
0.761 	33.147103
0.762 	30.490409
0.763 	28.651209
0.764 	31.333435
0.765 	32.957115
0.766 	31.180346
0.767 	28.533255
0.768 	28.107778
0.769 	28.041977
0.770 	27.967997
0.771 	28.827439
0.772 	26.863730
0.773 	26.103147
0.774 	28.650282
0.775 	29.631565
0.776 	27.801226
0.777 	26.758175
0.778 	29.165604
0.779 	29.942403
0.780 	28.525888
0.781 	29.678261
0.782 	31.272990
0.783 	30.511411
0.784 	29.419270
0.785 	29.724675
0.786 	29.779504
0.787 	29.231570
0.788 	27.667034
0.789 	27.948199
0.790 	29.343767
0.791 	29.465583
0.792 	28.929767
0.793 	28.115457
0.794 	28.172717
0.795 	28.097351
0.796 	27.442651
0.797 	29.009568
0.798 	30.438202
0.799 	29.837157
0.800 	28.746725
0.801 	28.745515
0.802 	29.375521
0.803 	29.434323
0.804 	28.879258
0.805 	28.059272
0.806 	28.364936
0.807 	29.286959
0.808 	29.266922
0.809 	29.388767
0.810 	29.793568
0.811 	28.691468
0.812 	27.590878
0.813 	27.834170
0.814 	28.202298
0.815 	28.485252
0.816 	28.384924
0.817 	28.255999
0.818 	28.309619
0.819 	27.031321
0.820 	25.676501
0.821 	26.144389
0.822 	27.597891
0.823 	29.019642
0.824 	28.959714
0.825 	27.467251
0.826 	26.714737
0.827 	26.866597
0.828 	27.024826
0.829 	27.991977
0.830 	28.993180
0.831 	28.673759
0.832 	27.711427
0.833 	27.483591
0.834 	28.275590
0.835 	28.898819
0.836 	28.054151
0.837 	27.217865
0.838 	27.782406
0.839 	28.199297
0.840 	27.676317
0.841 	27.276964
0.842 	27.335152
0.843 	27.616011
0.844 	28.500693
0.845 	29.116602
0.846 	28.069788
0.847 	26.515797
0.848 	26.775849
0.849 	28.407421
0.850 	28.937083
0.851 	28.095418
0.852 	27.625465
0.853 	28.106140
0.854 	28.240679
0.855 	27.108182
0.856 	25.839864
0.857 	25.703224
0.858 	25.952041
0.859 	26.411772
0.860 	27.319378
0.861 	28.004416
0.862 	27.892315
0.863 	26.944309
0.864 	26.489599
0.865 	27.048319
0.866 	27.346393
0.867 	27.040707
0.868 	26.593331
0.869 	25.743056
0.870 	24.916087
0.871 	25.717583
0.872 	27.380978
0.873 	27.714360
0.874 	27.053523
0.875 	26.671562
0.876 	26.882709
0.877 	27.432351
0.878 	27.553908
0.879 	26.937186
0.880 	26.281314
0.881 	26.295023
0.882 	26.920834
0.883 	27.258955
0.884 	26.612407
0.885 	25.992184
0.886 	26.569935
0.887 	26.842048
0.888 	26.434921
0.889 	26.182678
0.890 	25.710231
0.891 	24.928741
0.892 	24.969679
0.893 	26.201461
0.894 	27.372381
0.895 	27.636623
0.896 	26.999828
0.897 	26.040970
0.898 	25.497458
0.899 	26.106041
0.900 	26.821901
0.901 	26.112457
0.902 	24.912781
0.903 	25.222192
0.904 	26.555632
0.905 	27.995364
0.906 	28.627905
0.907 	27.505230
0.908 	26.029532
0.909 	25.144139
0.910 	24.943215
0.911 	25.317083
0.912 	26.254261
0.913 	26.890419
0.914 	26.297988
0.915 	25.188607
0.916 	24.877267
0.917 	25.616431
0.918 	26.540818
0.919 	27.055103
0.920 	26.355575
0.921 	24.845956
0.922 	23.815132
0.923 	23.920707
0.924 	25.006609
0.925 	26.271385
0.926 	27.014359
0.927 	27.149399
0.928 	26.284190
0.929 	25.151570
0.930 	24.864428
0.931 	24.575695
0.932 	24.214162
0.933 	24.859097
0.934 	25.850355
0.935 	26.137670
0.936 	25.856257
0.937 	25.582625
0.938 	25.682387
0.939 	26.647808
0.940 	27.145982
0.941 	26.328673
0.942 	24.872365
0.943 	23.155786
0.944 	21.954920
0.945 	22.610616
0.946 	23.321004
0.947 	24.048995
0.948 	24.167600
0.949 	23.872396
0.950 	23.369329
0.951 	23.823163
0.952 	24.601252
0.953 	25.055840
0.954 	24.656732
0.955 	24.143413
0.956 	24.466757
0.957 	24.769097
0.958 	24.284233
0.959 	23.378603
0.960 	22.900430
0.961 	23.579234
0.962 	23.663262
0.963 	23.171428
0.964 	23.226695
0.965 	23.361565
0.966 	23.505386
0.967 	23.829420
0.968 	23.358003
0.969 	22.323913
0.970 	22.653010
0.971 	23.943087
0.972 	24.150094
0.973 	23.620721
0.974 	23.454568
0.975 	23.588999
0.976 	22.242149
0.977 	20.368203
0.978 	20.928152
0.979 	22.447747
0.980 	22.862421
0.981 	22.873870
0.982 	23.281913
0.983 	23.372618
0.984 	24.164304
0.985 	25.291782
0.986 	24.981198
0.987 	23.489852
0.988 	22.137132
0.989 	21.629270
0.990 	21.681014
0.991 	21.422298
0.992 	22.011725
0.993 	23.294130
0.994 	23.628488
0.995 	23.133148
0.996 	23.348174
0.997 	23.035953
0.998 	21.293032
0.999 	20.376881
1.000 	21.749124
1.001 	22.747325
1.002 	22.203319
1.003 	21.849222
1.004 	22.442896
1.005 	23.161740
1.006 	23.517580
1.007 	23.878455
1.008 	23.883148
1.009 	23.535777
1.010 	22.724035
1.011 	21.106717
1.012 	20.877510
1.013 	22.784085
1.014 	24.212396
1.015 	22.835225
1.016 	21.661898
1.017 	22.559309
1.018 	23.152547
1.019 	22.874636
1.020 	22.847556
1.021 	23.015690
1.022 	22.687223
1.023 	21.168357
1.024 	20.720016
1.025 	22.495849
1.026 	24.958728
1.027 	24.592056
1.028 	22.189022
1.029 	21.561645
1.030 	23.294608
1.031 	25.389073
1.032 	24.606764
1.033 	22.504241
1.034 	22.326026
1.035 	22.516861
1.036 	22.449278
1.037 	22.397852
1.038 	22.124217
1.039 	22.435732
1.040 	22.183817
1.041 	21.082487
1.042 	20.359076
1.043 	21.148363
1.044 	23.374826
1.045 	25.160051
1.046 	24.814458
1.047 	23.355501
1.048 	22.387016
1.049 	22.204391
1.050 	22.305889
1.051 	22.544043
1.052 	22.857288
1.053 	23.995924
1.054 	24.435633
1.055 	22.327275
1.056 	19.867502
1.057 	19.948184
1.058 	21.631562
1.059 	22.332000
1.060 	21.683574
1.061 	21.627104
1.062 	22.266266
1.063 	23.173365
1.064 	24.547981
1.065 	24.387087
1.066 	22.557753
1.067 	21.305600
1.068 	21.341497
1.069 	22.526063
1.070 	23.574757
1.071 	22.881841
1.072 	21.491125
1.073 	21.271436
1.074 	21.910270
1.075 	22.591350
1.076 	22.845862
1.077 	22.307940
1.078 	22.184020
1.079 	22.611009
1.080 	22.288030
1.081 	21.826321
1.082 	21.789156
1.083 	21.730250
1.084 	22.238280
1.085 	23.381872
1.086 	23.646279
1.087 	22.741776
1.088 	22.439288
1.089 	22.838719
1.090 	23.111663
1.091 	23.563636
1.092 	23.271523
1.093 	22.473397
1.094 	22.745372
1.095 	23.445300
1.096 	23.534481
1.097 	23.325143
1.098 	22.760876
1.099 	21.431560
1.100 	20.463076
1.101 	20.277928
1.102 	20.260536
1.103 	21.198056
1.104 	22.342098
1.105 	22.149236
1.106 	21.598499
1.107 	21.799618
1.108 	22.154514
1.109 	21.481666
1.110 	20.621463
1.111 	20.751447
1.112 	21.757549
1.113 	22.492601
1.114 	21.949017
1.115 	20.592614
1.116 	19.995985
1.117 	20.787513
1.118 	21.087762
1.119 	20.366146
1.120 	19.912424
1.121 	19.647820
1.122 	19.684864
1.123 	20.819715
1.124 	22.403470
1.125 	23.046309
1.126 	21.852384
1.127 	19.741119
1.128 	19.021124
1.129 	19.753639
1.130 	20.100407
1.131 	19.630681
1.132 	18.702124
1.133 	18.232006
1.134 	18.486321
1.135 	18.664614
1.136 	18.860855
1.137 	19.445699
1.138 	19.470860
1.139 	18.666366
1.140 	18.134617
1.141 	17.845377
1.142 	17.796184
1.143 	18.238530
1.144 	18.600684
1.145 	18.881082
1.146 	19.381845
1.147 	19.501626
1.148 	18.847691
1.149 	17.971195
1.150 	17.924452
1.151 	18.568625
1.152 	18.867788
1.153 	18.687698
1.154 	17.943822
1.155 	17.148452
1.156 	17.193436
1.157 	18.328220
1.158 	19.509438
1.159 	19.553727
1.160 	18.674319
1.161 	17.502388
1.162 	16.376675
1.163 	15.612076
1.164 	16.515206
1.165 	18.663146
1.166 	20.300851
1.167 	20.340426
1.168 	19.301578
1.169 	18.507283
1.170 	17.980264
1.171 	17.204959
1.172 	16.797609
1.173 	17.393843
1.174 	18.163092
1.175 	18.570695
1.176 	19.042517
1.177 	18.838946
1.178 	17.775221
1.179 	17.614395
1.180 	18.333078
1.181 	18.451557
1.182 	17.864678
1.183 	17.477428
1.184 	17.658957
1.185 	17.975318
1.186 	18.051296
1.187 	17.824861
1.188 	17.910132
1.189 	18.559418
1.190 	19.412525
1.191 	20.187055
1.192 	20.530362
1.193 	19.525343
1.194 	17.497257
1.195 	16.345634
1.196 	16.568260
1.197 	16.889544
1.198 	17.032731
1.199 	17.370840
1.200 	17.304840
1.201 	16.218115
1.202 	15.615179
1.203 	16.881647
1.204 	18.628990
1.205 	18.849835
1.206 	17.978545
1.207 	18.227215
1.208 	19.024571
1.209 	19.118729
1.210 	19.173514
1.211 	19.080593
1.212 	18.411149
1.213 	17.693631
1.214 	17.306900
1.215 	16.979880
1.216 	16.523877
1.217 	16.258473
1.218 	17.119517
1.219 	18.991627
1.220 	20.889878
1.221 	21.366799
1.222 	20.351980
1.223 	19.106731
1.224 	18.481129
1.225 	18.002534
1.226 	17.592290
1.227 	16.977016
1.228 	16.498669
1.229 	16.615605
1.230 	17.279263
1.231 	18.062678
1.232 	18.399169
1.233 	18.620972
1.234 	19.483487
1.235 	20.308109
1.236 	19.787218
1.237 	18.422245
1.238 	17.848154
1.239 	18.211411
1.240 	18.564569
1.241 	18.614070
1.242 	18.330151
1.243 	18.643560
1.244 	19.974595
1.245 	20.820469
1.246 	20.418302
1.247 	19.637991
1.248 	18.876860
1.249 	18.151373
1.250 	18.544796
1.251 	19.799971
1.252 	20.488614
1.253 	19.975151
1.254 	19.023678
1.255 	18.133430
1.256 	17.472635
1.257 	17.283320
1.258 	18.350320
1.259 	19.814028
1.260 	20.422589
1.261 	19.421424
1.262 	18.060490
1.263 	17.610554
1.264 	17.664953
1.265 	17.661991
1.266 	17.602315
1.267 	18.043300
1.268 	19.313047
1.269 	19.948513
1.270 	19.185537
1.271 	18.235249
1.272 	18.044899
1.273 	18.299878
1.274 	18.713684
1.275 	18.669693
1.276 	18.023624
1.277 	17.556201
1.278 	17.955999
1.279 	19.150161
1.280 	19.979519
1.281 	19.369396
1.282 	18.208403
1.283 	18.508770
1.284 	19.480012
1.285 	18.840729
1.286 	17.325636
1.287 	16.807810
1.288 	17.384100
1.289 	17.425366
1.290 	16.907105
1.291 	17.400742
1.292 	18.764016
1.293 	18.923852
1.294 	17.487765
1.295 	16.556344
1.296 	17.129140
1.297 	17.801769
1.298 	17.793259
1.299 	16.960878
1.300 	16.466118
1.301 	17.097120
1.302 	17.674717
1.303 	17.870415
1.304 	18.396177
1.305 	18.899497
1.306 	18.818140
1.307 	18.240046
1.308 	17.248415
1.309 	15.682508
1.310 	14.539152
1.311 	14.964390
1.312 	16.830094
1.313 	18.069155
1.314 	17.582858
1.315 	16.482457
1.316 	16.433527
1.317 	16.608503
1.318 	15.929443
1.319 	15.066410
1.320 	14.807813
1.321 	15.276071
1.322 	16.237910
1.323 	17.448388
1.324 	18.558839
1.325 	18.771137
1.326 	17.895116
1.327 	16.755606
1.328 	16.024933
1.329 	15.412147
1.330 	14.423600
1.331 	13.363638
1.332 	12.964601
1.333 	13.608004
1.334 	14.816860
1.335 	15.867387
1.336 	16.001496
1.337 	15.551710
1.338 	15.313230
1.339 	15.278870
1.340 	15.463532
1.341 	16.175231
1.342 	16.234221
1.343 	14.475614
1.344 	11.831855
1.345 	10.961245
1.346 	12.579879
1.347 	14.936152
1.348 	16.658996
1.349 	17.293140
1.350 	16.590979
1.351 	15.244912
1.352 	14.671998
1.353 	14.846129
1.354 	15.349758
1.355 	15.198833
1.356 	14.626160
1.357 	15.227854
1.358 	15.874921
1.359 	14.558387
1.360 	12.290659
1.361 	11.650551
1.362 	13.229162
1.363 	14.105668
1.364 	13.270564
1.365 	13.371786
1.366 	14.680258
1.367 	14.089702
1.368 	12.372044
1.369 	11.622846
1.370 	11.388256
1.371 	11.247599
1.372 	11.959326
1.373 	12.788518
1.374 	13.046492
1.375 	13.259758
1.376 	13.214331
1.377 	11.897927
1.378 	10.276361
1.379 	8.982942
1.380 	7.320905
1.381 	7.202886
1.382 	9.147754
1.383 	8.506045
1.384 	5.602855
1.385 	5.322831
1.386 	7.266368
1.387 	8.408578
1.388 	8.223114
1.389 	7.652616
1.390 	8.789188
1.391 	11.538546
1.392 	12.872776
1.393 	11.494469
1.394 	9.311172
1.395 	8.506639
1.396 	8.349676
1.397 	7.510887
1.398 	6.466579
1.399 	6.504274
1.400 	6.954548
1.401 	6.706254
1.402 	6.301890
1.403 	5.936478
1.404 	5.710520
1.405 	7.162318
1.406 	9.513926
1.407 	10.089343
1.408 	8.740853
1.409 	7.770744
1.410 	8.258836
1.411 	9.184347
1.412 	9.295332
1.413 	8.833587
1.414 	7.674880
1.415 	6.092650
1.416 	5.836284
1.417 	6.682035
1.418 	6.713744
1.419 	6.066193
1.420 	6.161253
1.421 	6.793937
1.422 	6.732410
1.423 	5.546545
1.424 	5.224723
1.425 	7.669904
1.426 	10.638552
1.427 	11.739590
1.428 	10.606414
1.429 	8.386213
1.430 	6.775146
1.431 	6.054568
1.432 	5.705512
1.433 	6.140063
1.434 	8.335315
1.435 	10.391863
1.436 	9.947415
1.437 	8.417122
1.438 	7.730503
1.439 	8.126402
1.440 	8.410983
1.441 	7.414535
1.442 	6.324363
1.443 	6.599923
1.444 	7.066378
1.445 	6.846782
1.446 	6.948992
1.447 	7.860021
1.448 	8.918645
1.449 	9.590903
1.450 	9.005785
1.451 	7.907544
1.452 	8.099850
1.453 	7.663984
1.454 	5.058412
1.455 	3.345553
1.456 	5.184099
1.457 	8.670929
1.458 	10.401589
1.459 	10.870262
1.460 	10.485374
1.461 	8.227552
1.462 	6.286357
1.463 	5.786862
1.464 	5.822560
1.465 	7.038435
1.466 	8.772438
1.467 	9.320076
1.468 	7.782023
1.469 	5.588246
1.470 	5.569490
1.471 	7.188823
1.472 	8.765382
1.473 	9.549445
1.474 	8.556201
1.475 	7.066362
1.476 	7.341107
1.477 	7.917340
1.478 	7.297169
1.479 	7.025087
1.480 	7.715885
1.481 	9.194504
1.482 	9.641769
1.483 	7.358590
1.484 	5.474875
1.485 	5.758585
1.486 	7.384798
1.487 	9.127999
1.488 	9.453574
1.489 	9.341580
1.490 	9.790521
1.491 	10.218632
1.492 	10.514022
1.493 	10.785887
1.494 	9.823996
1.495 	7.597760
1.496 	5.668803
1.497 	6.009232
1.498 	7.953139
1.499 	8.154818
1.500 	7.303168
1.501 	8.582140
1.502 	10.114065
1.503 	8.711823
1.504 	5.920992
1.505 	4.930208
1.506 	8.426134
1.507 	13.019647
1.508 	13.206636
1.509 	11.476353
1.510 	11.427798
1.511 	11.458871
1.512 	9.893091
1.513 	8.036958
1.514 	6.489619
1.515 	6.748591
1.516 	8.491997
1.517 	10.684965
1.518 	13.171698
1.519 	14.204303
1.520 	13.771747
1.521 	12.354642
1.522 	10.426032
1.523 	9.462635
1.524 	9.965162
1.525 	9.208651
1.526 	8.042626
1.527 	7.604843
1.528 	6.992740
1.529 	7.583724
1.530 	9.511897
1.531 	11.457925
1.532 	11.230857
1.533 	9.552958
1.534 	8.555652
1.535 	9.271793
1.536 	11.149046
1.537 	11.802713
1.538 	11.082767
1.539 	10.331424
1.540 	9.303465
1.541 	9.899392
1.542 	12.786667
1.543 	15.422079
1.544 	16.225803
1.545 	14.055667
1.546 	9.265632
1.547 	7.026433
1.548 	9.952095
1.549 	12.588213
1.550 	11.538519
1.551 	9.645827
1.552 	9.091561
1.553 	8.893201
1.554 	9.211398
1.555 	9.579613
1.556 	10.408015
1.557 	10.591635
1.558 	10.596627
1.559 	11.598617
1.560 	12.959926
1.561 	14.547079
1.562 	14.798670
1.563 	12.239132
1.564 	9.219960
1.565 	11.578691
1.566 	14.236885
1.567 	12.249007
1.568 	9.683617
1.569 	7.701975
1.570 	7.990718
1.571 	10.636526
1.572 	14.480174
1.573 	15.834066
1.574 	13.118488
1.575 	11.066904
1.576 	10.433247
1.577 	10.702226
1.578 	11.001403
1.579 	11.418242
1.580 	12.445465
1.581 	12.521959
1.582 	12.364514
1.583 	11.583392
1.584 	11.258407
1.585 	13.228699
1.586 	10.862428
1.587 	6.526086
1.588 	9.750361
1.589 	14.337426
1.590 	15.852015
1.591 	12.257029
1.592 	8.153462
1.593 	8.639454
1.594 	8.862411
1.595 	9.341393
1.596 	12.032802
1.597 	14.534324
1.598 	12.397057
1.599 	10.905534
1.600 	12.031825
1.601 	15.574517
1.602 	18.203207
1.603 	17.053835
1.604 	12.786845
1.605 	8.617177
1.606 	8.484330
1.607 	12.444106
1.608 	13.450181
1.609 	13.739098
1.610 	16.976351
1.611 	15.057519
1.612 	9.972664
1.613 	9.606553
1.614 	9.748274
1.615 	7.563328
1.616 	9.489637
1.617 	14.671379
1.618 	13.952018
1.619 	13.867039
1.620 	13.643494
1.621 	9.822525
1.622 	10.709975
1.623 	15.019953
1.624 	17.921771
1.625 	18.538916
1.626 	14.776862
1.627 	10.732561
1.628 	11.230049
1.629 	14.980008
1.630 	14.606147
1.631 	10.965069
1.632 	6.503971
1.633 	6.520577
1.634 	12.146683
1.635 	12.659985
1.636 	10.223021
1.637 	13.725121
1.638 	17.614663
1.639 	13.118446
1.640 	11.688092
1.641 	13.899389
1.642 	13.396454
1.643 	15.024492
1.644 	15.271252
1.645 	12.883513
1.646 	11.810470
1.647 	14.016896
1.648 	22.045652
1.649 	22.110221
1.650 	13.193386
1.651 	1.402548
1.652 	0.367794
1.653 	5.630072
1.654 	15.427171
1.655 	19.637116
1.656 	14.608736
1.657 	13.156899
1.658 	11.629345
1.659 	15.160460
1.660 	17.366974
1.661 	16.654982
1.662 	20.229054
1.663 	13.994251
1.664 	12.148000
1.665 	20.612795
1.666 	18.238806
1.667 	9.641093
1.668 	9.305536
1.669 	21.257225
1.670 	16.584428
1.671 	11.344512
1.672 	10.615395
1.673 	20.569326
1.674 	17.484718
1.675 	-2.673361
1.676 	-7.180259
1.677 	15.127678
1.678 	14.013960
1.679 	21.114120
1.680 	6.630121
1.681 	-2.196538
1.682 	20.109735
1.683 	34.018475
1.684 	29.472608
1.685 	-4.898732
1.686 	-8.826469
1.687 	23.358400
1.688 	29.669682
1.689 	1.922609
1.690 	14.390750
1.691 	18.769835
1.692 	15.767195
1.693 	9.856850
1.694 	24.663122
1.695 	15.705276
1.696 	6.327337
1.697 	-17.036670
1.698 	11.848098
1.699 	46.809616
1.700 	41.295939
