0.660 	30.339178
0.661 	33.098676
0.662 	31.496220
0.663 	34.462541
0.664 	27.411664
0.665 	33.001185
0.666 	35.812826
0.667 	32.087792
0.668 	32.987291
0.669 	31.550816
0.670 	31.771516
0.671 	37.770633
0.672 	30.351703
0.673 	27.193035
0.674 	35.823034
0.675 	35.457499
0.676 	30.681321
0.677 	35.812085
0.678 	33.646164
0.679 	35.852602
0.680 	32.943859
0.681 	32.375952
0.682 	29.853912
0.683 	29.227482
0.684 	34.169224
0.685 	30.076218
0.686 	29.376470
0.687 	33.069909
0.688 	35.131756
0.689 	33.769395
0.690 	31.710845
0.691 	31.294639
0.692 	33.461094
0.693 	31.462080
0.694 	32.417779
0.695 	32.397030
0.696 	33.005806
0.697 	32.603032
0.698 	32.440569
0.699 	31.521776
0.700 	31.636686
0.701 	32.248553
0.702 	33.239120
0.703 	32.483062
0.704 	30.927939
0.705 	31.520952
0.706 	33.661477
0.707 	34.350188
0.708 	33.271868
0.709 	30.843202
0.710 	28.146042
0.711 	29.795155
0.712 	30.602517
0.713 	32.510030
0.714 	33.706024
0.715 	30.365904
0.716 	33.707637
0.717 	34.875133
0.718 	33.999058
0.719 	31.945662
0.720 	32.068225
0.721 	33.271672
0.722 	32.296975
0.723 	32.260737
0.724 	30.779218
0.725 	29.394209
0.726 	29.964101
0.727 	29.647146
0.728 	31.267791
0.729 	34.316912
0.730 	33.708982
0.731 	31.867876
0.732 	32.349532
0.733 	31.531478
0.734 	32.430930
0.735 	31.641520
0.736 	30.638472
0.737 	31.099259
0.738 	32.262486
0.739 	31.238220
0.740 	29.841554
0.741 	30.437429
0.742 	29.560822
0.743 	28.752580
0.744 	30.198540
0.745 	30.060123
0.746 	30.249794
0.747 	32.401159
0.748 	32.390684
0.749 	31.550479
0.750 	32.039005
0.751 	31.944325
0.752 	30.673010
0.753 	30.346063
0.754 	31.147538
0.755 	30.351180
0.756 	29.364019
0.757 	28.614463
0.758 	29.366895
0.759 	31.598302
0.760 	32.500063
0.761 	32.754131
0.762 	32.841389
0.763 	32.019821
0.764 	30.831506
0.765 	30.344557
0.766 	29.889133
0.767 	30.161823
0.768 	30.704750
0.769 	30.735363
0.770 	30.789141
0.771 	31.216693
0.772 	30.331020
0.773 	29.816415
0.774 	31.346188
0.775 	32.533911
0.776 	31.902582
0.777 	29.633239
0.778 	29.133008
0.779 	29.677413
0.780 	29.850146
0.781 	30.026685
0.782 	29.626358
0.783 	29.282872
0.784 	30.046160
0.785 	30.534523
0.786 	30.183030
0.787 	29.469030
0.788 	29.231473
0.789 	29.930601
0.790 	29.941847
0.791 	28.811991
0.792 	29.053573
0.793 	30.194476
0.794 	31.160726
0.795 	31.650325
0.796 	30.582994
0.797 	28.847182
0.798 	28.263217
0.799 	28.600445
0.800 	29.114629
0.801 	29.538813
0.802 	29.445159
0.803 	29.282249
0.804 	29.208951
0.805 	29.563767
0.806 	29.854700
0.807 	29.690539
0.808 	30.026730
0.809 	30.322972
0.810 	30.484435
0.811 	30.910303
0.812 	30.003285
0.813 	29.495423
0.814 	30.197439
0.815 	29.901416
0.816 	29.219740
0.817 	29.341911
0.818 	29.894770
0.819 	29.800644
0.820 	29.501301
0.821 	29.626835
0.822 	29.775180
0.823 	28.894047
0.824 	27.298328
0.825 	26.821333
0.826 	27.752507
0.827 	28.642388
0.828 	29.207091
0.829 	29.956945
0.830 	30.246535
0.831 	29.548614
0.832 	29.139821
0.833 	28.740744
0.834 	28.112611
0.835 	27.831855
0.836 	28.466268
0.837 	29.320425
0.838 	29.187617
0.839 	28.800318
0.840 	28.748138
0.841 	28.851420
0.842 	28.912706
0.843 	28.633753
0.844 	28.480671
0.845 	29.227668
0.846 	29.884479
0.847 	29.476450
0.848 	28.903220
0.849 	28.778063
0.850 	28.780844
0.851 	28.792755
0.852 	28.542270
0.853 	27.587808
0.854 	26.716944
0.855 	27.033893
0.856 	28.135133
0.857 	28.513702
0.858 	28.056711
0.859 	28.055637
0.860 	28.675008
0.861 	29.125537
0.862 	28.884500
0.863 	28.267895
0.864 	27.904901
0.865 	27.541185
0.866 	27.495832
0.867 	28.015634
0.868 	28.136327
0.869 	27.651947
0.870 	27.170376
0.871 	27.099829
0.872 	27.576376
0.873 	28.204798
0.874 	28.528229
0.875 	28.888726
0.876 	28.788921
0.877 	27.494287
0.878 	26.362574
0.879 	26.659972
0.880 	27.440476
0.881 	27.512726
0.882 	27.062433
0.883 	26.947094
0.884 	27.496224
0.885 	28.122593
0.886 	28.301945
0.887 	28.306084
0.888 	28.096573
0.889 	27.661824
0.890 	27.858171
0.891 	28.451647
0.892 	28.326861
0.893 	27.382913
0.894 	26.755313
0.895 	27.325697
0.896 	27.898852
0.897 	27.396088
0.898 	26.386664
0.899 	25.894671
0.900 	26.553814
0.901 	27.628837
0.902 	28.005761
0.903 	27.762996
0.904 	27.429211
0.905 	27.311148
0.906 	27.676007
0.907 	28.297189
0.908 	28.436954
0.909 	27.956717
0.910 	27.160702
0.911 	26.667214
0.912 	26.731573
0.913 	26.706000
0.914 	26.258606
0.915 	25.839781
0.916 	26.012414
0.917 	26.929017
0.918 	27.347780
0.919 	26.559980
0.920 	26.272761
0.921 	27.362304
0.922 	28.170895
0.923 	27.677490
0.924 	26.478997
0.925 	25.444358
0.926 	25.131432
0.927 	25.356151
0.928 	25.607478
0.929 	25.721464
0.930 	25.808172
0.931 	26.167837
0.932 	26.963994
0.933 	27.261823
0.934 	26.634239
0.935 	25.920865
0.936 	25.358504
0.937 	24.531477
0.938 	24.492360
0.939 	25.306917
0.940 	25.415101
0.941 	25.625556
0.942 	26.420188
0.943 	27.001019
0.944 	26.584589
0.945 	25.586547
0.946 	24.682232
0.947 	24.353873
0.948 	24.728657
0.949 	24.984941
0.950 	24.962713
0.951 	25.094582
0.952 	25.586386
0.953 	25.368451
0.954 	24.629522
0.955 	23.912138
0.956 	23.875931
0.957 	24.351953
0.958 	24.254928
0.959 	23.744793
0.960 	23.518632
0.961 	23.670650
0.962 	24.294282
0.963 	23.832304
0.964 	24.368757
0.965 	25.224458
0.966 	24.773443
0.967 	24.538295
0.968 	24.193519
0.969 	24.334227
0.970 	24.023331
0.971 	22.889312
0.972 	21.878709
0.973 	21.809780
0.974 	23.104325
0.975 	23.529688
0.976 	24.290328
0.977 	24.999602
0.978 	24.437045
0.979 	23.661608
0.980 	23.242564
0.981 	23.287916
0.982 	23.048652
0.983 	23.089562
0.984 	23.004614
0.985 	22.734930
0.986 	22.184094
0.987 	21.684591
0.988 	22.558681
0.989 	24.575429
0.990 	24.848138
0.991 	23.686243
0.992 	23.589412
0.993 	23.583397
0.994 	23.996655
0.995 	24.321270
0.996 	24.099748
0.997 	22.898615
0.998 	22.020848
0.999 	22.089958
1.000 	22.242124
1.001 	23.453927
1.002 	24.439374
1.003 	23.358977
1.004 	22.578303
1.005 	23.218085
1.006 	23.557544
1.007 	23.284359
1.008 	22.719969
1.009 	22.865647
1.010 	23.117163
1.011 	23.920624
1.012 	23.987734
1.013 	23.257291
1.014 	23.650660
1.015 	23.495678
1.016 	23.069495
1.017 	23.125072
1.018 	23.190717
1.019 	24.130809
1.020 	24.764762
1.021 	23.984664
1.022 	23.488222
1.023 	23.236588
1.024 	23.008182
1.025 	23.163672
1.026 	23.434766
1.027 	24.093731
1.028 	24.409135
1.029 	23.355636
1.030 	22.541985
1.031 	22.495505
1.032 	22.049211
1.033 	22.271665
1.034 	23.633047
1.035 	24.335973
1.036 	23.838536
1.037 	22.568569
1.038 	22.546265
1.039 	23.457466
1.040 	24.181479
1.041 	24.512920
1.042 	23.485729
1.043 	22.590214
1.044 	22.946789
1.045 	23.599631
1.046 	24.150772
1.047 	23.914982
1.048 	23.125169
1.049 	23.355212
1.050 	23.740272
1.051 	23.388993
1.052 	23.036227
1.053 	23.647881
1.054 	24.416914
1.055 	24.303999
1.056 	23.460241
1.057 	22.778745
1.058 	22.758744
1.059 	23.104084
1.060 	23.177544
1.061 	23.354631
1.062 	23.899513
1.063 	23.557841
1.064 	23.114911
1.065 	23.430248
1.066 	24.223298
1.067 	24.635385
1.068 	24.190498
1.069 	23.518411
1.070 	22.821207
1.071 	22.561586
1.072 	23.415979
1.073 	24.142225
1.074 	23.758977
1.075 	23.228363
1.076 	23.179629
1.077 	23.497266
1.078 	23.459240
1.079 	22.662546
1.080 	22.223112
1.081 	22.895399
1.082 	23.411681
1.083 	23.409541
1.084 	22.824436
1.085 	21.691175
1.086 	21.906903
1.087 	23.646260
1.088 	24.738349
1.089 	24.535163
1.090 	23.652008
1.091 	22.615054
1.092 	22.534256
1.093 	23.308660
1.094 	23.618300
1.095 	23.471205
1.096 	23.568514
1.097 	23.465424
1.098 	23.099913
1.099 	22.911784
1.100 	22.463851
1.101 	22.130369
1.102 	22.636735
1.103 	23.392200
1.104 	23.085679
1.105 	22.121746
1.106 	21.738852
1.107 	22.023309
1.108 	22.538335
1.109 	22.890631
1.110 	23.529455
1.111 	23.799348
1.112 	23.248815
1.113 	22.716591
1.114 	22.025158
1.115 	21.417383
1.116 	21.443661
1.117 	21.627131
1.118 	21.805740
1.119 	22.372428
1.120 	22.829654
1.121 	22.633655
1.122 	22.210945
1.123 	21.668014
1.124 	21.098392
1.125 	21.319012
1.126 	21.960493
1.127 	21.928362
1.128 	21.210265
1.129 	20.779439
1.130 	21.234533
1.131 	22.117148
1.132 	22.632093
1.133 	22.543030
1.134 	22.095847
1.135 	21.888095
1.136 	21.771611
1.137 	21.053026
1.138 	20.142303
1.139 	19.591065
1.140 	19.467992
1.141 	19.899756
1.142 	20.469535
1.143 	20.326894
1.144 	19.559359
1.145 	19.409846
1.146 	20.181738
1.147 	20.575578
1.148 	20.032728
1.149 	19.309973
1.150 	19.020564
1.151 	19.310785
1.152 	19.545270
1.153 	19.138158
1.154 	18.237295
1.155 	17.693082
1.156 	17.849666
1.157 	18.194670
1.158 	18.061146
1.159 	17.909068
1.160 	18.640597
1.161 	19.263882
1.162 	19.068805
1.163 	19.005060
1.164 	19.286495
1.165 	19.388720
1.166 	19.629849
1.167 	20.124776
1.168 	19.876935
1.169 	18.573064
1.170 	17.159490
1.171 	16.547002
1.172 	16.899989
1.173 	17.747976
1.174 	18.468666
1.175 	18.923023
1.176 	18.774988
1.177 	18.267561
1.178 	18.200673
1.179 	18.204402
1.180 	18.107002
1.181 	18.222658
1.182 	17.904116
1.183 	17.120485
1.184 	17.355041
1.185 	18.183948
1.186 	18.109403
1.187 	17.652073
1.188 	17.753139
1.189 	18.064050
1.190 	18.166270
1.191 	18.331396
1.192 	17.962597
1.193 	17.021009
1.194 	17.243157
1.195 	18.414210
1.196 	18.594058
1.197 	17.871205
1.198 	17.621517
1.199 	18.204598
1.200 	18.792433
1.201 	19.251357
1.202 	19.737797
1.203 	19.833899
1.204 	19.131218
1.205 	18.149315
1.206 	17.724925
1.207 	17.736652
1.208 	17.334064
1.209 	16.742381
1.210 	16.987565
1.211 	18.183629
1.212 	19.598546
1.213 	20.117667
1.214 	19.529889
1.215 	18.560556
1.216 	18.215992
1.217 	18.260054
1.218 	18.080226
1.219 	17.914650
1.220 	18.123271
1.221 	18.655102
1.222 	18.981146
1.223 	18.454943
1.224 	17.432553
1.225 	16.953244
1.226 	17.556756
1.227 	18.556820
1.228 	18.873115
1.229 	18.663025
1.230 	18.344213
1.231 	18.019487
1.232 	18.219632
1.233 	18.496105
1.234 	18.168254
1.235 	17.808688
1.236 	18.035068
1.237 	18.478164
1.238 	18.878461
1.239 	19.327134
1.240 	19.616299
1.241 	19.236674
1.242 	18.407609
1.243 	17.957664
1.244 	18.393228
1.245 	19.183811
1.246 	19.477300
1.247 	19.260082
1.248 	19.170226
1.249 	19.110492
1.250 	18.576446
1.251 	18.139891
1.252 	18.396310
1.253 	18.798230
1.254 	18.343498
1.255 	17.544677
1.256 	17.770194
1.257 	18.682578
1.258 	19.407605
1.259 	19.511612
1.260 	18.606765
1.261 	17.724694
1.262 	18.025243
1.263 	19.069985
1.264 	19.574593
1.265 	19.044259
1.266 	17.911153
1.267 	17.145653
1.268 	17.682234
1.269 	18.693853
1.270 	18.952922
1.271 	18.512295
1.272 	18.145714
1.273 	18.335828
1.274 	18.439085
1.275 	17.877073
1.276 	17.769758
1.277 	18.915836
1.278 	19.932823
1.279 	19.543859
1.280 	18.023551
1.281 	17.174452
1.282 	17.798612
1.283 	18.795199
1.284 	19.569937
1.285 	19.870792
1.286 	19.036581
1.287 	17.546173
1.288 	17.053023
1.289 	17.717214
1.290 	18.437703
1.291 	18.767918
1.292 	18.598280
1.293 	17.852356
1.294 	17.152948
1.295 	16.979343
1.296 	16.812015
1.297 	16.489704
1.298 	16.182533
1.299 	15.737646
1.300 	15.309726
1.301 	15.477976
1.302 	16.210680
1.303 	16.373645
1.304 	16.215790
1.305 	16.456383
1.306 	16.959346
1.307 	17.998385
1.308 	19.026484
1.309 	18.918223
1.310 	18.047637
1.311 	17.604932
1.312 	17.636386
1.313 	17.116224
1.314 	16.183049
1.315 	15.775552
1.316 	15.747639
1.317 	15.362683
1.318 	14.850531
1.319 	15.209029
1.320 	16.543371
1.321 	17.544151
1.322 	16.847893
1.323 	15.402658
1.324 	14.647919
1.325 	14.921892
1.326 	15.361199
1.327 	14.868138
1.328 	13.926449
1.329 	14.031456
1.330 	14.832885
1.331 	15.058851
1.332 	14.897513
1.333 	15.297207
1.334 	16.255040
1.335 	16.750249
1.336 	16.320944
1.337 	15.511296
1.338 	14.788351
1.339 	14.668176
1.340 	14.767383
1.341 	14.216234
1.342 	13.834482
1.343 	14.587576
1.344 	15.138096
1.345 	14.631084
1.346 	14.343729
1.347 	14.805541
1.348 	14.914733
1.349 	14.159948
1.350 	13.469607
1.351 	13.706731
1.352 	14.622567
1.353 	15.047823
1.354 	14.359857
1.355 	13.606862
1.356 	13.528292
1.357 	13.065663
1.358 	11.723700
1.359 	10.761455
1.360 	11.483239
1.361 	13.530528
1.362 	14.944930
1.363 	14.655030
1.364 	13.957642
1.365 	13.457489
1.366 	13.146256
1.367 	13.272402
1.368 	13.249359
1.369 	12.891902
1.370 	12.544124
1.371 	12.267196
1.372 	12.164132
1.373 	11.851872
1.374 	11.385757
1.375 	11.546873
1.376 	12.031649
1.377 	11.381918
1.378 	10.051108
1.379 	10.001554
1.380 	10.988830
1.381 	11.132646
1.382 	9.661038
1.383 	8.319910
1.384 	8.455967
1.385 	8.755172
1.386 	8.178116
1.387 	7.576547
1.388 	8.244928
1.389 	9.672211
1.390 	10.361557
1.391 	9.920438
1.392 	8.599048
1.393 	7.348564
1.394 	7.578645
1.395 	8.895498
1.396 	9.615863
1.397 	9.215932
1.398 	7.948232
1.399 	6.391216
1.400 	5.246065
1.401 	4.976175
1.402 	6.296570
1.403 	7.945011
1.404 	7.699151
1.405 	6.439836
1.406 	6.075260
1.407 	6.419067
1.408 	6.361621
1.409 	6.124314
1.410 	6.007921
1.411 	5.760641
1.412 	5.856909
1.413 	6.357271
1.414 	6.277567
1.415 	5.821938
1.416 	6.618768
1.417 	8.155303
1.418 	8.211976
1.419 	6.609210
1.420 	5.207852
1.421 	5.671884
1.422 	7.090015
1.423 	7.386069
1.424 	6.905416
1.425 	6.697007
1.426 	5.572405
1.427 	4.263701
1.428 	5.024896
1.429 	6.295997
1.430 	6.741977
1.431 	6.624385
1.432 	5.732949
1.433 	4.831321
1.434 	4.710245
1.435 	4.905107
1.436 	4.979871
1.437 	5.415349
1.438 	6.546089
1.439 	7.489047
1.440 	7.761627
1.441 	7.731895
1.442 	7.488346
1.443 	6.630698
1.444 	5.794012
1.445 	5.961759
1.446 	6.241133
1.447 	6.351147
1.448 	6.812764
1.449 	7.060458
1.450 	7.161378
1.451 	6.547667
1.452 	5.419376
1.453 	5.918321
1.454 	7.068592
1.455 	6.529032
1.456 	4.796879
1.457 	3.845673
1.458 	4.729970
1.459 	6.572647
1.460 	7.290087
1.461 	6.255284
1.462 	4.927199
1.463 	4.641960
1.464 	5.322000
1.465 	6.225018
1.466 	7.450653
1.467 	8.614856
1.468 	8.160259
1.469 	5.756252
1.470 	3.171441
1.471 	2.674447
1.472 	4.322978
1.473 	5.570617
1.474 	6.538444
1.475 	8.745544
1.476 	9.841897
1.477 	8.309905
1.478 	6.402734
1.479 	5.475100
1.480 	6.155056
1.481 	7.548943
1.482 	8.027362
1.483 	7.551899
1.484 	6.985357
1.485 	7.433241
1.486 	8.283704
1.487 	8.488072
1.488 	7.432855
1.489 	6.346888
1.490 	6.347711
1.491 	7.432003
1.492 	9.185778
1.493 	9.239933
1.494 	7.845746
1.495 	7.312277
1.496 	7.248690
1.497 	6.873194
1.498 	6.352334
1.499 	5.515116
1.500 	5.480574
1.501 	6.161893
1.502 	6.377529
1.503 	7.328662
1.504 	9.115486
1.505 	10.059550
1.506 	9.961846
1.507 	9.652323
1.508 	8.576073
1.509 	7.052898
1.510 	6.799506
1.511 	7.256268
1.512 	7.389019
1.513 	7.778379
1.514 	7.725429
1.515 	6.829889
1.516 	7.221798
1.517 	8.846774
1.518 	9.919465
1.519 	10.434854
1.520 	10.944942
1.521 	10.253296
1.522 	9.010765
1.523 	8.498280
1.524 	8.230093
1.525 	8.597808
1.526 	9.486693
1.527 	9.773742
1.528 	9.661428
1.529 	9.803443
1.530 	10.090399
1.531 	9.990367
1.532 	9.809605
1.533 	9.003737
1.534 	7.969185
1.535 	8.003946
1.536 	8.065066
1.537 	8.144916
1.538 	8.307221
1.539 	8.074104
1.540 	8.540462
1.541 	9.494098
1.542 	9.446172
1.543 	9.863670
1.544 	9.944632
1.545 	9.584347
1.546 	10.897508
1.547 	11.016622
1.548 	9.663637
1.549 	8.599455
1.550 	8.989218
1.551 	9.883272
1.552 	10.179554
1.553 	9.661570
1.554 	8.928694
1.555 	9.714961
1.556 	11.662419
1.557 	12.174270
1.558 	10.127191
1.559 	9.231153
1.560 	11.013007
1.561 	12.387191
1.562 	11.536846
1.563 	9.114930
1.564 	6.427219
1.565 	6.377479
1.566 	9.329828
1.567 	9.639741
1.568 	7.851685
1.569 	7.397368
1.570 	9.379214
1.571 	10.635969
1.572 	9.848942
1.573 	8.985350
1.574 	9.434071
1.575 	9.953514
1.576 	10.908601
1.577 	11.506379
1.578 	9.780630
1.579 	8.452063
1.580 	9.579144
1.581 	10.736977
1.582 	12.021535
1.583 	12.536831
1.584 	11.596877
1.585 	10.961536
1.586 	10.925564
1.587 	10.871145
1.588 	10.671681
1.589 	9.643099
1.590 	9.746528
1.591 	10.656548
1.592 	10.944808
1.593 	9.988560
1.594 	9.807405
1.595 	11.337252
1.596 	12.716471
1.597 	11.820426
1.598 	11.730415
1.599 	13.661811
1.600 	13.537711
1.601 	10.777164
1.602 	9.632753
1.603 	11.133925
1.604 	11.509366
1.605 	9.035135
1.606 	8.412922
1.607 	9.637862
1.608 	10.047829
1.609 	11.014092
1.610 	11.277004
1.611 	10.748163
1.612 	10.312311
1.613 	11.494451
1.614 	11.902022
1.615 	8.712119
1.616 	9.898195
1.617 	13.435946
1.618 	12.906600
1.619 	13.627566
1.620 	12.569766
1.621 	11.443273
1.622 	10.624374
1.623 	10.249763
1.624 	11.999771
1.625 	12.772771
1.626 	9.609543
1.627 	8.527568
1.628 	11.758941
1.629 	13.119255
1.630 	14.663831
1.631 	13.626184
1.632 	12.820870
1.633 	13.583515
1.634 	13.441890
1.635 	11.813875
1.636 	10.491692
1.637 	10.311220
1.638 	11.154528
1.639 	13.069709
1.640 	13.979357
1.641 	8.324192
1.642 	7.002126
1.643 	11.576219
1.644 	14.575472
1.645 	9.452959
1.646 	8.231622
1.647 	11.018912
1.648 	13.325946
1.649 	13.595705
1.650 	11.495392
1.651 	10.245441
1.652 	10.721025
1.653 	11.148628
1.654 	12.133699
1.655 	12.843793
1.656 	9.839105
1.657 	12.162254
1.658 	15.716902
1.659 	10.259718
1.660 	10.084669
1.661 	10.714535
1.662 	8.569044
1.663 	11.555931
1.664 	12.002290
1.665 	6.970199
1.666 	11.228765
1.667 	16.098367
1.668 	14.540037
1.669 	15.129871
1.670 	19.360496
1.671 	22.022995
1.672 	7.870992
1.673 	4.015230
1.674 	9.340034
1.675 	5.679750
1.676 	-3.165752
1.677 	4.722693
1.678 	17.006345
1.679 	16.160698
1.680 	18.524904
1.681 	15.074461
1.682 	12.560645
1.683 	11.110521
1.684 	8.967905
1.685 	13.429383
1.686 	8.416440
1.687 	2.496162
1.688 	9.665999
1.689 	19.912010
1.690 	15.438798
1.691 	6.652543
1.692 	3.897565
1.693 	12.546320
1.694 	14.643484
1.695 	20.479542
1.696 	2.023149
1.697 	-5.562395
1.698 	-0.661021
1.699 	22.389983
1.700 	34.160485
