0.660 	29.248160
0.661 	32.667141
0.662 	29.215011
0.663 	25.911746
0.664 	33.860786
0.665 	31.493581
0.666 	28.369537
0.667 	26.782348
0.668 	30.055887
0.669 	29.550467
0.670 	31.421909
0.671 	32.454227
0.672 	33.578135
0.673 	29.364683
0.674 	32.167176
0.675 	31.078605
0.676 	33.025852
0.677 	32.780962
0.678 	32.212132
0.679 	26.511092
0.680 	23.648892
0.681 	31.449840
0.682 	31.551284
0.683 	27.369626
0.684 	30.866844
0.685 	31.456608
0.686 	30.594709
0.687 	28.709617
0.688 	29.692213
0.689 	31.359854
0.690 	32.461261
0.691 	28.285907
0.692 	27.100825
0.693 	34.506086
0.694 	30.416277
0.695 	32.258958
0.696 	28.918367
0.697 	27.452235
0.698 	25.447056
0.699 	31.111600
0.700 	32.114948
0.701 	32.966103
0.702 	29.340579
0.703 	29.405335
0.704 	30.682805
0.705 	30.303735
0.706 	31.249307
0.707 	32.609431
0.708 	28.558064
0.709 	30.058275
0.710 	31.100455
0.711 	29.341553
0.712 	33.514258
0.713 	33.589447
0.714 	31.092605
0.715 	29.631120
0.716 	34.000798
0.717 	31.791955
0.718 	24.925463
0.719 	26.496982
0.720 	31.252584
0.721 	32.038690
0.722 	31.218249
0.723 	32.214495
0.724 	30.062507
0.725 	27.414431
0.726 	31.337843
0.727 	31.995634
0.728 	33.332652
0.729 	31.455890
0.730 	30.244828
0.731 	29.106333
0.732 	26.455917
0.733 	28.469917
0.734 	30.309146
0.735 	30.543121
0.736 	30.630831
0.737 	30.252537
0.738 	29.952743
0.739 	31.435301
0.740 	32.365200
0.741 	30.702634
0.742 	31.375834
0.743 	32.037661
0.744 	30.827338
0.745 	30.946213
0.746 	30.646689
0.747 	29.917046
0.748 	29.790150
0.749 	29.643841
0.750 	29.966140
0.751 	30.126525
0.752 	29.826528
0.753 	31.077875
0.754 	31.382001
0.755 	29.660954
0.756 	30.149783
0.757 	31.005995
0.758 	29.803112
0.759 	29.471511
0.760 	30.403344
0.761 	30.791287
0.762 	31.285453
0.763 	30.332933
0.764 	29.626416
0.765 	30.611019
0.766 	32.168505
0.767 	31.563766
0.768 	30.180841
0.769 	29.212571
0.770 	27.910073
0.771 	27.690297
0.772 	29.793202
0.773 	30.419870
0.774 	29.718757
0.775 	28.602621
0.776 	27.875329
0.777 	28.851688
0.778 	30.708799
0.779 	29.533318
0.780 	28.621656
0.781 	30.414173
0.782 	32.305316
0.783 	30.694272
0.784 	29.067506
0.785 	30.090454
0.786 	30.152399
0.787 	29.178732
0.788 	28.261137
0.789 	27.832606
0.790 	28.302561
0.791 	29.700958
0.792 	31.394341
0.793 	31.416496
0.794 	30.279126
0.795 	30.391856
0.796 	29.192580
0.797 	29.077930
0.798 	30.695743
0.799 	31.020391
0.800 	30.012421
0.801 	29.316273
0.802 	28.837816
0.803 	29.234102
0.804 	29.548760
0.805 	28.560568
0.806 	28.129558
0.807 	28.794861
0.808 	30.028288
0.809 	29.964671
0.810 	29.534283
0.811 	28.775884
0.812 	28.671759
0.813 	29.570424
0.814 	30.388720
0.815 	30.839821
0.816 	30.650701
0.817 	29.047061
0.818 	27.390989
0.819 	28.542789
0.820 	30.149600
0.821 	29.508281
0.822 	28.656034
0.823 	28.962697
0.824 	29.097006
0.825 	28.523298
0.826 	27.931370
0.827 	28.311526
0.828 	28.917219
0.829 	28.841681
0.830 	28.830625
0.831 	28.793834
0.832 	28.885303
0.833 	28.962672
0.834 	29.108748
0.835 	29.966440
0.836 	30.221492
0.837 	29.263191
0.838 	28.546745
0.839 	28.655486
0.840 	29.019146
0.841 	28.414453
0.842 	27.742037
0.843 	28.892839
0.844 	30.598264
0.845 	30.605896
0.846 	29.042596
0.847 	28.237867
0.848 	28.419500
0.849 	28.069761
0.850 	27.213896
0.851 	26.950758
0.852 	27.643548
0.853 	27.619714
0.854 	27.089087
0.855 	28.063139
0.856 	29.421282
0.857 	29.805341
0.858 	29.125308
0.859 	27.937652
0.860 	27.282603
0.861 	27.546941
0.862 	28.368543
0.863 	28.758526
0.864 	28.023891
0.865 	27.256527
0.866 	28.115770
0.867 	28.943386
0.868 	28.389965
0.869 	27.676878
0.870 	27.624676
0.871 	28.032802
0.872 	28.517761
0.873 	28.921576
0.874 	28.726606
0.875 	28.253460
0.876 	28.268702
0.877 	28.220559
0.878 	28.101980
0.879 	27.832283
0.880 	27.508873
0.881 	27.836188
0.882 	28.126773
0.883 	27.717245
0.884 	27.112821
0.885 	26.483828
0.886 	26.560840
0.887 	27.583835
0.888 	28.094284
0.889 	27.755650
0.890 	27.852048
0.891 	27.828153
0.892 	27.578615
0.893 	28.229018
0.894 	28.654557
0.895 	27.823397
0.896 	26.738038
0.897 	26.879238
0.898 	27.753172
0.899 	28.033532
0.900 	27.490272
0.901 	26.863685
0.902 	26.511165
0.903 	26.016702
0.904 	25.666896
0.905 	26.402619
0.906 	27.630108
0.907 	28.273965
0.908 	28.114887
0.909 	27.412904
0.910 	27.198318
0.911 	27.378563
0.912 	27.132460
0.913 	26.824571
0.914 	26.701748
0.915 	26.252306
0.916 	25.828998
0.917 	26.379410
0.918 	26.740184
0.919 	25.863183
0.920 	25.541662
0.921 	26.440305
0.922 	27.383535
0.923 	27.941133
0.924 	27.583562
0.925 	26.691095
0.926 	26.430966
0.927 	26.414355
0.928 	26.206798
0.929 	25.919502
0.930 	25.272472
0.931 	25.004664
0.932 	25.829923
0.933 	26.494322
0.934 	26.582867
0.935 	26.965389
0.936 	28.048014
0.937 	27.996170
0.938 	26.697947
0.939 	25.857697
0.940 	26.252180
0.941 	26.675540
0.942 	27.088358
0.943 	27.671666
0.944 	26.848534
0.945 	25.483094
0.946 	25.334520
0.947 	26.271089
0.948 	26.749032
0.949 	26.396124
0.950 	26.447947
0.951 	25.605328
0.952 	24.643907
0.953 	24.615660
0.954 	24.418773
0.955 	24.762601
0.956 	25.571569
0.957 	25.707453
0.958 	25.493017
0.959 	25.373712
0.960 	25.065946
0.961 	25.020322
0.962 	25.350157
0.963 	25.352129
0.964 	25.140288
0.965 	24.597285
0.966 	24.957490
0.967 	24.904726
0.968 	24.595465
0.969 	24.722556
0.970 	24.712307
0.971 	24.603270
0.972 	24.663126
0.973 	24.718488
0.974 	25.239019
0.975 	25.261629
0.976 	24.710669
0.977 	23.090230
0.978 	23.151347
0.979 	24.325072
0.980 	24.943463
0.981 	24.548592
0.982 	24.713505
0.983 	24.833878
0.984 	24.770691
0.985 	24.814249
0.986 	24.413993
0.987 	23.369498
0.988 	23.529151
0.989 	24.785826
0.990 	25.271008
0.991 	24.505178
0.992 	24.044994
0.993 	24.461802
0.994 	24.355846
0.995 	24.014012
0.996 	24.079405
0.997 	24.272364
0.998 	24.107176
0.999 	24.265768
1.000 	24.794309
1.001 	24.972806
1.002 	24.979160
1.003 	24.323000
1.004 	23.563365
1.005 	23.651294
1.006 	24.783764
1.007 	24.788933
1.008 	24.348498
1.009 	24.174438
1.010 	23.880356
1.011 	23.551513
1.012 	24.012306
1.013 	24.800896
1.014 	24.792789
1.015 	24.487783
1.016 	23.648062
1.017 	23.562263
1.018 	24.492832
1.019 	24.506464
1.020 	22.986373
1.021 	23.274402
1.022 	24.791768
1.023 	25.297001
1.024 	24.227315
1.025 	23.253997
1.026 	24.513867
1.027 	26.823346
1.028 	27.332171
1.029 	26.076247
1.030 	25.374547
1.031 	25.034858
1.032 	23.680242
1.033 	22.536676
1.034 	23.003629
1.035 	24.663453
1.036 	26.077094
1.037 	26.046012
1.038 	25.613829
1.039 	25.513111
1.040 	24.784266
1.041 	23.773112
1.042 	23.134182
1.043 	23.411373
1.044 	24.613264
1.045 	25.483738
1.046 	24.977104
1.047 	23.803359
1.048 	22.965914
1.049 	22.922621
1.050 	24.246605
1.051 	25.622154
1.052 	26.322670
1.053 	26.403184
1.054 	25.966748
1.055 	24.675668
1.056 	23.714066
1.057 	23.837766
1.058 	24.694876
1.059 	25.623811
1.060 	25.920419
1.061 	25.627691
1.062 	24.623955
1.063 	23.846891
1.064 	24.486001
1.065 	25.185181
1.066 	24.473436
1.067 	23.909148
1.068 	24.828595
1.069 	24.705278
1.070 	23.733691
1.071 	24.426627
1.072 	25.601220
1.073 	25.345817
1.074 	24.954631
1.075 	25.183066
1.076 	24.972370
1.077 	24.673144
1.078 	25.025197
1.079 	25.750675
1.080 	25.778681
1.081 	25.292935
1.082 	24.829100
1.083 	24.574517
1.084 	24.178042
1.085 	23.697101
1.086 	23.725570
1.087 	24.415227
1.088 	25.071823
1.089 	25.498085
1.090 	25.740360
1.091 	25.366983
1.092 	24.764278
1.093 	24.694262
1.094 	24.620028
1.095 	24.078639
1.096 	23.768694
1.097 	23.971846
1.098 	24.276640
1.099 	24.357222
1.100 	24.402264
1.101 	23.906627
1.102 	23.726513
1.103 	24.193695
1.104 	23.963067
1.105 	23.590339
1.106 	23.757591
1.107 	24.122586
1.108 	24.474309
1.109 	24.136872
1.110 	24.322961
1.111 	25.479896
1.112 	26.178810
1.113 	25.561304
1.114 	24.313828
1.115 	23.810068
1.116 	23.442329
1.117 	23.124181
1.118 	23.745544
1.119 	24.263092
1.120 	23.892869
1.121 	23.716124
1.122 	23.964703
1.123 	24.250532
1.124 	24.697302
1.125 	25.530425
1.126 	25.735765
1.127 	24.717353
1.128 	23.883126
1.129 	23.826831
1.130 	24.262253
1.131 	24.688454
1.132 	24.187729
1.133 	23.563813
1.134 	23.560427
1.135 	23.574011
1.136 	23.256552
1.137 	22.692132
1.138 	22.578255
1.139 	23.179021
1.140 	23.493331
1.141 	23.277727
1.142 	23.173429
1.143 	23.454165
1.144 	24.298816
1.145 	24.850769
1.146 	24.334088
1.147 	23.154647
1.148 	22.128709
1.149 	21.750547
1.150 	21.805852
1.151 	22.240167
1.152 	22.674899
1.153 	22.755472
1.154 	22.343695
1.155 	21.137517
1.156 	20.008702
1.157 	19.964790
1.158 	20.657260
1.159 	21.488138
1.160 	21.942170
1.161 	21.694820
1.162 	21.192423
1.163 	20.960615
1.164 	20.957258
1.165 	20.713492
1.166 	19.988335
1.167 	19.157981
1.168 	19.275022
1.169 	19.766133
1.170 	19.508227
1.171 	19.505802
1.172 	20.173878
1.173 	20.523099
1.174 	20.277879
1.175 	20.048621
1.176 	20.006608
1.177 	19.913140
1.178 	20.079048
1.179 	20.535762
1.180 	20.402353
1.181 	19.460130
1.182 	18.759676
1.183 	19.306731
1.184 	20.737065
1.185 	21.629424
1.186 	20.909224
1.187 	19.296694
1.188 	18.322271
1.189 	18.269140
1.190 	18.475428
1.191 	18.740202
1.192 	19.092211
1.193 	19.515169
1.194 	19.675304
1.195 	19.063049
1.196 	18.283633
1.197 	18.172490
1.198 	18.829471
1.199 	20.123331
1.200 	21.362312
1.201 	21.549304
1.202 	20.545932
1.203 	19.066938
1.204 	18.037114
1.205 	17.605094
1.206 	17.334274
1.207 	17.579928
1.208 	18.375018
1.209 	19.436991
1.210 	20.271836
1.211 	20.330112
1.212 	19.575332
1.213 	18.829618
1.214 	18.655796
1.215 	18.883512
1.216 	19.407718
1.217 	19.925168
1.218 	19.727507
1.219 	19.066463
1.220 	19.261396
1.221 	20.137028
1.222 	21.020482
1.223 	21.633996
1.224 	20.764168
1.225 	18.667853
1.226 	17.388739
1.227 	17.464028
1.228 	17.933800
1.229 	18.693294
1.230 	19.426466
1.231 	19.513265
1.232 	19.415457
1.233 	19.539994
1.234 	19.558504
1.235 	19.594693
1.236 	19.859158
1.237 	20.111777
1.238 	20.078832
1.239 	19.941944
1.240 	19.823942
1.241 	19.599457
1.242 	19.751087
1.243 	20.151866
1.244 	20.189347
1.245 	20.091224
1.246 	20.678646
1.247 	21.513868
1.248 	21.591444
1.249 	20.632668
1.250 	19.268107
1.251 	18.712426
1.252 	19.221387
1.253 	20.029246
1.254 	20.138995
1.255 	19.969740
1.256 	20.135634
1.257 	20.286631
1.258 	20.281666
1.259 	20.307335
1.260 	20.669499
1.261 	21.044749
1.262 	20.624842
1.263 	19.545640
1.264 	18.802905
1.265 	18.807132
1.266 	19.268633
1.267 	19.746933
1.268 	20.144384
1.269 	20.226229
1.270 	19.826909
1.271 	19.241142
1.272 	19.320982
1.273 	20.254801
1.274 	20.757288
1.275 	20.619585
1.276 	20.736110
1.277 	20.780452
1.278 	20.380695
1.279 	19.890543
1.280 	19.650403
1.281 	19.583841
1.282 	19.353180
1.283 	19.327796
1.284 	19.888949
1.285 	20.487569
1.286 	20.467883
1.287 	19.775486
1.288 	19.154540
1.289 	19.274594
1.290 	19.624946
1.291 	20.118447
1.292 	20.678916
1.293 	20.633387
1.294 	19.893536
1.295 	19.556315
1.296 	19.798903
1.297 	20.121405
1.298 	20.483474
1.299 	20.681593
1.300 	20.455867
1.301 	20.140314
1.302 	20.010490
1.303 	19.941157
1.304 	19.594007
1.305 	19.077842
1.306 	19.027940
1.307 	19.431782
1.308 	19.822293
1.309 	20.298884
1.310 	20.523028
1.311 	19.909458
1.312 	18.928549
1.313 	18.515923
1.314 	18.251069
1.315 	17.808077
1.316 	17.884616
1.317 	18.831873
1.318 	19.620826
1.319 	19.910277
1.320 	19.997009
1.321 	20.013778
1.322 	19.502592
1.323 	18.419061
1.324 	17.727285
1.325 	17.493489
1.326 	16.938997
1.327 	16.899678
1.328 	17.924468
1.329 	19.203972
1.330 	19.662547
1.331 	19.530595
1.332 	19.401254
1.333 	19.063501
1.334 	18.483040
1.335 	17.942945
1.336 	17.514773
1.337 	17.285479
1.338 	17.241171
1.339 	17.412705
1.340 	17.656831
1.341 	17.455361
1.342 	16.768290
1.343 	16.283819
1.344 	16.452410
1.345 	17.197135
1.346 	17.584434
1.347 	17.045004
1.348 	16.409944
1.349 	16.125309
1.350 	15.630370
1.351 	15.406278
1.352 	16.011234
1.353 	16.541286
1.354 	16.719330
1.355 	17.026417
1.356 	17.052114
1.357 	16.524583
1.358 	16.073744
1.359 	15.990330
1.360 	15.656512
1.361 	15.187961
1.362 	15.346609
1.363 	16.014287
1.364 	16.258604
1.365 	16.089180
1.366 	15.862225
1.367 	15.380198
1.368 	14.716707
1.369 	14.424001
1.370 	14.485579
1.371 	14.593423
1.372 	14.835369
1.373 	15.117516
1.374 	15.298820
1.375 	14.970361
1.376 	13.792981
1.377 	12.351527
1.378 	11.912287
1.379 	12.989694
1.380 	14.820175
1.381 	15.846280
1.382 	15.413254
1.383 	14.052664
1.384 	12.710704
1.385 	12.450602
1.386 	12.966729
1.387 	13.237531
1.388 	13.073463
1.389 	13.045264
1.390 	13.377164
1.391 	13.413431
1.392 	12.512223
1.393 	11.431409
1.394 	10.976393
1.395 	11.418319
1.396 	12.149455
1.397 	11.671353
1.398 	10.108811
1.399 	8.405414
1.400 	7.524793
1.401 	7.882670
1.402 	8.559218
1.403 	8.653744
1.404 	9.035054
1.405 	10.126427
1.406 	11.081496
1.407 	11.610711
1.408 	11.001522
1.409 	8.327089
1.410 	6.053995
1.411 	6.940970
1.412 	9.162949
1.413 	9.825527
1.414 	8.641870
1.415 	7.619665
1.416 	7.791359
1.417 	8.320172
1.418 	8.146001
1.419 	7.395110
1.420 	6.668770
1.421 	6.708592
1.422 	7.211672
1.423 	6.777309
1.424 	5.892926
1.425 	6.467319
1.426 	7.429045
1.427 	7.200676
1.428 	6.829658
1.429 	6.772822
1.430 	6.718888
1.431 	7.002906
1.432 	7.708304
1.433 	8.103538
1.434 	8.068426
1.435 	7.628914
1.436 	6.655209
1.437 	5.744915
1.438 	4.879395
1.439 	4.608676
1.440 	6.532755
1.441 	8.855660
1.442 	9.190157
1.443 	7.904551
1.444 	7.014432
1.445 	7.107167
1.446 	6.306307
1.447 	4.938869
1.448 	5.446775
1.449 	7.047923
1.450 	7.133928
1.451 	5.965987
1.452 	5.850655
1.453 	6.915301
1.454 	7.775242
1.455 	8.244060
1.456 	8.528981
1.457 	7.667567
1.458 	5.689816
1.459 	4.676850
1.460 	5.025110
1.461 	5.876146
1.462 	6.879926
1.463 	7.623910
1.464 	8.517935
1.465 	8.688780
1.466 	7.580579
1.467 	6.326258
1.468 	5.930570
1.469 	7.347882
1.470 	9.751961
1.471 	10.878211
1.472 	9.572009
1.473 	7.286914
1.474 	5.397598
1.475 	4.409254
1.476 	4.572529
1.477 	4.743597
1.478 	4.487334
1.479 	5.011533
1.480 	6.350779
1.481 	6.638698
1.482 	6.289438
1.483 	7.003124
1.484 	7.877459
1.485 	7.416452
1.486 	6.709641
1.487 	6.408487
1.488 	6.078104
1.489 	6.734827
1.490 	7.648214
1.491 	7.850992
1.492 	8.103905
1.493 	8.903192
1.494 	8.925878
1.495 	7.176894
1.496 	5.500440
1.497 	5.056195
1.498 	6.034486
1.499 	7.981823
1.500 	8.657658
1.501 	8.285482
1.502 	8.331869
1.503 	8.825644
1.504 	8.763737
1.505 	8.498241
1.506 	8.433565
1.507 	8.005844
1.508 	8.038029
1.509 	8.320905
1.510 	7.968621
1.511 	7.602840
1.512 	7.803003
1.513 	8.410516
1.514 	9.001104
1.515 	9.791176
1.516 	10.499673
1.517 	10.054738
1.518 	9.568016
1.519 	8.963909
1.520 	7.647660
1.521 	6.284280
1.522 	6.217919
1.523 	7.529622
1.524 	8.298708
1.525 	8.438547
1.526 	8.176571
1.527 	8.099273
1.528 	9.740943
1.529 	10.904139
1.530 	9.034830
1.531 	6.237737
1.532 	6.886225
1.533 	9.235416
1.534 	9.644978
1.535 	9.451303
1.536 	10.723079
1.537 	10.843023
1.538 	9.121219
1.539 	7.855271
1.540 	7.812786
1.541 	9.138907
1.542 	10.681201
1.543 	10.880159
1.544 	9.155629
1.545 	7.693075
1.546 	7.384564
1.547 	7.891992
1.548 	10.072725
1.549 	11.747897
1.550 	9.842953
1.551 	8.629359
1.552 	9.485307
1.553 	8.658334
1.554 	8.031362
1.555 	10.765605
1.556 	12.314037
1.557 	10.622795
1.558 	10.372084
1.559 	11.209276
1.560 	10.007301
1.561 	9.809271
1.562 	11.073183
1.563 	11.444132
1.564 	10.389711
1.565 	9.670591
1.566 	9.711640
1.567 	10.164689
1.568 	10.305840
1.569 	8.401043
1.570 	7.101140
1.571 	7.620195
1.572 	8.426916
1.573 	10.690708
1.574 	12.788217
1.575 	12.565765
1.576 	11.292945
1.577 	10.306043
1.578 	9.330027
1.579 	8.376061
1.580 	8.128131
1.581 	8.638340
1.582 	10.308413
1.583 	12.411138
1.584 	11.114489
1.585 	9.829037
1.586 	9.805296
1.587 	10.870181
1.588 	11.321069
1.589 	9.413399
1.590 	8.916618
1.591 	10.198428
1.592 	12.019666
1.593 	12.920671
1.594 	13.013073
1.595 	12.138928
1.596 	10.813275
1.597 	10.520663
1.598 	9.654706
1.599 	10.721988
1.600 	12.253034
1.601 	12.194827
1.602 	12.405705
1.603 	13.755787
1.604 	13.974946
1.605 	11.613244
1.606 	10.025141
1.607 	8.912966
1.608 	10.225324
1.609 	11.412599
1.610 	10.420936
1.611 	10.038876
1.612 	10.810071
1.613 	10.924756
1.614 	9.960732
1.615 	10.785795
1.616 	12.282612
1.617 	12.878929
1.618 	13.019208
1.619 	12.000952
1.620 	11.091148
1.621 	9.452877
1.622 	9.405306
1.623 	13.160904
1.624 	15.345225
1.625 	14.670451
1.626 	12.081534
1.627 	10.779710
1.628 	12.651099
1.629 	12.332181
1.630 	8.848948
1.631 	8.694330
1.632 	12.898414
1.633 	16.469715
1.634 	14.980360
1.635 	12.741319
1.636 	13.731657
1.637 	13.357377
1.638 	10.344386
1.639 	7.974562
1.640 	9.541596
1.641 	12.144308
1.642 	12.626135
1.643 	14.654284
1.644 	14.321459
1.645 	10.632087
1.646 	9.784607
1.647 	10.786469
1.648 	13.187496
1.649 	14.488010
1.650 	14.426606
1.651 	13.577093
1.652 	11.546025
1.653 	11.630427
1.654 	14.654098
1.655 	14.962945
1.656 	11.407483
1.657 	9.341882
1.658 	13.726367
1.659 	13.517257
1.660 	10.624355
1.661 	10.751331
1.662 	12.902997
1.663 	12.612051
1.664 	11.752659
1.665 	10.901723
1.666 	8.820107
1.667 	12.739166
1.668 	14.905322
1.669 	12.935837
1.670 	9.768938
1.671 	9.401129
1.672 	8.899721
1.673 	10.916250
1.674 	13.515262
1.675 	11.954633
1.676 	9.726606
1.677 	13.574103
1.678 	16.502274
1.679 	11.402994
1.680 	5.955889
1.681 	7.419720
1.682 	13.256841
1.683 	20.662360
1.684 	21.963253
1.685 	14.489884
1.686 	-3.823919
1.687 	1.415542
1.688 	10.255928
1.689 	16.432620
1.690 	14.250387
1.691 	8.932881
1.692 	6.698952
1.693 	24.110939
1.694 	26.916418
1.695 	15.737653
1.696 	-1.268478
1.697 	-9.180759
1.698 	-2.023188
1.699 	6.868099
1.700 	15.382692
