0.660 	26.554030
0.661 	34.542921
0.662 	36.381301
0.663 	30.466627
0.664 	30.208132
0.665 	30.945292
0.666 	32.087475
0.667 	25.596036
0.668 	30.810320
0.669 	30.176607
0.670 	31.460238
0.671 	28.893793
0.672 	31.702309
0.673 	29.043368
0.674 	29.877602
0.675 	32.582002
0.676 	30.468196
0.677 	33.474930
0.678 	30.104552
0.679 	27.791192
0.680 	27.189138
0.681 	28.640709
0.682 	26.544054
0.683 	29.023693
0.684 	31.079275
0.685 	31.862737
0.686 	28.674318
0.687 	29.506079
0.688 	32.525642
0.689 	31.428604
0.690 	31.210766
0.691 	34.401981
0.692 	27.658337
0.693 	30.706622
0.694 	28.778423
0.695 	31.112165
0.696 	28.506861
0.697 	29.771920
0.698 	28.535821
0.699 	31.642352
0.700 	32.087317
0.701 	32.803482
0.702 	32.902707
0.703 	32.801248
0.704 	34.693684
0.705 	30.736061
0.706 	29.382671
0.707 	29.388359
0.708 	30.439265
0.709 	32.725699
0.710 	31.522359
0.711 	29.369717
0.712 	29.953174
0.713 	32.804264
0.714 	33.091803
0.715 	29.984266
0.716 	29.212463
0.717 	28.567707
0.718 	30.558061
0.719 	30.230565
0.720 	30.874590
0.721 	31.515670
0.722 	33.684056
0.723 	34.614758
0.724 	31.457072
0.725 	28.645240
0.726 	27.185911
0.727 	29.269230
0.728 	33.441502
0.729 	33.113371
0.730 	32.594355
0.731 	28.870635
0.732 	26.950262
0.733 	27.325991
0.734 	30.713581
0.735 	31.922929
0.736 	31.605478
0.737 	30.146617
0.738 	29.993093
0.739 	30.765943
0.740 	31.068169
0.741 	30.241595
0.742 	31.339375
0.743 	30.251482
0.744 	28.484757
0.745 	30.912765
0.746 	33.181305
0.747 	31.351982
0.748 	30.683793
0.749 	30.687126
0.750 	30.012388
0.751 	30.265328
0.752 	30.469103
0.753 	31.649384
0.754 	30.923353
0.755 	29.656956
0.756 	30.137723
0.757 	30.065803
0.758 	29.874707
0.759 	29.317698
0.760 	29.446447
0.761 	31.593162
0.762 	31.301883
0.763 	30.012672
0.764 	29.593203
0.765 	29.592975
0.766 	30.409256
0.767 	31.000885
0.768 	30.897681
0.769 	30.833941
0.770 	30.077440
0.771 	28.454337
0.772 	28.636731
0.773 	30.969439
0.774 	31.741573
0.775 	31.455292
0.776 	30.620171
0.777 	30.417682
0.778 	31.553743
0.779 	31.226158
0.780 	29.127893
0.781 	28.417485
0.782 	30.504567
0.783 	31.866530
0.784 	30.661900
0.785 	30.262378
0.786 	31.377719
0.787 	29.772791
0.788 	27.708655
0.789 	27.827887
0.790 	28.332936
0.791 	29.823111
0.792 	31.018454
0.793 	30.847144
0.794 	30.389155
0.795 	30.512379
0.796 	29.698243
0.797 	30.221336
0.798 	32.304908
0.799 	31.029666
0.800 	29.287829
0.801 	30.158131
0.802 	29.807037
0.803 	29.270779
0.804 	30.060487
0.805 	30.837012
0.806 	29.941666
0.807 	29.147750
0.808 	29.940430
0.809 	30.799043
0.810 	30.986454
0.811 	30.039852
0.812 	29.025663
0.813 	29.667534
0.814 	30.127586
0.815 	29.920888
0.816 	29.219217
0.817 	28.112452
0.818 	27.768350
0.819 	28.661438
0.820 	29.675291
0.821 	29.560669
0.822 	30.024195
0.823 	30.963985
0.824 	30.146335
0.825 	28.718319
0.826 	28.123315
0.827 	28.825952
0.828 	29.207579
0.829 	28.979298
0.830 	29.035333
0.831 	29.051431
0.832 	28.549380
0.833 	28.569681
0.834 	29.177324
0.835 	30.036186
0.836 	30.232506
0.837 	28.800840
0.838 	27.576818
0.839 	28.603653
0.840 	29.505197
0.841 	28.877101
0.842 	29.237524
0.843 	30.837374
0.844 	31.138244
0.845 	30.208554
0.846 	29.527091
0.847 	29.488346
0.848 	29.232299
0.849 	27.896921
0.850 	26.888038
0.851 	27.543606
0.852 	28.683694
0.853 	29.037856
0.854 	29.083059
0.855 	29.311299
0.856 	29.462817
0.857 	29.506520
0.858 	29.113203
0.859 	28.654749
0.860 	28.091985
0.861 	27.786705
0.862 	28.678066
0.863 	29.524274
0.864 	29.424188
0.865 	29.170993
0.866 	28.601363
0.867 	28.272587
0.868 	28.501656
0.869 	28.323144
0.870 	27.929050
0.871 	27.974491
0.872 	28.926833
0.873 	30.022345
0.874 	29.809282
0.875 	28.877170
0.876 	28.959701
0.877 	29.431267
0.878 	29.054860
0.879 	27.901186
0.880 	27.270035
0.881 	27.488347
0.882 	27.635553
0.883 	27.772009
0.884 	27.912313
0.885 	27.709269
0.886 	27.443755
0.887 	27.903850
0.888 	28.633450
0.889 	28.557906
0.890 	28.541808
0.891 	28.933169
0.892 	28.932104
0.893 	28.856451
0.894 	28.416407
0.895 	27.352566
0.896 	26.800585
0.897 	27.082025
0.898 	27.572642
0.899 	28.172454
0.900 	28.839688
0.901 	29.429396
0.902 	29.535682
0.903 	29.084599
0.904 	28.892938
0.905 	28.890749
0.906 	28.265066
0.907 	27.750724
0.908 	27.783274
0.909 	27.523082
0.910 	26.904732
0.911 	26.578010
0.912 	26.567517
0.913 	26.954385
0.914 	27.352723
0.915 	27.127562
0.916 	26.950319
0.917 	27.311612
0.918 	27.305279
0.919 	26.346023
0.920 	25.649198
0.921 	26.571596
0.922 	28.055332
0.923 	28.570542
0.924 	28.319540
0.925 	28.103698
0.926 	28.105634
0.927 	27.714664
0.928 	27.112681
0.929 	27.065829
0.930 	27.397786
0.931 	27.726390
0.932 	27.878724
0.933 	27.617523
0.934 	27.449642
0.935 	27.744823
0.936 	28.013000
0.937 	27.553115
0.938 	26.670921
0.939 	26.141072
0.940 	26.676419
0.941 	27.416011
0.942 	28.097071
0.943 	28.644733
0.944 	27.770929
0.945 	26.068082
0.946 	25.749144
0.947 	26.429595
0.948 	26.168241
0.949 	25.722869
0.950 	26.645008
0.951 	26.770858
0.952 	25.809884
0.953 	25.488158
0.954 	25.544110
0.955 	26.404347
0.956 	26.743568
0.957 	27.725473
0.958 	27.662895
0.959 	26.961595
0.960 	26.218069
0.961 	25.794233
0.962 	25.892891
0.963 	25.987160
0.964 	25.700899
0.965 	25.620408
0.966 	26.268214
0.967 	25.954967
0.968 	26.322116
0.969 	27.478563
0.970 	26.649815
0.971 	25.718922
0.972 	25.850064
0.973 	26.326515
0.974 	26.473473
0.975 	26.039582
0.976 	25.148703
0.977 	25.062171
0.978 	25.016916
0.979 	25.123743
0.980 	25.575498
0.981 	25.315594
0.982 	25.608653
0.983 	25.672324
0.984 	25.482807
0.985 	26.071153
0.986 	25.753090
0.987 	25.232944
0.988 	25.311999
0.989 	26.312214
0.990 	26.987464
0.991 	26.661515
0.992 	26.305972
0.993 	25.254838
0.994 	24.809001
0.995 	25.320858
0.996 	25.157105
0.997 	24.800197
0.998 	24.619555
0.999 	25.177973
1.000 	25.774078
1.001 	25.927330
1.002 	26.242979
1.003 	26.082596
1.004 	25.282208
1.005 	25.380015
1.006 	26.157687
1.007 	26.197111
1.008 	25.581666
1.009 	25.078968
1.010 	25.046800
1.011 	25.489061
1.012 	26.292348
1.013 	26.229742
1.014 	25.106422
1.015 	24.966836
1.016 	25.484231
1.017 	25.588252
1.018 	25.694864
1.019 	25.674246
1.020 	25.338523
1.021 	25.337105
1.022 	25.196138
1.023 	25.342696
1.024 	24.490260
1.025 	24.090005
1.026 	25.838867
1.027 	28.305197
1.028 	28.371451
1.029 	26.843138
1.030 	26.047031
1.031 	26.048635
1.032 	25.457837
1.033 	24.729634
1.034 	25.307953
1.035 	25.806384
1.036 	26.319493
1.037 	26.703840
1.038 	26.945295
1.039 	27.093311
1.040 	26.233629
1.041 	25.847309
1.042 	25.923065
1.043 	25.297400
1.044 	25.507806
1.045 	26.002083
1.046 	25.686897
1.047 	25.282549
1.048 	24.943678
1.049 	24.592014
1.050 	25.082005
1.051 	26.150208
1.052 	26.999938
1.053 	26.765104
1.054 	26.047261
1.055 	25.942708
1.056 	26.646173
1.057 	27.267918
1.058 	26.846543
1.059 	26.388219
1.060 	26.367275
1.061 	25.614673
1.062 	23.884320
1.063 	24.130026
1.064 	26.156867
1.065 	27.376120
1.066 	27.108435
1.067 	26.096779
1.068 	25.536897
1.069 	25.315161
1.070 	25.068901
1.071 	25.419860
1.072 	26.217443
1.073 	26.935072
1.074 	27.295221
1.075 	26.912592
1.076 	26.256744
1.077 	25.802991
1.078 	25.885942
1.079 	26.604963
1.080 	27.222207
1.081 	27.268236
1.082 	27.210904
1.083 	26.660781
1.084 	25.099723
1.085 	24.229024
1.086 	25.101744
1.087 	26.510601
1.088 	26.755435
1.089 	25.824610
1.090 	24.549911
1.091 	24.308869
1.092 	24.358298
1.093 	24.646073
1.094 	25.582316
1.095 	26.094180
1.096 	25.413739
1.097 	25.055734
1.098 	25.809408
1.099 	26.201544
1.100 	25.789958
1.101 	25.584844
1.102 	26.081213
1.103 	26.504470
1.104 	26.164451
1.105 	25.377542
1.106 	25.001412
1.107 	25.499467
1.108 	26.238064
1.109 	26.371255
1.110 	26.811873
1.111 	27.086042
1.112 	26.428768
1.113 	26.054094
1.114 	26.409399
1.115 	26.667718
1.116 	26.407217
1.117 	26.015507
1.118 	25.930255
1.119 	25.561557
1.120 	25.252618
1.121 	25.942227
1.122 	26.224733
1.123 	26.152214
1.124 	26.821246
1.125 	27.106641
1.126 	26.285994
1.127 	25.251140
1.128 	24.540078
1.129 	24.164970
1.130 	24.578658
1.131 	25.074318
1.132 	24.415307
1.133 	23.263953
1.134 	23.632672
1.135 	25.296545
1.136 	25.897430
1.137 	25.204571
1.138 	24.944503
1.139 	25.687198
1.140 	26.058943
1.141 	25.592337
1.142 	24.451629
1.143 	23.681942
1.144 	24.498447
1.145 	25.334666
1.146 	24.923813
1.147 	24.171354
1.148 	24.158725
1.149 	24.955241
1.150 	25.427337
1.151 	25.005684
1.152 	24.116532
1.153 	23.579624
1.154 	23.232568
1.155 	22.619748
1.156 	22.179286
1.157 	21.964455
1.158 	21.914236
1.159 	21.880488
1.160 	21.594350
1.161 	21.743966
1.162 	22.377340
1.163 	22.616958
1.164 	22.215124
1.165 	21.565765
1.166 	21.170452
1.167 	21.441549
1.168 	22.207812
1.169 	22.730726
1.170 	22.496724
1.171 	21.769423
1.172 	21.352077
1.173 	21.545935
1.174 	22.139091
1.175 	22.512174
1.176 	22.340968
1.177 	22.077208
1.178 	22.107122
1.179 	22.343835
1.180 	22.097447
1.181 	21.130268
1.182 	20.739815
1.183 	21.544096
1.184 	22.259948
1.185 	22.071218
1.186 	21.406796
1.187 	20.992400
1.188 	20.934991
1.189 	20.655610
1.190 	20.393380
1.191 	20.584499
1.192 	20.985306
1.193 	21.165390
1.194 	20.520946
1.195 	19.496063
1.196 	19.324828
1.197 	19.977477
1.198 	20.965087
1.199 	21.665329
1.200 	21.710182
1.201 	21.310606
1.202 	20.873158
1.203 	20.450361
1.204 	19.998908
1.205 	19.756677
1.206 	19.495162
1.207 	19.700386
1.208 	20.534080
1.209 	21.033925
1.210 	20.971957
1.211 	20.869342
1.212 	20.643277
1.213 	20.417834
1.214 	20.334037
1.215 	20.243544
1.216 	20.437290
1.217 	20.828236
1.218 	21.026802
1.219 	21.294632
1.220 	21.770216
1.221 	22.218395
1.222 	22.652129
1.223 	22.899225
1.224 	21.871953
1.225 	20.033021
1.226 	19.344958
1.227 	19.859255
1.228 	20.387519
1.229 	20.614323
1.230 	20.574989
1.231 	20.472435
1.232 	20.782126
1.233 	21.038929
1.234 	20.593663
1.235 	20.277796
1.236 	20.981463
1.237 	22.076130
1.238 	22.700064
1.239 	22.724368
1.240 	22.419187
1.241 	21.683662
1.242 	21.267508
1.243 	21.485383
1.244 	21.586656
1.245 	21.135279
1.246 	21.106841
1.247 	22.011360
1.248 	22.616301
1.249 	22.220118
1.250 	21.472798
1.251 	20.931472
1.252 	20.729239
1.253 	21.096616
1.254 	21.953680
1.255 	22.749768
1.256 	23.078706
1.257 	22.933916
1.258 	22.261711
1.259 	21.828400
1.260 	22.299829
1.261 	23.093873
1.262 	23.201583
1.263 	22.269596
1.264 	20.828497
1.265 	20.148622
1.266 	21.191284
1.267 	22.432898
1.268 	22.596882
1.269 	22.212008
1.270 	21.947318
1.271 	21.939145
1.272 	22.459222
1.273 	22.709974
1.274 	21.867783
1.275 	21.109752
1.276 	21.824109
1.277 	22.924240
1.278 	22.977302
1.279 	21.841649
1.280 	20.640285
1.281 	20.609847
1.282 	21.694438
1.283 	23.040560
1.284 	23.745322
1.285 	23.160721
1.286 	21.559379
1.287 	20.500581
1.288 	20.451967
1.289 	21.328995
1.290 	22.479395
1.291 	23.087201
1.292 	22.797838
1.293 	21.908206
1.294 	21.615154
1.295 	22.535125
1.296 	23.761550
1.297 	24.095408
1.298 	23.423288
1.299 	22.318954
1.300 	21.940092
1.301 	22.273284
1.302 	22.242535
1.303 	21.646533
1.304 	20.912257
1.305 	20.426491
1.306 	20.335366
1.307 	20.419527
1.308 	20.586491
1.309 	20.840050
1.310 	21.222262
1.311 	21.636927
1.312 	21.630230
1.313 	21.377127
1.314 	20.903651
1.315 	20.154656
1.316 	19.791303
1.317 	20.322097
1.318 	20.882085
1.319 	21.038124
1.320 	21.174892
1.321 	21.534304
1.322 	21.504500
1.323 	20.964999
1.324 	20.648431
1.325 	20.653606
1.326 	20.751826
1.327 	21.458805
1.328 	22.172710
1.329 	22.247361
1.330 	21.757416
1.331 	20.668222
1.332 	19.555835
1.333 	19.496049
1.334 	20.254344
1.335 	20.690263
1.336 	20.337828
1.337 	19.673669
1.338 	19.188383
1.339 	19.169873
1.340 	19.769024
1.341 	20.062785
1.342 	19.475640
1.343 	18.744240
1.344 	18.406074
1.345 	18.360190
1.346 	18.460184
1.347 	18.596676
1.348 	18.949953
1.349 	19.786616
1.350 	20.469157
1.351 	20.096302
1.352 	18.799858
1.353 	17.543450
1.354 	17.048371
1.355 	17.455895
1.356 	18.056536
1.357 	18.119344
1.358 	17.755411
1.359 	18.075519
1.360 	18.891581
1.361 	18.617468
1.362 	16.996837
1.363 	15.717430
1.364 	15.918740
1.365 	17.122252
1.366 	18.092667
1.367 	18.512336
1.368 	18.409683
1.369 	17.983013
1.370 	17.007347
1.371 	16.305479
1.372 	17.112544
1.373 	18.205332
1.374 	18.215192
1.375 	17.742118
1.376 	17.214814
1.377 	16.656344
1.378 	16.229607
1.379 	15.755862
1.380 	15.722188
1.381 	16.635907
1.382 	17.406175
1.383 	16.913944
1.384 	15.467548
1.385 	14.602988
1.386 	15.023588
1.387 	15.345375
1.388 	14.916156
1.389 	14.559399
1.390 	14.637707
1.391 	14.581880
1.392 	13.664705
1.393 	12.464240
1.394 	12.441665
1.395 	13.899594
1.396 	15.039482
1.397 	14.272264
1.398 	12.719087
1.399 	11.271221
1.400 	10.431949
1.401 	10.769102
1.402 	12.001757
1.403 	13.038997
1.404 	13.484603
1.405 	13.215783
1.406 	12.267860
1.407 	11.762446
1.408 	11.735788
1.409 	10.415277
1.410 	8.485121
1.411 	8.347413
1.412 	9.331766
1.413 	9.354300
1.414 	8.359206
1.415 	7.970081
1.416 	8.749957
1.417 	9.553765
1.418 	9.609765
1.419 	9.605166
1.420 	9.775205
1.421 	10.334475
1.422 	11.205624
1.423 	11.214577
1.424 	10.091664
1.425 	9.337050
1.426 	9.475299
1.427 	9.945513
1.428 	10.324083
1.429 	9.712480
1.430 	8.455080
1.431 	7.890218
1.432 	8.567743
1.433 	9.791155
1.434 	10.504693
1.435 	9.929461
1.436 	8.704224
1.437 	8.555531
1.438 	8.758653
1.439 	8.811897
1.440 	10.091765
1.441 	11.410776
1.442 	10.869415
1.443 	8.891595
1.444 	7.443300
1.445 	7.702401
1.446 	8.529630
1.447 	8.974453
1.448 	9.315679
1.449 	9.239615
1.450 	8.388766
1.451 	7.409357
1.452 	7.459435
1.453 	8.649536
1.454 	10.006666
1.455 	10.711142
1.456 	10.575782
1.457 	9.595766
1.458 	8.652332
1.459 	8.738318
1.460 	9.203700
1.461 	9.513586
1.462 	9.398810
1.463 	8.510129
1.464 	8.237149
1.465 	9.434636
1.466 	10.307494
1.467 	9.046795
1.468 	7.160740
1.469 	7.616109
1.470 	9.986902
1.471 	11.772625
1.472 	11.166450
1.473 	9.497820
1.474 	8.601912
1.475 	8.367453
1.476 	8.319138
1.477 	8.262626
1.478 	8.959043
1.479 	9.964860
1.480 	9.436768
1.481 	7.917486
1.482 	6.662931
1.483 	6.544274
1.484 	8.184407
1.485 	10.000430
1.486 	10.651182
1.487 	10.525612
1.488 	10.290648
1.489 	9.987327
1.490 	9.268678
1.491 	8.277817
1.492 	8.144603
1.493 	9.489678
1.494 	10.327934
1.495 	9.659405
1.496 	8.994151
1.497 	8.512865
1.498 	8.332896
1.499 	9.274973
1.500 	10.025587
1.501 	10.268192
1.502 	11.047518
1.503 	11.495507
1.504 	10.735264
1.505 	10.304418
1.506 	10.354430
1.507 	9.859262
1.508 	9.577873
1.509 	9.506046
1.510 	9.332089
1.511 	8.816141
1.512 	8.428834
1.513 	8.908984
1.514 	10.339877
1.515 	12.142002
1.516 	12.466109
1.517 	10.895039
1.518 	11.184547
1.519 	12.073257
1.520 	10.809466
1.521 	8.656579
1.522 	7.937170
1.523 	9.696279
1.524 	12.736868
1.525 	14.132568
1.526 	13.403838
1.527 	12.616902
1.528 	12.042026
1.529 	11.207452
1.530 	10.344766
1.531 	8.908022
1.532 	8.678264
1.533 	10.649221
1.534 	11.439688
1.535 	10.954099
1.536 	12.038565
1.537 	13.523829
1.538 	13.281084
1.539 	11.525418
1.540 	10.057818
1.541 	10.521650
1.542 	12.146257
1.543 	12.498621
1.544 	11.702147
1.545 	11.853758
1.546 	12.629142
1.547 	13.032957
1.548 	12.138262
1.549 	11.165978
1.550 	12.061988
1.551 	13.032627
1.552 	12.177121
1.553 	9.731629
1.554 	9.531162
1.555 	12.012526
1.556 	13.057656
1.557 	12.851459
1.558 	12.762546
1.559 	13.681636
1.560 	13.183505
1.561 	11.751734
1.562 	12.034959
1.563 	12.285633
1.564 	11.357063
1.565 	11.511899
1.566 	12.866564
1.567 	14.546531
1.568 	14.861436
1.569 	12.967812
1.570 	10.161947
1.571 	8.973515
1.572 	11.332074
1.573 	13.190107
1.574 	13.428703
1.575 	14.286838
1.576 	14.071327
1.577 	13.063320
1.578 	12.612781
1.579 	12.782816
1.580 	13.838648
1.581 	13.766890
1.582 	12.685546
1.583 	12.587168
1.584 	13.065146
1.585 	14.186575
1.586 	13.867725
1.587 	11.934120
1.588 	12.311795
1.589 	13.944497
1.590 	13.925191
1.591 	12.774970
1.592 	12.274343
1.593 	13.027033
1.594 	14.830825
1.595 	14.221590
1.596 	11.024640
1.597 	11.387130
1.598 	13.902681
1.599 	13.720999
1.600 	13.044454
1.601 	12.780855
1.602 	12.301662
1.603 	14.555301
1.604 	17.017803
1.605 	15.923897
1.606 	14.941216
1.607 	14.772043
1.608 	13.839616
1.609 	11.109959
1.610 	9.840191
1.611 	12.305313
1.612 	16.211308
1.613 	16.667878
1.614 	13.995865
1.615 	13.072063
1.616 	13.663698
1.617 	14.823449
1.618 	15.438109
1.619 	15.211402
1.620 	14.343292
1.621 	13.817555
1.622 	15.284435
1.623 	17.419555
1.624 	17.963094
1.625 	15.608497
1.626 	13.322339
1.627 	14.210590
1.628 	14.334804
1.629 	13.463621
1.630 	12.001839
1.631 	11.274861
1.632 	11.843238
1.633 	14.858543
1.634 	17.433482
1.635 	14.965239
1.636 	13.471369
1.637 	15.336008
1.638 	16.257241
1.639 	14.127666
1.640 	10.209981
1.641 	11.051156
1.642 	14.894345
1.643 	18.507695
1.644 	21.761003
1.645 	20.264773
1.646 	14.795839
1.647 	13.078433
1.648 	14.098399
1.649 	16.708001
1.650 	16.745999
1.651 	13.438710
1.652 	12.916921
1.653 	14.097727
1.654 	16.972140
1.655 	17.085721
1.656 	14.516565
1.657 	12.626870
1.658 	13.985898
1.659 	14.316335
1.660 	12.370561
1.661 	13.664956
1.662 	15.789217
1.663 	15.089717
1.664 	14.489042
1.665 	14.589653
1.666 	11.585891
1.667 	13.501818
1.668 	15.252282
1.669 	15.054806
1.670 	12.464075
1.671 	17.284232
1.672 	17.122586
1.673 	15.939307
1.674 	12.351811
1.675 	8.394761
1.676 	10.985498
1.677 	18.432237
1.678 	24.242345
1.679 	13.139078
1.680 	11.771153
1.681 	14.479237
1.682 	14.698508
1.683 	19.756633
1.684 	18.731228
1.685 	10.295237
1.686 	2.262965
1.687 	14.895533
1.688 	30.277553
1.689 	25.439949
1.690 	12.415775
1.691 	9.171825
1.692 	8.195123
1.693 	17.318713
1.694 	26.268278
1.695 	16.848957
1.696 	6.327390
1.697 	7.925984
1.698 	5.539659
1.699 	0.394246
1.700 	17.013761
