0.66 42.625
0.661 47.868
0.662 45.844
0.663 51.325
0.664 49.167
0.665 43.56
0.666 49.765
0.667 44.344
0.668 47.96
0.669 42.282
0.67 46.865
0.671 49.574
0.672 45.666
0.673 44.92
0.674 47.131
0.675 46.794
0.676 47.211
0.677 47.1
0.678 46.85
0.679 42.676
0.68 42.006
0.681 49.282
0.682 44.952
0.683 45.313
0.684 46.293
0.685 44.424
0.686 44.344
0.687 42.129
0.688 43.608
0.689 46.604
0.69 43.087
0.691 42.714
0.692 44.906
0.693 41.564
0.694 42.531
0.695 44.526
0.696 47.314
0.697 41.976
0.698 41.036
0.699 40.199
0.7 38.313
0.701 44.183
0.702 45.59
0.703 42.942
0.704 41.176
0.705 43.15
0.706 45.917
0.707 43.826
0.708 42.379
0.709 43.199
0.71 41.063
0.711 39.154
0.712 39.973
0.713 41.288
0.714 39.049
0.715 42.391
0.716 42.335
0.717 41.935
0.718 43.722
0.719 42.931
0.72 38.9
0.721 38.511
0.722 40.654
0.723 41.84
0.724 39.866
0.725 40.676
0.726 43.315
0.727 43.611
0.728 39.806
0.729 38.029
0.73 41.344
0.731 41.92
0.732 40.692
0.733 40.881
0.734 41.257
0.735 41.217
0.736 41.732
0.737 39.854
0.738 38.522
0.739 38.505
0.74 40.363
0.741 41.353
0.742 40.369
0.743 39.863
0.744 40.157
0.745 38.698
0.746 37.064
0.747 38.938
0.748 39.948
0.749 38.961
0.75 39.099
0.751 39.346
0.752 39.602
0.753 39.237
0.754 39.706
0.755 40.11
0.756 39.509
0.757 38.778
0.758 37.905
0.759 38.038
0.76 39.315
0.761 38.928
0.762 39.054
0.763 39.072
0.764 38.506
0.765 38.684
0.766 39.206
0.767 38.6
0.768 39.054
0.769 40.265
0.77 40.0
0.771 38.447
0.772 37.529
0.773 38.401
0.774 38.55
0.775 37.88
0.776 38.069
0.777 39.021
0.778 38.178
0.779 37.631
0.78 38.396
0.781 39.07
0.782 39.047
0.783 38.622
0.784 38.808
0.785 38.674
0.786 37.741
0.787 36.803
0.788 38.438
0.789 38.891
0.79 37.762
0.791 38.803
0.792 39.421
0.793 38.695
0.794 38.101
0.795 38.173
0.796 37.807
0.797 37.463
0.798 37.937
0.799 38.793
0.8 38.798
0.801 37.547
0.802 37.802
0.803 39.235
0.804 39.091
0.805 38.212
0.806 38.314
0.807 38.152
0.808 38.013
0.809 38.169
0.81 37.977
0.811 37.045
0.812 36.628
0.813 37.866
0.814 38.726
0.815 38.272
0.816 37.584
0.817 37.126
0.818 37.083
0.819 36.861
0.82 36.545
0.821 35.83
0.822 35.561
0.823 37.08
0.824 38.711
0.825 38.652
0.826 36.899
0.827 35.952
0.828 37.063
0.829 37.844
0.83 37.84
0.831 37.582
0.832 37.297
0.833 36.939
0.834 37.291
0.835 38.086
0.836 38.959
0.837 39.452
0.838 37.982
0.839 36.623
0.84 36.724
0.841 36.543
0.842 36.336
0.843 36.336
0.844 35.791
0.845 36.101
0.846 36.531
0.847 36.164
0.848 37.192
0.849 39.07
0.85 39.197
0.851 37.81
0.852 36.76
0.853 36.215
0.854 36.066
0.855 36.75
0.856 37.509
0.857 37.295
0.858 36.76
0.859 36.399
0.86 36.367
0.861 36.301
0.862 36.024
0.863 36.276
0.864 36.731
0.865 36.954
0.866 37.376
0.867 37.39
0.868 36.29
0.869 35.039
0.87 34.918
0.871 35.929
0.872 37.2
0.873 37.69
0.874 37.101
0.875 36.05
0.876 35.525
0.877 35.21
0.878 34.775
0.879 34.813
0.88 35.542
0.881 36.607
0.882 37.142
0.883 36.336
0.884 35.469
0.885 35.631
0.886 35.591
0.887 35.118
0.888 35.466
0.889 36.092
0.89 36.752
0.891 37.478
0.892 37.019
0.893 35.673
0.894 34.955
0.895 35.497
0.896 35.914
0.897 35.496
0.898 34.894
0.899 34.562
0.9 34.161
0.901 34.294
0.902 35.383
0.903 35.365
0.904 34.485
0.905 34.212
0.906 34.34
0.907 34.43
0.908 35.016
0.909 35.409
0.91 34.598
0.911 33.673
0.912 33.789
0.913 34.841
0.914 35.815
0.915 35.962
0.916 35.888
0.917 35.133
0.918 34.073
0.919 33.823
0.92 34.216
0.921 34.324
0.922 33.741
0.923 33.465
0.924 33.872
0.925 34.081
0.926 34.09
0.927 34.262
0.928 34.729
0.929 34.534
0.93 33.81
0.931 33.321
0.932 33.666
0.933 34.073
0.934 33.766
0.935 33.978
0.936 34.627
0.937 34.624
0.938 34.274
0.939 34.039
0.94 33.756
0.941 33.346
0.942 33.458
0.943 33.321
0.944 32.545
0.945 31.536
0.946 31.553
0.947 32.652
0.948 33.714
0.949 34.101
0.95 34.247
0.951 34.034
0.952 33.457
0.953 32.781
0.954 31.567
0.955 31.541
0.956 32.08
0.957 32.204
0.958 32.566
0.959 32.828
0.96 32.603
0.961 31.637
0.962 30.86
0.963 31.393
0.964 31.815
0.965 31.742
0.966 31.778
0.967 32.214
0.968 32.696
0.969 32.335
0.97 31.154
0.971 30.837
0.972 30.812
0.973 30.408
0.974 30.83
0.975 30.993
0.976 32.012
0.977 31.846
0.978 31.155
0.979 31.017
0.98 31.034
0.981 30.749
0.982 31.003
0.983 31.699
0.984 30.789
0.985 30.425
0.986 31.968
0.987 31.748
0.988 30.849
0.989 30.893
0.99 30.956
0.991 31.47
0.992 30.363
0.993 29.571
0.994 30.438
0.995 30.96
0.996 30.683
0.997 30.823
0.998 30.476
0.999 29.61
1.0 30.178
1.001 30.894
1.002 30.773
1.003 30.662
1.004 31.632
1.005 32.0
1.006 30.675
1.007 29.501
1.008 30.679
1.009 31.458
1.01 31.491
1.011 31.817
1.012 31.415
1.013 30.12
1.014 29.606
1.015 30.077
1.016 30.81
1.017 30.636
1.018 30.393
1.019 30.664
1.02 30.407
1.021 30.776
1.022 31.127
1.023 30.447
1.024 31.108
1.025 32.072
1.026 31.57
1.027 30.333
1.028 29.876
1.029 29.972
1.03 30.509
1.031 31.112
1.032 31.266
1.033 31.212
1.034 31.298
1.035 31.275
1.036 30.599
1.037 30.673
1.038 31.313
1.039 30.705
1.04 30.237
1.041 30.359
1.042 31.292
1.043 31.515
1.044 30.17
1.045 29.529
1.046 30.423
1.047 30.866
1.048 30.583
1.049 30.173
1.05 30.591
1.051 31.471
1.052 31.674
1.053 31.746
1.054 32.141
1.055 31.956
1.056 31.357
1.057 31.249
1.058 31.553
1.059 31.282
1.06 30.591
1.061 30.237
1.062 30.194
1.063 30.346
1.064 30.522
1.065 30.792
1.066 30.882
1.067 30.927
1.068 31.27
1.069 31.093
1.07 30.328
1.071 29.882
1.072 30.199
1.073 30.862
1.074 31.488
1.075 31.989
1.076 32.032
1.077 31.348
1.078 31.072
1.079 30.617
1.08 29.407
1.081 28.954
1.082 29.897
1.083 30.927
1.084 31.271
1.085 31.063
1.086 31.219
1.087 31.741
1.088 31.264
1.089 30.522
1.09 30.272
1.091 29.902
1.092 30.028
1.093 30.614
1.094 31.358
1.095 31.99
1.096 31.885
1.097 31.907
1.098 32.316
1.099 31.685
1.1 30.368
1.101 30.477
1.102 31.187
1.103 31.011
1.104 30.769
1.105 31.04
1.106 31.123
1.107 30.655
1.108 30.396
1.109 30.421
1.11 30.135
1.111 29.838
1.112 29.605
1.113 29.28
1.114 29.377
1.115 29.961
1.116 30.211
1.117 30.144
1.118 30.492
1.119 30.482
1.12 29.752
1.121 29.347
1.122 29.341
1.123 29.369
1.124 29.136
1.125 29.215
1.126 30.372
1.127 31.77
1.128 32.24
1.129 31.617
1.13 30.484
1.131 29.46
1.132 28.339
1.133 27.615
1.134 28.086
1.135 28.703
1.136 28.364
1.137 27.648
1.138 27.684
1.139 28.153
1.14 28.257
1.141 28.383
1.142 28.954
1.143 28.758
1.144 27.155
1.145 26.207
1.146 26.55
1.147 26.851
1.148 26.83
1.149 26.66
1.15 26.483
1.151 26.428
1.152 26.507
1.153 26.606
1.154 26.656
1.155 26.411
1.156 26.394
1.157 27.119
1.158 27.635
1.159 27.383
1.16 26.504
1.161 25.803
1.162 25.76
1.163 25.988
1.164 26.456
1.165 27.029
1.166 27.343
1.167 27.09
1.168 26.474
1.169 26.162
1.17 25.973
1.171 25.676
1.172 25.81
1.173 26.002
1.174 25.556
1.175 25.289
1.176 26.127
1.177 27.612
1.178 28.22
1.179 27.544
1.18 26.953
1.181 26.904
1.182 26.891
1.183 26.8
1.184 26.563
1.185 26.41
1.186 26.481
1.187 26.431
1.188 25.465
1.189 24.22
1.19 24.24
1.191 25.311
1.192 26.45
1.193 27.254
1.194 27.38
1.195 26.034
1.196 24.087
1.197 23.531
1.198 24.529
1.199 26.271
1.2 27.407
1.201 27.009
1.202 26.001
1.203 25.673
1.204 25.907
1.205 26.014
1.206 25.067
1.207 23.931
1.208 24.562
1.209 26.383
1.21 27.56
1.211 28.047
1.212 28.142
1.213 27.409
1.214 26.72
1.215 26.123
1.216 25.433
1.217 25.415
1.218 26.255
1.219 27.267
1.22 27.401
1.221 26.478
1.222 25.587
1.223 25.281
1.224 25.563
1.225 26.501
1.226 27.562
1.227 27.758
1.228 26.941
1.229 26.141
1.23 26.075
1.231 26.493
1.232 27.12
1.233 27.603
1.234 27.55
1.235 27.139
1.236 27.048
1.237 27.456
1.238 27.903
1.239 28.027
1.24 27.799
1.241 27.546
1.242 27.374
1.243 27.203
1.244 26.88
1.245 26.629
1.246 26.127
1.247 25.429
1.248 25.204
1.249 25.679
1.25 26.235
1.251 26.8
1.252 27.49
1.253 28.202
1.254 28.533
1.255 28.533
1.256 28.514
1.257 28.442
1.258 28.178
1.259 28.002
1.26 28.2
1.261 29.043
1.262 29.591
1.263 28.87
1.264 27.589
1.265 26.818
1.266 26.98
1.267 27.623
1.268 27.848
1.269 27.196
1.27 26.555
1.271 26.771
1.272 27.078
1.273 27.192
1.274 27.681
1.275 28.495
1.276 28.863
1.277 28.638
1.278 27.752
1.279 26.422
1.28 25.328
1.281 25.323
1.282 26.713
1.283 28.385
1.284 28.687
1.285 27.599
1.286 26.516
1.287 25.958
1.288 26.32
1.289 27.106
1.29 27.063
1.291 26.425
1.292 26.502
1.293 27.2
1.294 27.531
1.295 27.01
1.296 26.46
1.297 26.676
1.298 26.712
1.299 25.728
1.3 24.846
1.301 25.087
1.302 25.958
1.303 27.199
1.304 27.886
1.305 27.706
1.306 27.27
1.307 27.086
1.308 26.587
1.309 25.931
1.31 25.67
1.311 25.534
1.312 25.132
1.313 24.724
1.314 25.206
1.315 26.166
1.316 26.128
1.317 25.36
1.318 25.39
1.319 26.524
1.32 27.145
1.321 25.9
1.322 24.18
1.323 24.535
1.324 26.35
1.325 27.417
1.326 27.016
1.327 26.01
1.328 24.766
1.329 23.567
1.33 23.392
1.331 23.438
1.332 22.94
1.333 22.805
1.334 23.623
1.335 24.638
1.336 24.7
1.337 23.824
1.338 23.105
1.339 22.744
1.34 22.73
1.341 22.801
1.342 22.603
1.343 22.799
1.344 23.743
1.345 24.282
1.346 23.753
1.347 23.2
1.348 23.124
1.349 22.322
1.35 21.021
1.351 20.294
1.352 20.227
1.353 20.584
1.354 21.442
1.355 22.017
1.356 21.773
1.357 21.444
1.358 21.432
1.359 21.766
1.36 22.792
1.361 23.598
1.362 22.826
1.363 20.763
1.364 19.189
1.365 19.128
1.366 20.393
1.367 21.427
1.368 21.369
1.369 21.024
1.37 20.617
1.371 19.978
1.372 20.028
1.373 20.848
1.374 21.259
1.375 20.568
1.376 19.802
1.377 20.057
1.378 20.0
1.379 18.169
1.38 15.842
1.381 15.293
1.382 16.282
1.383 16.589
1.384 15.759
1.385 15.385
1.386 16.105
1.387 16.497
1.388 16.24
1.389 16.053
1.39 16.551
1.391 16.768
1.392 15.445
1.393 14.277
1.394 14.025
1.395 13.7
1.396 14.04
1.397 14.889
1.398 14.611
1.399 13.376
1.4 12.743
1.401 13.205
1.402 14.053
1.403 15.092
1.404 15.874
1.405 15.334
1.406 13.672
1.407 12.653
1.408 13.042
1.409 13.628
1.41 14.1
1.411 14.645
1.412 13.768
1.413 11.868
1.414 11.492
1.415 12.208
1.416 12.411
1.417 13.002
1.418 14.047
1.419 14.749
1.42 14.469
1.421 12.816
1.422 11.17
1.423 10.581
1.424 11.023
1.425 12.643
1.426 14.621
1.427 14.978
1.428 13.891
1.429 12.484
1.43 11.223
1.431 11.056
1.432 12.2
1.433 13.752
1.434 14.989
1.435 14.782
1.436 13.626
1.437 12.875
1.438 12.574
1.439 12.016
1.44 11.385
1.441 11.683
1.442 12.96
1.443 13.901
1.444 13.501
1.445 12.991
1.446 12.555
1.447 11.603
1.448 10.93
1.449 11.385
1.45 12.955
1.451 14.404
1.452 13.981
1.453 12.219
1.454 11.635
1.455 12.594
1.456 13.871
1.457 14.291
1.458 14.276
1.459 14.788
1.46 15.324
1.461 15.395
1.462 14.286
1.463 12.894
1.464 12.985
1.465 13.088
1.466 12.649
1.467 12.747
1.468 12.96
1.469 13.953
1.47 15.412
1.471 15.157
1.472 13.533
1.473 13.604
1.474 15.32
1.475 15.29
1.476 14.058
1.477 14.518
1.478 15.385
1.479 14.245
1.48 12.848
1.481 12.87
1.482 13.355
1.483 14.342
1.484 16.661
1.485 17.703
1.486 16.111
1.487 15.027
1.488 14.959
1.489 14.923
1.49 15.321
1.491 16.046
1.492 16.433
1.493 15.791
1.494 14.674
1.495 13.77
1.496 14.073
1.497 14.763
1.498 14.98
1.499 14.007
1.5 12.143
1.501 12.486
1.502 15.159
1.503 17.165
1.504 17.022
1.505 15.625
1.506 14.27
1.507 13.338
1.508 13.8
1.509 15.298
1.51 15.995
1.511 15.92
1.512 16.377
1.513 16.755
1.514 16.421
1.515 15.827
1.516 15.742
1.517 16.116
1.518 17.406
1.519 18.891
1.52 18.812
1.521 17.624
1.522 16.52
1.523 16.111
1.524 16.476
1.525 16.295
1.526 14.554
1.527 14.088
1.528 15.152
1.529 15.643
1.53 16.738
1.531 18.45
1.532 17.4
1.533 14.372
1.534 13.913
1.535 15.065
1.536 16.468
1.537 18.847
1.538 20.859
1.539 20.276
1.54 18.765
1.541 18.491
1.542 17.78
1.543 17.108
1.544 17.535
1.545 17.991
1.546 17.131
1.547 17.568
1.548 18.573
1.549 18.052
1.55 18.936
1.551 20.406
1.552 20.055
1.553 19.029
1.554 17.43
1.555 15.378
1.556 16.04
1.557 18.091
1.558 18.448
1.559 17.295
1.56 16.361
1.561 15.783
1.562 16.121
1.563 18.434
1.564 19.711
1.565 18.114
1.566 16.778
1.567 18.551
1.568 19.967
1.569 18.634
1.57 16.995
1.571 19.173
1.572 20.363
1.573 18.793
1.574 18.713
1.575 19.275
1.576 19.991
1.577 19.879
1.578 20.32
1.579 21.542
1.58 20.443
1.581 17.856
1.582 16.403
1.583 17.234
1.584 19.806
1.585 22.472
1.586 23.258
1.587 20.639
1.588 18.854
1.589 20.893
1.59 21.438
1.591 18.603
1.592 17.652
1.593 19.26
1.594 20.86
1.595 20.075
1.596 17.636
1.597 16.061
1.598 16.354
1.599 18.896
1.6 20.075
1.601 20.029
1.602 18.979
1.603 18.756
1.604 20.303
1.605 19.773
1.606 18.48
1.607 22.613
1.608 25.158
1.609 22.628
1.61 21.053
1.611 22.392
1.612 22.523
1.613 21.107
1.614 20.773
1.615 20.9
1.616 18.697
1.617 17.33
1.618 19.194
1.619 19.653
1.62 21.622
1.621 21.932
1.622 18.131
1.623 16.812
1.624 19.782
1.625 21.936
1.626 22.177
1.627 21.421
1.628 21.615
1.629 22.187
1.63 20.312
1.631 17.851
1.632 19.431
1.633 20.517
1.634 21.397
1.635 22.133
1.636 22.313
1.637 20.794
1.638 21.623
1.639 23.027
1.64 18.797
1.641 17.521
1.642 20.312
1.643 22.785
1.644 22.45
1.645 22.719
1.646 20.478
1.647 22.096
1.648 23.54
1.649 21.214
1.65 20.012
1.651 23.006
1.652 21.393
1.653 16.708
1.654 18.054
1.655 21.157
1.656 20.012
1.657 20.823
1.658 23.012
1.659 21.679
1.66 19.934
1.661 20.434
1.662 21.609
1.663 17.739
1.664 18.099
1.665 16.667
1.666 13.421
1.667 16.492
1.668 20.737
1.669 17.041
1.67 15.359
1.671 14.786
1.672 19.248
1.673 18.672
1.674 11.374
1.675 15.304
1.676 21.231
1.677 23.023
1.678 21.37
1.679 16.324
1.68 18.909
1.681 18.85
1.682 19.38
1.683 20.617
1.684 15.252
1.685 24.728
1.686 12.415
1.687 7.923
1.688 10.801
1.689 24.339
1.69 31.022
1.691 32.679
1.692 11.299
1.693 15.9
1.694 33.745
1.695 20.086
1.696 17.735
1.697 24.75
1.698 8.511
1.699 -4.897
1.7 13.49
