0.660 	42.725703
0.661 	39.730996
0.662 	37.027935
0.663 	39.243310
0.664 	42.283832
0.665 	39.936661
0.666 	37.953026
0.667 	39.106605
0.668 	43.864224
0.669 	41.794848
0.670 	38.350802
0.671 	39.211845
0.672 	42.225710
0.673 	41.338635
0.674 	40.527059
0.675 	41.301372
0.676 	39.858258
0.677 	41.011743
0.678 	39.742583
0.679 	39.929954
0.680 	39.982437
0.681 	38.463073
0.682 	40.330568
0.683 	41.816188
0.684 	40.837876
0.685 	41.160141
0.686 	39.929804
0.687 	39.976633
0.688 	41.092971
0.689 	40.265810
0.690 	40.209462
0.691 	39.794389
0.692 	38.743181
0.693 	39.672005
0.694 	41.409097
0.695 	41.091938
0.696 	39.889658
0.697 	39.993430
0.698 	40.262453
0.699 	39.053078
0.700 	38.042008
0.701 	39.517364
0.702 	40.006576
0.703 	40.859167
0.704 	41.253582
0.705 	40.022557
0.706 	38.295533
0.707 	39.220043
0.708 	40.852993
0.709 	40.858184
0.710 	39.575049
0.711 	38.630381
0.712 	39.985208
0.713 	40.068949
0.714 	39.170706
0.715 	39.818428
0.716 	39.893466
0.717 	38.378306
0.718 	38.474872
0.719 	38.832860
0.720 	39.391733
0.721 	40.371944
0.722 	40.136161
0.723 	38.117061
0.724 	37.603537
0.725 	37.855435
0.726 	38.766884
0.727 	39.041052
0.728 	38.732571
0.729 	38.259881
0.730 	39.137384
0.731 	40.395244
0.732 	39.366151
0.733 	37.588875
0.734 	38.201821
0.735 	39.549874
0.736 	39.390254
0.737 	39.206127
0.738 	38.653462
0.739 	38.642837
0.740 	39.438670
0.741 	39.796422
0.742 	38.575806
0.743 	38.082761
0.744 	39.299023
0.745 	38.932157
0.746 	38.817237
0.747 	39.406502
0.748 	39.090995
0.749 	38.444034
0.750 	38.858144
0.751 	39.131552
0.752 	38.741276
0.753 	38.054583
0.754 	37.346980
0.755 	37.493532
0.756 	37.515528
0.757 	37.606693
0.758 	38.117441
0.759 	38.027981
0.760 	38.506838
0.761 	38.692316
0.762 	38.073234
0.763 	37.468139
0.764 	38.259404
0.765 	39.551460
0.766 	39.760860
0.767 	39.814356
0.768 	39.389405
0.769 	38.827676
0.770 	39.060276
0.771 	39.370739
0.772 	39.177781
0.773 	38.213842
0.774 	37.452525
0.775 	37.642842
0.776 	38.125235
0.777 	38.631639
0.778 	38.882522
0.779 	38.193260
0.780 	37.287127
0.781 	37.736155
0.782 	38.588127
0.783 	38.930152
0.784 	38.344551
0.785 	37.139333
0.786 	36.734515
0.787 	38.278666
0.788 	39.138349
0.789 	38.736090
0.790 	38.475377
0.791 	38.546857
0.792 	38.550736
0.793 	38.020763
0.794 	37.601453
0.795 	38.025260
0.796 	38.309078
0.797 	38.007200
0.798 	37.971308
0.799 	38.499674
0.800 	38.399715
0.801 	38.242112
0.802 	38.292090
0.803 	38.061562
0.804 	38.106017
0.805 	38.758601
0.806 	39.092468
0.807 	38.883243
0.808 	38.851293
0.809 	38.595033
0.810 	38.068358
0.811 	37.687174
0.812 	37.649397
0.813 	37.768706
0.814 	37.870257
0.815 	38.382254
0.816 	38.745713
0.817 	38.593915
0.818 	38.405216
0.819 	37.786613
0.820 	37.241554
0.821 	37.345415
0.822 	37.555628
0.823 	37.270563
0.824 	36.810641
0.825 	36.961361
0.826 	37.433949
0.827 	37.687718
0.828 	37.400620
0.829 	37.099631
0.830 	37.167575
0.831 	37.306885
0.832 	37.483128
0.833 	37.698679
0.834 	37.667302
0.835 	37.563771
0.836 	37.919002
0.837 	38.670069
0.838 	38.881855
0.839 	38.334586
0.840 	37.630278
0.841 	37.200309
0.842 	36.977981
0.843 	36.532610
0.844 	36.362130
0.845 	36.863978
0.846 	37.187242
0.847 	37.065957
0.848 	36.917572
0.849 	37.069343
0.850 	37.691280
0.851 	38.288884
0.852 	38.323843
0.853 	38.152124
0.854 	37.838520
0.855 	37.148290
0.856 	36.512513
0.857 	36.446758
0.858 	36.606113
0.859 	36.813183
0.860 	37.275438
0.861 	37.180958
0.862 	36.581642
0.863 	36.325424
0.864 	36.488713
0.865 	36.707057
0.866 	36.879843
0.867 	36.885120
0.868 	36.839168
0.869 	36.923892
0.870 	36.949682
0.871 	36.913422
0.872 	36.805432
0.873 	36.641031
0.874 	36.645839
0.875 	36.650303
0.876 	36.584190
0.877 	36.753123
0.878 	36.901456
0.879 	36.645552
0.880 	36.173303
0.881 	35.871055
0.882 	35.813779
0.883 	35.780001
0.884 	35.955360
0.885 	36.354002
0.886 	36.445599
0.887 	36.332315
0.888 	36.592956
0.889 	36.996161
0.890 	37.003898
0.891 	36.604725
0.892 	35.969589
0.893 	35.391713
0.894 	35.381685
0.895 	35.535008
0.896 	35.649461
0.897 	36.071280
0.898 	36.572964
0.899 	36.842268
0.900 	37.129769
0.901 	37.399957
0.902 	36.998042
0.903 	36.041268
0.904 	35.434974
0.905 	35.610012
0.906 	36.093174
0.907 	36.026066
0.908 	35.394003
0.909 	34.969537
0.910 	35.292912
0.911 	35.837590
0.912 	36.267442
0.913 	36.447546
0.914 	36.166975
0.915 	35.779883
0.916 	35.803559
0.917 	35.670551
0.918 	35.145594
0.919 	35.187438
0.920 	35.784560
0.921 	36.300795
0.922 	36.562424
0.923 	36.278493
0.924 	35.579753
0.925 	35.311188
0.926 	35.607581
0.927 	35.473269
0.928 	34.669898
0.929 	34.094331
0.930 	34.491327
0.931 	35.526865
0.932 	36.416135
0.933 	36.431699
0.934 	35.448556
0.935 	34.671312
0.936 	34.887560
0.937 	35.607553
0.938 	36.103433
0.939 	35.808593
0.940 	34.979584
0.941 	34.443052
0.942 	34.806116
0.943 	35.360834
0.944 	35.294527
0.945 	34.723603
0.946 	34.336554
0.947 	34.060067
0.948 	33.429303
0.949 	33.163895
0.950 	33.761589
0.951 	34.142207
0.952 	33.676803
0.953 	33.514506
0.954 	33.657370
0.955 	33.650016
0.956 	33.602204
0.957 	33.502744
0.958 	33.172202
0.959 	32.867000
0.960 	32.995636
0.961 	33.468211
0.962 	33.697507
0.963 	33.725335
0.964 	33.810354
0.965 	33.610079
0.966 	33.366783
0.967 	33.103938
0.968 	33.192915
0.969 	33.328648
0.970 	33.289182
0.971 	33.514544
0.972 	33.458852
0.973 	33.433215
0.974 	33.577408
0.975 	33.103574
0.976 	32.912472
0.977 	33.178573
0.978 	33.191325
0.979 	33.513946
0.980 	33.526433
0.981 	33.513517
0.982 	33.637179
0.983 	33.906599
0.984 	34.036895
0.985 	33.612960
0.986 	33.031393
0.987 	32.823395
0.988 	33.050394
0.989 	33.438641
0.990 	33.354154
0.991 	33.464257
0.992 	33.735411
0.993 	33.360676
0.994 	32.735350
0.995 	32.743330
0.996 	32.882616
0.997 	33.166761
0.998 	33.434986
0.999 	33.024877
1.000 	32.833105
1.001 	33.266422
1.002 	33.708479
1.003 	33.891866
1.004 	33.237019
1.005 	32.514802
1.006 	32.685866
1.007 	33.252672
1.008 	33.536498
1.009 	33.311149
1.010 	33.280903
1.011 	33.719092
1.012 	33.683578
1.013 	33.349401
1.014 	33.732227
1.015 	34.831395
1.016 	34.732280
1.017 	33.501616
1.018 	32.597100
1.019 	32.365989
1.020 	32.513921
1.021 	33.176127
1.022 	34.074723
1.023 	34.193446
1.024 	33.637152
1.025 	33.429302
1.026 	33.628240
1.027 	33.538431
1.028 	33.429040
1.029 	33.315251
1.030 	33.069414
1.031 	32.948671
1.032 	33.035267
1.033 	33.335001
1.034 	33.811608
1.035 	34.069494
1.036 	34.093388
1.037 	33.988914
1.038 	33.585285
1.039 	32.968005
1.040 	32.808864
1.041 	33.023401
1.042 	33.206394
1.043 	33.088278
1.044 	33.003626
1.045 	33.483990
1.046 	33.867749
1.047 	33.604763
1.048 	33.296254
1.049 	33.640956
1.050 	34.381559
1.051 	34.434831
1.052 	33.685286
1.053 	33.448807
1.054 	33.810954
1.055 	33.620745
1.056 	33.184340
1.057 	33.382874
1.058 	33.755031
1.059 	33.499619
1.060 	32.943268
1.061 	32.940193
1.062 	33.393489
1.063 	33.373809
1.064 	33.082384
1.065 	33.495443
1.066 	33.986585
1.067 	34.077411
1.068 	34.047467
1.069 	33.611574
1.070 	33.315176
1.071 	33.663913
1.072 	33.881131
1.073 	33.317801
1.074 	32.811114
1.075 	33.158606
1.076 	33.623793
1.077 	33.695427
1.078 	33.929794
1.079 	34.226172
1.080 	34.133774
1.081 	33.981214
1.082 	34.038232
1.083 	33.823325
1.084 	33.347160
1.085 	33.036401
1.086 	33.067475
1.087 	33.308866
1.088 	33.430620
1.089 	33.354786
1.090 	33.116483
1.091 	32.907252
1.092 	33.110858
1.093 	33.670857
1.094 	33.940334
1.095 	33.729842
1.096 	33.578686
1.097 	33.656528
1.098 	33.773048
1.099 	33.708922
1.100 	33.489577
1.101 	33.309739
1.102 	33.226562
1.103 	33.289289
1.104 	33.326555
1.105 	33.349807
1.106 	33.361835
1.107 	33.171739
1.108 	32.941237
1.109 	33.093050
1.110 	33.342087
1.111 	33.018661
1.112 	32.543915
1.113 	32.508470
1.114 	32.545112
1.115 	32.446897
1.116 	32.465086
1.117 	32.426137
1.118 	32.042961
1.119 	31.605636
1.120 	31.736279
1.121 	32.481010
1.122 	33.207231
1.123 	33.481198
1.124 	33.253449
1.125 	32.789687
1.126 	32.391873
1.127 	32.118012
1.128 	31.907488
1.129 	31.939415
1.130 	32.215129
1.131 	32.156590
1.132 	31.737134
1.133 	31.699912
1.134 	31.873759
1.135 	31.606367
1.136 	31.149047
1.137 	31.015516
1.138 	31.003009
1.139 	30.554503
1.140 	29.927255
1.141 	29.565928
1.142 	29.513942
1.143 	29.894567
1.144 	30.743184
1.145 	31.199513
1.146 	30.711460
1.147 	30.048225
1.148 	29.764714
1.149 	29.730871
1.150 	29.884018
1.151 	29.869572
1.152 	29.582546
1.153 	29.582385
1.154 	29.881629
1.155 	30.044341
1.156 	29.944419
1.157 	29.777485
1.158 	29.710232
1.159 	29.624220
1.160 	29.453145
1.161 	29.419279
1.162 	29.707951
1.163 	29.998893
1.164 	29.887630
1.165 	29.601848
1.166 	29.360071
1.167 	29.088944
1.168 	28.917333
1.169 	28.963333
1.170 	29.038308
1.171 	28.851824
1.172 	28.648456
1.173 	28.834924
1.174 	29.211155
1.175 	29.692444
1.176 	30.140443
1.177 	30.046578
1.178 	29.242100
1.179 	28.630590
1.180 	28.690817
1.181 	28.917378
1.182 	28.868592
1.183 	28.676394
1.184 	28.686869
1.185 	28.774785
1.186 	29.006483
1.187 	29.565842
1.188 	29.784357
1.189 	29.363731
1.190 	28.840268
1.191 	28.672031
1.192 	28.736492
1.193 	28.949196
1.194 	29.126637
1.195 	29.135272
1.196 	28.975491
1.197 	28.641185
1.198 	28.283510
1.199 	28.290613
1.200 	28.700832
1.201 	29.235278
1.202 	29.612354
1.203 	29.560038
1.204 	29.190745
1.205 	29.150363
1.206 	29.586279
1.207 	29.863124
1.208 	29.753065
1.209 	29.320962
1.210 	28.840683
1.211 	28.414889
1.212 	28.111933
1.213 	28.070982
1.214 	28.470294
1.215 	29.303006
1.216 	30.111073
1.217 	30.125857
1.218 	29.483198
1.219 	28.787962
1.220 	28.662535
1.221 	28.942181
1.222 	29.363156
1.223 	29.834238
1.224 	30.218967
1.225 	30.229915
1.226 	29.964546
1.227 	29.817488
1.228 	29.903282
1.229 	29.892470
1.230 	29.859347
1.231 	29.952996
1.232 	30.005479
1.233 	30.021513
1.234 	30.030981
1.235 	29.845115
1.236 	29.491210
1.237 	29.090278
1.238 	28.904004
1.239 	29.284003
1.240 	29.601227
1.241 	29.515956
1.242 	29.553593
1.243 	29.937896
1.244 	30.172538
1.245 	30.324591
1.246 	30.761838
1.247 	30.843303
1.248 	30.115648
1.249 	29.503048
1.250 	29.847528
1.251 	30.540926
1.252 	30.922000
1.253 	30.825348
1.254 	30.447368
1.255 	30.098070
1.256 	30.169819
1.257 	30.390557
1.258 	30.466781
1.259 	30.081371
1.260 	29.333788
1.261 	28.892418
1.262 	29.259314
1.263 	29.935934
1.264 	30.396596
1.265 	30.695484
1.266 	30.879894
1.267 	30.508389
1.268 	29.663113
1.269 	29.021119
1.270 	29.296902
1.271 	30.043982
1.272 	30.540248
1.273 	30.571551
1.274 	30.932936
1.275 	31.569717
1.276 	31.298253
1.277 	30.103267
1.278 	29.243343
1.279 	29.621720
1.280 	30.436182
1.281 	30.779652
1.282 	30.352097
1.283 	29.614444
1.284 	29.402395
1.285 	29.670189
1.286 	29.812110
1.287 	29.647522
1.288 	29.254279
1.289 	29.030472
1.290 	29.435679
1.291 	30.008447
1.292 	30.354192
1.293 	30.508823
1.294 	30.686616
1.295 	30.783783
1.296 	30.564030
1.297 	30.267393
1.298 	29.950236
1.299 	29.504430
1.300 	29.213674
1.301 	29.279778
1.302 	29.330986
1.303 	29.288331
1.304 	29.410144
1.305 	29.503400
1.306 	29.257496
1.307 	28.866486
1.308 	28.627849
1.309 	28.344324
1.310 	28.005918
1.311 	28.054456
1.312 	28.605741
1.313 	29.384306
1.314 	29.921725
1.315 	29.887560
1.316 	29.319040
1.317 	28.560214
1.318 	27.805061
1.319 	27.553358
1.320 	27.918539
1.321 	28.329670
1.322 	28.136331
1.323 	27.639552
1.324 	27.439601
1.325 	27.607838
1.326 	27.774467
1.327 	27.724940
1.328 	27.801404
1.329 	28.290323
1.330 	28.747955
1.331 	28.450335
1.332 	27.445139
1.333 	26.799128
1.334 	27.030126
1.335 	27.479993
1.336 	27.340922
1.337 	26.825355
1.338 	26.623519
1.339 	27.057277
1.340 	27.598943
1.341 	27.609422
1.342 	27.409352
1.343 	27.337839
1.344 	27.434274
1.345 	27.611288
1.346 	27.605009
1.347 	27.080480
1.348 	26.438091
1.349 	25.943908
1.350 	25.493959
1.351 	25.480030
1.352 	26.012016
1.353 	26.305921
1.354 	26.289579
1.355 	26.296782
1.356 	26.160781
1.357 	26.018990
1.358 	26.606132
1.359 	27.436448
1.360 	27.500675
1.361 	26.495303
1.362 	25.205974
1.363 	24.732290
1.364 	25.199182
1.365 	25.423022
1.366 	25.198858
1.367 	25.213133
1.368 	25.285567
1.369 	24.923539
1.370 	24.185665
1.371 	23.656981
1.372 	24.052437
1.373 	25.025785
1.374 	25.564279
1.375 	25.315750
1.376 	24.711107
1.377 	24.142997
1.378 	23.554883
1.379 	23.202898
1.380 	23.612870
1.381 	24.460616
1.382 	24.676035
1.383 	24.253187
1.384 	23.898986
1.385 	23.600127
1.386 	23.027476
1.387 	22.337326
1.388 	21.723074
1.389 	21.601391
1.390 	22.437744
1.391 	23.323888
1.392 	23.263686
1.393 	22.339807
1.394 	21.649423
1.395 	21.459093
1.396 	21.254938
1.397 	20.796125
1.398 	20.320614
1.399 	20.001447
1.400 	19.952294
1.401 	20.709649
1.402 	21.864599
1.403 	22.203464
1.404 	22.137550
1.405 	22.337933
1.406 	22.280742
1.407 	21.452391
1.408 	20.478830
1.409 	20.089144
1.410 	19.953908
1.411 	19.890320
1.412 	20.021113
1.413 	20.229024
1.414 	20.426275
1.415 	20.500180
1.416 	20.776481
1.417 	21.269488
1.418 	21.028091
1.419 	20.218964
1.420 	19.763792
1.421 	19.760274
1.422 	19.838329
1.423 	20.227279
1.424 	20.796086
1.425 	21.254345
1.426 	21.364187
1.427 	21.057473
1.428 	20.839572
1.429 	20.883659
1.430 	20.773482
1.431 	20.524300
1.432 	20.261794
1.433 	19.751507
1.434 	19.330343
1.435 	19.879189
1.436 	20.956314
1.437 	21.448946
1.438 	21.337746
1.439 	21.182206
1.440 	20.974204
1.441 	20.828632
1.442 	20.585591
1.443 	20.136114
1.444 	19.802360
1.445 	19.151137
1.446 	17.955863
1.447 	17.390543
1.448 	18.074042
1.449 	19.451412
1.450 	20.437071
1.451 	20.869136
1.452 	21.061198
1.453 	20.920553
1.454 	20.543308
1.455 	20.139109
1.456 	19.832380
1.457 	19.989986
1.458 	20.782660
1.459 	21.556818
1.460 	21.326297
1.461 	20.355799
1.462 	20.043927
1.463 	20.494853
1.464 	20.819403
1.465 	20.566944
1.466 	19.938214
1.467 	19.470804
1.468 	19.774097
1.469 	20.625764
1.470 	21.340188
1.471 	21.425892
1.472 	20.842783
1.473 	20.648720
1.474 	20.990228
1.475 	20.672465
1.476 	19.876713
1.477 	20.144497
1.478 	21.245156
1.479 	21.788040
1.480 	21.650443
1.481 	21.264807
1.482 	20.871590
1.483 	20.743443
1.484 	20.852087
1.485 	20.591549
1.486 	20.189448
1.487 	20.460755
1.488 	21.237507
1.489 	21.648436
1.490 	21.253103
1.491 	20.832029
1.492 	20.753113
1.493 	20.155497
1.494 	19.667004
1.495 	20.613066
1.496 	21.875073
1.497 	21.802324
1.498 	21.096188
1.499 	20.786764
1.500 	21.096417
1.501 	21.749101
1.502 	22.075160
1.503 	21.795498
1.504 	21.339074
1.505 	21.241569
1.506 	21.235421
1.507 	20.865048
1.508 	20.428378
1.509 	20.623478
1.510 	21.464065
1.511 	21.745466
1.512 	21.304937
1.513 	21.563745
1.514 	22.155368
1.515 	22.035548
1.516 	22.296803
1.517 	22.840863
1.518 	22.220207
1.519 	20.845858
1.520 	20.026899
1.521 	19.770256
1.522 	20.276893
1.523 	21.503441
1.524 	21.786933
1.525 	21.421310
1.526 	21.247245
1.527 	21.615112
1.528 	22.079193
1.529 	21.946988
1.530 	22.102500
1.531 	21.913603
1.532 	21.216562
1.533 	21.739348
1.534 	22.643675
1.535 	22.321665
1.536 	21.764649
1.537 	22.121679
1.538 	22.584588
1.539 	22.480397
1.540 	22.288035
1.541 	22.186562
1.542 	22.926669
1.543 	23.909504
1.544 	23.682435
1.545 	21.742305
1.546 	20.352180
1.547 	21.089416
1.548 	22.853177
1.549 	23.711246
1.550 	22.648922
1.551 	21.754722
1.552 	21.870913
1.553 	22.057654
1.554 	22.174913
1.555 	22.714968
1.556 	23.619619
1.557 	23.413176
1.558 	22.269440
1.559 	22.435185
1.560 	23.002870
1.561 	22.453004
1.562 	21.584382
1.563 	21.644849
1.564 	23.147976
1.565 	23.510778
1.566 	22.533460
1.567 	21.457186
1.568 	20.876709
1.569 	22.259908
1.570 	24.683018
1.571 	25.198720
1.572 	24.316933
1.573 	23.725600
1.574 	23.275387
1.575 	23.094845
1.576 	22.810846
1.577 	23.127918
1.578 	23.979997
1.579 	24.577088
1.580 	24.869373
1.581 	24.736292
1.582 	24.654200
1.583 	24.370639
1.584 	24.006127
1.585 	24.393353
1.586 	24.216985
1.587 	23.410781
1.588 	22.814344
1.589 	22.046546
1.590 	22.334234
1.591 	23.558059
1.592 	24.157118
1.593 	24.780024
1.594 	24.366815
1.595 	23.054617
1.596 	22.714237
1.597 	23.383442
1.598 	25.440536
1.599 	26.005405
1.600 	24.318866
1.601 	23.342451
1.602 	23.805385
1.603 	24.957929
1.604 	24.922914
1.605 	23.348642
1.606 	23.146485
1.607 	23.923473
1.608 	24.571579
1.609 	25.841090
1.610 	26.510083
1.611 	24.372766
1.612 	21.954962
1.613 	22.602186
1.614 	23.990947
1.615 	23.595491
1.616 	23.230083
1.617 	24.080061
1.618 	25.268154
1.619 	25.461462
1.620 	24.249211
1.621 	23.901995
1.622 	25.046624
1.623 	25.990395
1.624 	26.058320
1.625 	24.424905
1.626 	22.939132
1.627 	23.307928
1.628 	23.731369
1.629 	24.399904
1.630 	23.799724
1.631 	23.943607
1.632 	26.091734
1.633 	26.337691
1.634 	24.127688
1.635 	22.850042
1.636 	24.610166
1.637 	26.388701
1.638 	27.044766
1.639 	25.879971
1.640 	25.107082
1.641 	24.993208
1.642 	25.538109
1.643 	25.118038
1.644 	23.593721
1.645 	22.715377
1.646 	22.166168
1.647 	23.459152
1.648 	25.530826
1.649 	25.730394
1.650 	24.700487
1.651 	24.087783
1.652 	25.484457
1.653 	27.049613
1.654 	25.236794
1.655 	22.833651
1.656 	23.251891
1.657 	24.692420
1.658 	26.721213
1.659 	25.586403
1.660 	24.943807
1.661 	23.990943
1.662 	24.055004
1.663 	27.051851
1.664 	26.863746
1.665 	26.322939
1.666 	24.916943
1.667 	22.679687
1.668 	19.600061
1.669 	21.660435
1.670 	26.005480
1.671 	27.028778
1.672 	26.541342
1.673 	25.923161
1.674 	24.892598
1.675 	25.408010
1.676 	25.729237
1.677 	24.024771
1.678 	21.489404
1.679 	25.408633
1.680 	30.051542
1.681 	27.756416
1.682 	22.982918
1.683 	23.290882
1.684 	25.635431
1.685 	25.489339
1.686 	23.029732
1.687 	22.709985
1.688 	23.818743
1.689 	27.005369
1.690 	29.622922
1.691 	30.031123
1.692 	22.942626
1.693 	16.448307
1.694 	25.889561
1.695 	28.699945
1.696 	19.239184
1.697 	20.734944
1.698 	28.183939
1.699 	21.822238
1.700 	15.498826
