0.660 	34.173262
0.661 	32.563885
0.662 	34.145582
0.663 	34.790995
0.664 	31.946730
0.665 	33.515546
0.666 	34.978180
0.667 	34.893357
0.668 	36.967309
0.669 	35.061987
0.670 	32.369059
0.671 	33.942258
0.672 	36.424815
0.673 	33.456010
0.674 	32.097094
0.675 	36.757527
0.676 	34.906081
0.677 	35.382137
0.678 	36.237599
0.679 	33.781997
0.680 	33.084865
0.681 	33.810046
0.682 	34.061804
0.683 	35.490684
0.684 	35.450714
0.685 	35.196233
0.686 	32.822654
0.687 	33.495738
0.688 	36.169677
0.689 	35.049229
0.690 	35.078950
0.691 	33.926888
0.692 	33.900299
0.693 	35.556291
0.694 	35.843965
0.695 	34.681570
0.696 	32.987377
0.697 	35.029061
0.698 	34.324912
0.699 	32.904904
0.700 	32.118553
0.701 	35.068967
0.702 	36.205155
0.703 	35.211684
0.704 	34.353834
0.705 	32.794286
0.706 	32.793554
0.707 	34.248855
0.708 	34.069931
0.709 	33.012076
0.710 	31.462101
0.711 	32.069579
0.712 	34.778633
0.713 	36.144256
0.714 	34.291380
0.715 	33.125533
0.716 	33.665592
0.717 	32.540975
0.718 	32.090745
0.719 	33.498876
0.720 	34.820449
0.721 	35.203819
0.722 	34.037428
0.723 	32.053157
0.724 	30.728136
0.725 	31.508026
0.726 	33.698913
0.727 	35.232882
0.728 	34.526963
0.729 	33.105341
0.730 	32.155375
0.731 	32.442372
0.732 	33.469284
0.733 	33.339380
0.734 	32.627449
0.735 	32.926588
0.736 	32.017765
0.737 	31.170705
0.738 	32.190947
0.739 	32.370602
0.740 	32.915568
0.741 	33.824026
0.742 	33.247891
0.743 	32.985404
0.744 	32.964343
0.745 	31.704624
0.746 	31.672767
0.747 	32.856114
0.748 	33.035779
0.749 	32.912051
0.750 	32.173248
0.751 	31.620684
0.752 	32.434592
0.753 	33.089553
0.754 	32.593409
0.755 	32.001232
0.756 	31.707791
0.757 	32.409813
0.758 	33.038067
0.759 	32.242012
0.760 	31.249963
0.761 	31.023934
0.762 	31.420741
0.763 	31.745591
0.764 	31.782768
0.765 	32.541313
0.766 	33.465240
0.767 	33.826104
0.768 	33.148798
0.769 	31.883204
0.770 	31.723344
0.771 	32.479224
0.772 	33.230807
0.773 	33.395920
0.774 	33.294081
0.775 	32.970923
0.776 	32.299427
0.777 	31.428041
0.778 	30.983531
0.779 	31.198333
0.780 	31.047784
0.781 	30.813919
0.782 	31.251567
0.783 	31.544810
0.784 	31.760592
0.785 	31.888252
0.786 	31.720974
0.787 	31.936914
0.788 	32.164700
0.789 	32.375684
0.790 	32.221752
0.791 	32.077362
0.792 	32.200503
0.793 	32.123436
0.794 	31.903623
0.795 	31.616963
0.796 	31.171318
0.797 	30.972458
0.798 	31.311671
0.799 	32.110915
0.800 	31.970047
0.801 	31.356293
0.802 	31.342286
0.803 	31.460381
0.804 	31.538222
0.805 	31.680573
0.806 	31.169709
0.807 	30.723255
0.808 	31.171216
0.809 	31.538090
0.810 	31.111568
0.811 	30.977089
0.812 	31.469336
0.813 	31.684405
0.814 	31.521135
0.815 	31.444373
0.816 	31.093309
0.817 	30.866743
0.818 	31.168429
0.819 	31.691964
0.820 	32.042218
0.821 	31.570893
0.822 	31.074421
0.823 	30.741579
0.824 	30.295534
0.825 	30.556009
0.826 	30.990070
0.827 	30.946458
0.828 	30.556097
0.829 	30.196853
0.830 	29.997503
0.831 	29.885045
0.832 	30.056784
0.833 	30.323601
0.834 	30.435773
0.835 	30.480937
0.836 	30.766853
0.837 	31.410729
0.838 	31.475216
0.839 	30.763445
0.840 	29.959583
0.841 	29.558173
0.842 	29.843646
0.843 	30.091142
0.844 	29.743933
0.845 	29.407751
0.846 	29.582126
0.847 	29.986438
0.848 	29.983366
0.849 	29.676954
0.850 	30.037043
0.851 	30.858606
0.852 	31.289718
0.853 	31.104527
0.854 	30.492852
0.855 	29.983312
0.856 	29.627877
0.857 	29.646258
0.858 	30.275138
0.859 	30.834142
0.860 	30.708633
0.861 	29.812721
0.862 	29.252307
0.863 	29.812604
0.864 	30.374556
0.865 	30.363161
0.866 	30.468593
0.867 	30.293731
0.868 	29.743377
0.869 	29.448930
0.870 	29.597278
0.871 	30.361367
0.872 	30.736573
0.873 	30.155344
0.874 	29.803980
0.875 	29.610150
0.876 	29.079049
0.877 	28.937466
0.878 	29.344326
0.879 	29.605772
0.880 	29.552937
0.881 	29.259143
0.882 	28.959155
0.883 	29.006200
0.884 	29.336871
0.885 	29.579420
0.886 	29.641046
0.887 	29.794614
0.888 	30.156496
0.889 	30.366769
0.890 	30.175903
0.891 	29.573518
0.892 	28.560456
0.893 	27.569265
0.894 	27.408191
0.895 	27.966822
0.896 	28.844022
0.897 	29.440033
0.898 	29.278839
0.899 	28.640162
0.900 	28.242658
0.901 	28.039912
0.902 	28.185268
0.903 	28.722645
0.904 	29.035263
0.905 	29.165710
0.906 	29.331130
0.907 	29.122853
0.908 	28.667215
0.909 	28.358403
0.910 	28.332650
0.911 	28.582110
0.912 	29.077825
0.913 	29.253230
0.914 	28.648173
0.915 	28.241065
0.916 	28.606468
0.917 	28.579953
0.918 	27.649742
0.919 	27.202977
0.920 	27.638146
0.921 	28.147261
0.922 	28.366568
0.923 	28.339226
0.924 	28.162339
0.925 	28.202108
0.926 	28.477287
0.927 	28.232393
0.928 	27.373463
0.929 	26.605508
0.930 	26.693175
0.931 	27.442580
0.932 	28.249859
0.933 	28.512927
0.934 	28.130796
0.935 	27.981890
0.936 	28.210241
0.937 	28.114396
0.938 	27.904468
0.939 	27.861966
0.940 	27.697161
0.941 	26.937620
0.942 	26.396785
0.943 	26.468346
0.944 	27.059690
0.945 	27.388009
0.946 	27.141735
0.947 	26.483791
0.948 	26.117003
0.949 	26.330398
0.950 	26.881148
0.951 	26.966136
0.952 	26.334667
0.953 	25.809823
0.954 	25.894262
0.955 	25.856396
0.956 	26.005937
0.957 	26.275879
0.958 	26.293595
0.959 	25.863293
0.960 	25.523876
0.961 	25.652073
0.962 	25.907464
0.963 	26.227848
0.964 	26.560154
0.965 	26.123894
0.966 	25.466063
0.967 	25.414058
0.968 	25.734398
0.969 	25.821464
0.970 	25.500608
0.971 	25.639704
0.972 	26.098285
0.973 	26.321933
0.974 	25.981056
0.975 	25.439177
0.976 	25.400589
0.977 	25.606667
0.978 	25.376559
0.979 	25.563582
0.980 	26.180515
0.981 	26.329519
0.982 	26.355921
0.983 	26.372676
0.984 	26.422135
0.985 	26.004804
0.986 	25.356044
0.987 	25.049410
0.988 	25.297146
0.989 	25.842963
0.990 	26.124571
0.991 	25.986394
0.992 	25.609535
0.993 	25.404334
0.994 	25.431478
0.995 	25.723201
0.996 	25.763137
0.997 	25.416682
0.998 	25.221389
0.999 	25.176762
1.000 	25.319438
1.001 	25.484333
1.002 	25.499233
1.003 	26.113616
1.004 	26.065910
1.005 	25.538501
1.006 	25.795059
1.007 	26.622850
1.008 	26.907495
1.009 	26.244137
1.010 	25.448067
1.011 	25.080497
1.012 	24.678431
1.013 	25.027023
1.014 	26.263474
1.015 	27.076275
1.016 	26.904463
1.017 	26.260889
1.018 	25.702919
1.019 	25.559137
1.020 	25.512760
1.021 	26.013498
1.022 	26.969376
1.023 	27.171866
1.024 	26.342262
1.025 	25.443771
1.026 	25.251762
1.027 	25.428117
1.028 	25.808127
1.029 	26.064974
1.030 	26.256351
1.031 	26.556022
1.032 	26.535836
1.033 	26.245205
1.034 	25.954898
1.035 	25.877859
1.036 	26.455999
1.037 	26.909504
1.038 	26.528603
1.039 	25.578175
1.040 	25.128393
1.041 	25.455683
1.042 	26.343862
1.043 	27.032426
1.044 	26.768040
1.045 	26.270330
1.046 	26.289022
1.047 	26.618628
1.048 	26.835685
1.049 	27.002070
1.050 	26.799077
1.051 	26.224137
1.052 	26.104473
1.053 	26.637328
1.054 	26.660437
1.055 	25.694041
1.056 	25.105522
1.057 	25.542740
1.058 	26.125577
1.059 	26.001075
1.060 	25.542105
1.061 	25.559120
1.062 	26.059969
1.063 	26.394082
1.064 	26.232825
1.065 	26.064629
1.066 	25.950945
1.067 	25.972981
1.068 	26.001982
1.069 	25.620989
1.070 	25.708170
1.071 	26.256494
1.072 	26.239768
1.073 	26.079379
1.074 	26.276884
1.075 	26.475967
1.076 	26.446567
1.077 	26.528055
1.078 	26.731534
1.079 	26.397106
1.080 	25.724879
1.081 	25.366040
1.082 	25.443778
1.083 	25.932490
1.084 	26.294054
1.085 	26.209600
1.086 	26.148791
1.087 	26.274801
1.088 	26.235075
1.089 	25.863350
1.090 	25.610857
1.091 	25.791058
1.092 	25.805897
1.093 	25.308762
1.094 	25.008972
1.095 	25.549169
1.096 	26.179889
1.097 	26.000735
1.098 	25.437345
1.099 	25.161540
1.100 	24.801936
1.101 	24.457763
1.102 	24.660177
1.103 	25.227477
1.104 	25.668204
1.105 	25.647215
1.106 	25.528392
1.107 	25.803113
1.108 	25.945297
1.109 	25.840927
1.110 	25.753664
1.111 	25.213930
1.112 	24.615292
1.113 	24.696101
1.114 	25.044931
1.115 	25.205116
1.116 	25.049718
1.117 	24.738612
1.118 	24.560622
1.119 	24.378373
1.120 	24.396968
1.121 	24.924437
1.122 	25.505091
1.123 	25.372268
1.124 	24.408224
1.125 	23.768033
1.126 	24.204684
1.127 	24.770071
1.128 	24.598578
1.129 	23.935982
1.130 	23.566684
1.131 	23.498792
1.132 	23.126235
1.133 	22.869009
1.134 	22.934881
1.135 	22.943457
1.136 	22.999555
1.137 	23.036683
1.138 	23.114472
1.139 	23.157376
1.140 	22.984212
1.141 	22.626552
1.142 	22.018648
1.143 	21.559031
1.144 	21.980243
1.145 	22.646026
1.146 	22.345953
1.147 	21.497566
1.148 	21.134173
1.149 	21.153914
1.150 	21.121341
1.151 	21.198398
1.152 	21.485867
1.153 	21.608517
1.154 	21.215014
1.155 	20.649933
1.156 	20.460031
1.157 	20.582203
1.158 	20.984631
1.159 	21.347046
1.160 	21.259604
1.161 	21.124743
1.162 	21.423636
1.163 	21.732915
1.164 	21.525048
1.165 	21.185538
1.166 	21.092439
1.167 	21.074855
1.168 	21.195838
1.169 	21.224175
1.170 	20.894992
1.171 	20.642505
1.172 	20.764613
1.173 	21.024879
1.174 	20.981341
1.175 	20.536919
1.176 	20.150896
1.177 	20.208203
1.178 	20.681539
1.179 	21.218120
1.180 	21.642446
1.181 	21.677994
1.182 	21.141964
1.183 	20.411623
1.184 	20.205589
1.185 	20.740115
1.186 	21.303163
1.187 	21.344231
1.188 	20.904255
1.189 	20.431562
1.190 	20.234703
1.191 	20.250764
1.192 	20.278010
1.193 	20.362014
1.194 	20.437138
1.195 	20.244265
1.196 	19.753664
1.197 	19.295104
1.198 	19.183583
1.199 	19.607390
1.200 	20.425730
1.201 	20.968283
1.202 	21.040336
1.203 	20.935480
1.204 	20.806947
1.205 	20.639186
1.206 	20.520556
1.207 	20.453412
1.208 	20.331164
1.209 	20.118765
1.210 	20.101415
1.211 	20.174077
1.212 	19.929327
1.213 	19.726931
1.214 	20.113363
1.215 	20.769859
1.216 	21.185320
1.217 	21.181553
1.218 	20.898815
1.219 	20.433965
1.220 	20.020185
1.221 	19.990081
1.222 	20.571905
1.223 	21.310694
1.224 	21.781166
1.225 	21.963486
1.226 	21.984013
1.227 	22.018543
1.228 	21.967653
1.229 	21.417463
1.230 	20.636969
1.231 	20.409397
1.232 	20.668107
1.233 	21.047270
1.234 	21.206029
1.235 	21.031477
1.236 	20.900064
1.237 	20.964831
1.238 	20.941283
1.239 	20.689811
1.240 	20.390616
1.241 	20.459601
1.242 	21.225720
1.243 	22.053232
1.244 	22.328165
1.245 	22.041141
1.246 	21.562810
1.247 	21.121152
1.248 	20.842559
1.249 	20.924391
1.250 	21.402658
1.251 	21.974748
1.252 	22.462997
1.253 	22.461203
1.254 	22.040287
1.255 	21.745288
1.256 	21.818866
1.257 	21.750014
1.258 	21.441302
1.259 	21.218815
1.260 	21.275278
1.261 	21.512669
1.262 	21.616088
1.263 	21.489280
1.264 	21.079793
1.265 	20.745478
1.266 	20.832525
1.267 	20.786285
1.268 	20.179996
1.269 	19.732865
1.270 	20.410440
1.271 	21.458784
1.272 	22.068353
1.273 	22.204688
1.274 	22.185569
1.275 	21.858566
1.276 	21.248575
1.277 	20.729047
1.278 	20.554302
1.279 	20.637073
1.280 	20.745390
1.281 	20.863492
1.282 	20.916052
1.283 	21.019930
1.284 	21.487390
1.285 	22.044431
1.286 	22.222761
1.287 	21.584059
1.288 	20.575932
1.289 	20.138796
1.290 	20.445503
1.291 	20.879776
1.292 	21.320345
1.293 	21.467848
1.294 	21.213865
1.295 	20.831875
1.296 	20.662408
1.297 	20.615398
1.298 	20.322442
1.299 	19.815124
1.300 	19.696182
1.301 	20.105145
1.302 	20.345426
1.303 	20.244383
1.304 	20.227850
1.305 	20.302277
1.306 	20.224056
1.307 	20.069328
1.308 	19.976371
1.309 	19.753791
1.310 	19.476714
1.311 	19.441392
1.312 	19.488047
1.313 	19.429233
1.314 	19.415200
1.315 	19.598868
1.316 	19.947445
1.317 	20.140880
1.318 	19.775796
1.319 	18.906483
1.320 	18.226824
1.321 	18.184693
1.322 	18.727175
1.323 	19.312023
1.324 	19.133706
1.325 	18.136584
1.326 	17.024568
1.327 	16.783674
1.328 	17.675635
1.329 	18.867130
1.330 	19.409952
1.331 	19.082109
1.332 	17.952163
1.333 	16.847223
1.334 	16.662205
1.335 	17.064969
1.336 	17.160381
1.337 	17.186719
1.338 	17.656603
1.339 	18.179308
1.340 	18.103122
1.341 	17.473670
1.342 	17.150036
1.343 	17.392717
1.344 	18.166271
1.345 	18.861084
1.346 	18.696655
1.347 	17.707553
1.348 	16.873214
1.349 	16.354511
1.350 	15.936923
1.351 	16.040889
1.352 	16.712638
1.353 	17.163219
1.354 	17.174754
1.355 	16.780301
1.356 	16.039993
1.357 	15.388688
1.358 	15.822561
1.359 	16.899413
1.360 	17.464741
1.361 	16.866738
1.362 	15.848406
1.363 	15.327415
1.364 	15.547790
1.365 	15.918086
1.366 	16.048101
1.367 	16.041387
1.368 	15.803724
1.369 	15.075035
1.370 	14.087338
1.371 	13.682896
1.372 	14.194801
1.373 	14.617968
1.374 	14.414383
1.375 	14.193976
1.376 	14.078304
1.377 	13.683694
1.378 	13.363259
1.379 	13.415520
1.380 	13.659309
1.381 	13.964463
1.382 	13.900839
1.383 	13.334340
1.384 	12.679567
1.385 	12.424991
1.386 	12.310289
1.387 	11.791443
1.388 	11.199346
1.389 	11.326902
1.390 	11.985869
1.391 	12.273048
1.392 	12.211870
1.393 	12.361880
1.394 	12.194401
1.395 	11.107303
1.396 	10.285540
1.397 	10.531473
1.398 	11.443378
1.399 	11.867620
1.400 	11.352223
1.401 	10.680267
1.402 	10.192543
1.403 	9.903547
1.404 	10.466952
1.405 	11.903771
1.406 	12.678467
1.407 	12.110500
1.408 	10.936161
1.409 	9.975003
1.410 	9.367061
1.411 	9.451083
1.412 	10.078044
1.413 	10.217367
1.414 	9.542107
1.415 	9.049315
1.416 	9.622400
1.417 	10.377060
1.418 	10.210778
1.419 	9.724016
1.420 	9.801104
1.421 	10.038044
1.422 	10.049618
1.423 	10.308402
1.424 	10.736620
1.425 	10.870572
1.426 	10.400350
1.427 	9.652847
1.428 	9.401484
1.429 	9.630586
1.430 	9.799700
1.431 	9.994302
1.432 	10.599350
1.433 	11.022239
1.434 	10.814576
1.435 	10.919195
1.436 	11.159891
1.437 	10.338290
1.438 	9.333311
1.439 	9.412310
1.440 	10.112184
1.441 	10.233457
1.442 	9.724020
1.443 	9.725716
1.444 	9.795268
1.445 	8.845880
1.446 	7.850209
1.447 	8.019805
1.448 	8.914303
1.449 	9.767587
1.450 	9.982484
1.451 	9.702317
1.452 	9.906329
1.453 	10.357743
1.454 	10.072335
1.455 	9.492198
1.456 	9.704141
1.457 	10.413712
1.458 	11.006369
1.459 	11.155378
1.460 	10.320612
1.461 	9.299392
1.462 	9.418041
1.463 	10.217343
1.464 	10.727396
1.465 	10.417294
1.466 	9.568999
1.467 	9.159404
1.468 	9.428657
1.469 	9.610756
1.470 	9.415135
1.471 	9.295617
1.472 	9.360852
1.473 	9.567823
1.474 	9.626880
1.475 	9.535800
1.476 	9.750944
1.477 	10.569917
1.478 	11.594373
1.479 	11.975499
1.480 	11.598392
1.481 	11.195037
1.482 	11.146389
1.483 	10.993213
1.484 	10.792970
1.485 	10.460208
1.486 	9.956690
1.487 	10.167778
1.488 	10.595218
1.489 	10.430476
1.490 	9.915856
1.491 	9.474494
1.492 	9.172131
1.493 	9.115636
1.494 	9.611647
1.495 	10.790304
1.496 	12.249516
1.497 	12.887555
1.498 	11.622901
1.499 	9.586717
1.500 	9.438517
1.501 	11.012448
1.502 	12.109933
1.503 	12.069083
1.504 	11.252001
1.505 	10.470877
1.506 	10.071918
1.507 	9.826802
1.508 	10.580782
1.509 	11.800215
1.510 	11.772483
1.511 	10.591355
1.512 	9.708015
1.513 	10.212261
1.514 	11.223509
1.515 	11.257436
1.516 	10.654643
1.517 	10.548900
1.518 	10.843474
1.519 	10.525630
1.520 	10.686239
1.521 	11.789268
1.522 	12.266864
1.523 	11.832565
1.524 	10.708489
1.525 	10.027033
1.526 	10.070946
1.527 	10.273376
1.528 	11.010648
1.529 	11.867442
1.530 	12.444401
1.531 	12.313001
1.532 	11.636221
1.533 	11.831787
1.534 	12.597506
1.535 	11.611157
1.536 	9.634606
1.537 	9.482668
1.538 	10.753263
1.539 	11.628964
1.540 	11.718340
1.541 	11.422107
1.542 	12.210918
1.543 	13.658294
1.544 	13.899746
1.545 	12.098738
1.546 	10.159513
1.547 	9.993002
1.548 	11.609345
1.549 	12.546253
1.550 	11.479277
1.551 	10.696961
1.552 	10.728635
1.553 	10.898447
1.554 	11.320824
1.555 	13.076720
1.556 	14.790406
1.557 	14.334489
1.558 	13.072252
1.559 	11.922600
1.560 	10.573293
1.561 	10.246050
1.562 	11.668311
1.563 	13.760827
1.564 	14.048135
1.565 	13.204117
1.566 	12.528642
1.567 	11.607853
1.568 	11.470623
1.569 	12.787317
1.570 	13.269483
1.571 	12.540064
1.572 	11.579324
1.573 	11.184408
1.574 	11.304347
1.575 	11.658561
1.576 	11.712919
1.577 	12.724580
1.578 	14.378829
1.579 	15.155628
1.580 	14.528935
1.581 	14.036983
1.582 	14.119044
1.583 	12.674967
1.584 	10.795080
1.585 	10.781763
1.586 	12.306919
1.587 	12.889606
1.588 	12.780801
1.589 	11.688173
1.590 	10.908265
1.591 	12.137861
1.592 	13.781473
1.593 	15.125139
1.594 	14.312140
1.595 	12.499253
1.596 	12.142521
1.597 	12.396414
1.598 	14.282771
1.599 	14.068888
1.600 	12.421532
1.601 	13.173270
1.602 	14.083952
1.603 	14.480910
1.604 	14.338000
1.605 	12.277952
1.606 	11.492317
1.607 	11.795820
1.608 	12.235748
1.609 	13.811998
1.610 	14.128764
1.611 	13.001041
1.612 	13.587391
1.613 	15.865511
1.614 	15.370608
1.615 	12.845462
1.616 	12.251372
1.617 	13.474101
1.618 	14.918404
1.619 	14.870992
1.620 	14.076648
1.621 	14.340283
1.622 	13.903536
1.623 	13.779389
1.624 	14.586442
1.625 	12.961031
1.626 	12.119117
1.627 	13.391764
1.628 	14.045091
1.629 	13.815309
1.630 	13.366910
1.631 	13.774961
1.632 	14.226730
1.633 	14.298941
1.634 	13.457732
1.635 	12.968677
1.636 	14.685795
1.637 	15.144218
1.638 	14.314277
1.639 	13.800171
1.640 	14.648552
1.641 	15.360583
1.642 	15.396866
1.643 	13.337429
1.644 	11.612792
1.645 	12.775152
1.646 	15.099607
1.647 	14.555114
1.648 	13.599760
1.649 	14.400339
1.650 	13.331210
1.651 	12.614406
1.652 	13.883885
1.653 	15.356536
1.654 	14.386056
1.655 	13.577218
1.656 	13.711261
1.657 	14.217623
1.658 	17.394863
1.659 	16.398776
1.660 	13.535235
1.661 	12.220167
1.662 	12.077836
1.663 	13.743311
1.664 	14.087620
1.665 	15.944805
1.666 	14.485736
1.667 	11.454502
1.668 	9.259604
1.669 	10.465874
1.670 	12.640330
1.671 	14.560327
1.672 	15.956310
1.673 	15.455612
1.674 	13.986501
1.675 	13.692822
1.676 	13.836757
1.677 	13.677368
1.678 	14.926527
1.679 	16.475963
1.680 	16.035296
1.681 	11.961880
1.682 	12.438763
1.683 	15.126254
1.684 	17.789063
1.685 	13.669583
1.686 	15.423607
1.687 	16.119121
1.688 	16.484293
1.689 	14.790379
1.690 	16.661782
1.691 	15.994821
1.692 	10.446371
1.693 	7.472670
1.694 	17.247795
1.695 	18.091973
1.696 	13.155044
1.697 	11.711025
1.698 	15.501197
1.699 	15.459683
1.700 	6.396515
