0.660 	29.974214
0.661 	27.199873
0.662 	27.563596
0.663 	28.466493
0.664 	30.617855
0.665 	31.298672
0.666 	30.429009
0.667 	30.169061
0.668 	29.599761
0.669 	27.962916
0.670 	28.661508
0.671 	31.357956
0.672 	30.546250
0.673 	28.719666
0.674 	29.188038
0.675 	28.777970
0.676 	29.058261
0.677 	29.540820
0.678 	28.666342
0.679 	28.982076
0.680 	29.045193
0.681 	29.002295
0.682 	29.514360
0.683 	30.016963
0.684 	30.196640
0.685 	29.140711
0.686 	29.419166
0.687 	30.405521
0.688 	31.242478
0.689 	30.243097
0.690 	28.543325
0.691 	28.699469
0.692 	28.438176
0.693 	28.751468
0.694 	29.256315
0.695 	29.390035
0.696 	29.546250
0.697 	30.131754
0.698 	29.096015
0.699 	27.391196
0.700 	28.095448
0.701 	29.022698
0.702 	28.521842
0.703 	27.574801
0.704 	27.716650
0.705 	28.726099
0.706 	29.464528
0.707 	29.719214
0.708 	30.203959
0.709 	30.944509
0.710 	30.807761
0.711 	30.182496
0.712 	29.351363
0.713 	29.350408
0.714 	28.781114
0.715 	27.758745
0.716 	27.491330
0.717 	27.846743
0.718 	28.813841
0.719 	29.718901
0.720 	29.692552
0.721 	29.787089
0.722 	29.585472
0.723 	29.017350
0.724 	28.408669
0.725 	27.614303
0.726 	27.237666
0.727 	28.057110
0.728 	29.138924
0.729 	29.038577
0.730 	29.212773
0.731 	29.316157
0.732 	28.127843
0.733 	28.158249
0.734 	29.004415
0.735 	29.174468
0.736 	29.076669
0.737 	28.659044
0.738 	29.042240
0.739 	29.281355
0.740 	28.411176
0.741 	27.753531
0.742 	27.772554
0.743 	28.603068
0.744 	29.125955
0.745 	28.536559
0.746 	27.994798
0.747 	28.204685
0.748 	28.417717
0.749 	27.821881
0.750 	27.277018
0.751 	27.626443
0.752 	28.090542
0.753 	28.340762
0.754 	28.705896
0.755 	29.279822
0.756 	29.427857
0.757 	28.915217
0.758 	28.749756
0.759 	29.146314
0.760 	28.913509
0.761 	28.484695
0.762 	28.670513
0.763 	28.219267
0.764 	27.415490
0.765 	26.877660
0.766 	26.374152
0.767 	26.710189
0.768 	27.526814
0.769 	27.552125
0.770 	27.255154
0.771 	27.389546
0.772 	27.881823
0.773 	28.873959
0.774 	29.781865
0.775 	29.564871
0.776 	28.824653
0.777 	28.322654
0.778 	27.913840
0.779 	27.516582
0.780 	27.491573
0.781 	27.980594
0.782 	28.492355
0.783 	28.089029
0.784 	27.553186
0.785 	27.917864
0.786 	28.602168
0.787 	28.988277
0.788 	28.616933
0.789 	28.096341
0.790 	27.943619
0.791 	27.884043
0.792 	27.871563
0.793 	27.918866
0.794 	27.539715
0.795 	27.176785
0.796 	27.322020
0.797 	27.427093
0.798 	27.785534
0.799 	28.225798
0.800 	28.074093
0.801 	27.618929
0.802 	27.490277
0.803 	28.020905
0.804 	28.399660
0.805 	28.110695
0.806 	27.969958
0.807 	28.379103
0.808 	28.821814
0.809 	28.958958
0.810 	28.567112
0.811 	27.363829
0.812 	26.182352
0.813 	25.957208
0.814 	26.232220
0.815 	26.319399
0.816 	26.616278
0.817 	27.040459
0.818 	26.950122
0.819 	26.875276
0.820 	27.172800
0.821 	27.209133
0.822 	27.088450
0.823 	27.395128
0.824 	27.856618
0.825 	28.012618
0.826 	27.592374
0.827 	27.002306
0.828 	26.976472
0.829 	27.341684
0.830 	27.581134
0.831 	27.478020
0.832 	27.159471
0.833 	26.909784
0.834 	26.810402
0.835 	27.025972
0.836 	27.316736
0.837 	27.306692
0.838 	27.297864
0.839 	27.597789
0.840 	27.653197
0.841 	27.344528
0.842 	27.086249
0.843 	26.816543
0.844 	26.690617
0.845 	27.001557
0.846 	27.365029
0.847 	27.291153
0.848 	26.725554
0.849 	26.139059
0.850 	25.895469
0.851 	25.599685
0.852 	25.173699
0.853 	25.227223
0.854 	26.093273
0.855 	27.146199
0.856 	27.427905
0.857 	27.093640
0.858 	26.500515
0.859 	26.101623
0.860 	26.109092
0.861 	26.331666
0.862 	26.473487
0.863 	26.297520
0.864 	26.222991
0.865 	26.464444
0.866 	26.366743
0.867 	26.124873
0.868 	26.344310
0.869 	26.602375
0.870 	26.622159
0.871 	26.715120
0.872 	26.845797
0.873 	26.859301
0.874 	26.773575
0.875 	26.650455
0.876 	26.736438
0.877 	26.883791
0.878 	26.448118
0.879 	25.695864
0.880 	25.453747
0.881 	25.738931
0.882 	25.886816
0.883 	25.890104
0.884 	26.212054
0.885 	26.588291
0.886 	26.265072
0.887 	25.568185
0.888 	25.648893
0.889 	26.258063
0.890 	26.491098
0.891 	26.322295
0.892 	26.023716
0.893 	26.086825
0.894 	26.566278
0.895 	26.825747
0.896 	26.732458
0.897 	26.864632
0.898 	27.023642
0.899 	26.723719
0.900 	26.173034
0.901 	25.792469
0.902 	25.843743
0.903 	26.213564
0.904 	26.141551
0.905 	25.227310
0.906 	24.235109
0.907 	24.202934
0.908 	24.973004
0.909 	25.371288
0.910 	25.264119
0.911 	25.257039
0.912 	25.517132
0.913 	25.705745
0.914 	25.700289
0.915 	25.632978
0.916 	25.498464
0.917 	25.369305
0.918 	25.525147
0.919 	25.609774
0.920 	25.122668
0.921 	24.368672
0.922 	23.877583
0.923 	23.604283
0.924 	23.599582
0.925 	23.985578
0.926 	24.591552
0.927 	25.101176
0.928 	25.429935
0.929 	25.515294
0.930 	25.229887
0.931 	24.650675
0.932 	23.923805
0.933 	23.558363
0.934 	23.747721
0.935 	24.352685
0.936 	24.713733
0.937 	24.125906
0.938 	23.288137
0.939 	23.237608
0.940 	23.763007
0.941 	24.294070
0.942 	24.551043
0.943 	24.210200
0.944 	23.552153
0.945 	23.308820
0.946 	23.771437
0.947 	24.186356
0.948 	24.160436
0.949 	24.174158
0.950 	24.290185
0.951 	24.173010
0.952 	23.660991
0.953 	23.315251
0.954 	23.618880
0.955 	23.722901
0.956 	23.917778
0.957 	24.517597
0.958 	24.503950
0.959 	24.110155
0.960 	24.053776
0.961 	24.041224
0.962 	24.067175
0.963 	23.434269
0.964 	22.112479
0.965 	22.228205
0.966 	23.881682
0.967 	24.923934
0.968 	24.733412
0.969 	24.676337
0.970 	24.360332
0.971 	23.983001
0.972 	24.153375
0.973 	24.565879
0.974 	24.399088
0.975 	24.266143
0.976 	24.803553
0.977 	24.396571
0.978 	23.350925
0.979 	23.426970
0.980 	24.046426
0.981 	24.017713
0.982 	23.818023
0.983 	23.642299
0.984 	23.618478
0.985 	24.128131
0.986 	24.855430
0.987 	24.707705
0.988 	23.736429
0.989 	23.328657
0.990 	23.951793
0.991 	24.163008
0.992 	23.495824
0.993 	23.602593
0.994 	24.160803
0.995 	24.091014
0.996 	23.952190
0.997 	24.402771
0.998 	24.883381
0.999 	24.888780
1.000 	24.248318
1.001 	23.502121
1.002 	23.733402
1.003 	25.043689
1.004 	25.846263
1.005 	25.464806
1.006 	24.868366
1.007 	24.529819
1.008 	24.270305
1.009 	23.770307
1.010 	22.974296
1.011 	22.865405
1.012 	23.666948
1.013 	24.551975
1.014 	25.075479
1.015 	24.964917
1.016 	24.380355
1.017 	23.841984
1.018 	23.973204
1.019 	24.780831
1.020 	25.411312
1.021 	25.385483
1.022 	24.527808
1.023 	23.329071
1.024 	23.070984
1.025 	23.582864
1.026 	23.636837
1.027 	23.135934
1.028 	23.438136
1.029 	24.520503
1.030 	25.157137
1.031 	25.038065
1.032 	24.717780
1.033 	24.546713
1.034 	24.554892
1.035 	24.599288
1.036 	24.448472
1.037 	23.937689
1.038 	23.456925
1.039 	23.569493
1.040 	24.013049
1.041 	24.188134
1.042 	24.250124
1.043 	24.317830
1.044 	24.326866
1.045 	24.363248
1.046 	24.206788
1.047 	23.732302
1.048 	23.382716
1.049 	23.530308
1.050 	23.907436
1.051 	24.216332
1.052 	24.382949
1.053 	24.413782
1.054 	24.434627
1.055 	24.149429
1.056 	23.763512
1.057 	23.782908
1.058 	23.779777
1.059 	23.406487
1.060 	23.149956
1.061 	23.422897
1.062 	23.928082
1.063 	24.517867
1.064 	24.625432
1.065 	24.008609
1.066 	23.651714
1.067 	23.729415
1.068 	23.640013
1.069 	23.736572
1.070 	24.289853
1.071 	24.608417
1.072 	24.276383
1.073 	23.988304
1.074 	24.041272
1.075 	23.995412
1.076 	23.574731
1.077 	23.059480
1.078 	23.092329
1.079 	23.618561
1.080 	24.075446
1.081 	24.281054
1.082 	24.207173
1.083 	24.025051
1.084 	23.655976
1.085 	23.410156
1.086 	23.725681
1.087 	24.186796
1.088 	24.163159
1.089 	23.183580
1.090 	22.098181
1.091 	21.987587
1.092 	22.692546
1.093 	23.530894
1.094 	23.633463
1.095 	23.343115
1.096 	23.149352
1.097 	23.115006
1.098 	23.336050
1.099 	23.267506
1.100 	22.887083
1.101 	22.931695
1.102 	23.402601
1.103 	23.990916
1.104 	24.104621
1.105 	23.249095
1.106 	22.117268
1.107 	21.424473
1.108 	21.287915
1.109 	21.527366
1.110 	21.801034
1.111 	21.621082
1.112 	21.223582
1.113 	21.368732
1.114 	21.908224
1.115 	22.112199
1.116 	21.741791
1.117 	21.005193
1.118 	20.151586
1.119 	19.803154
1.120 	20.236534
1.121 	20.694710
1.122 	20.792893
1.123 	20.710097
1.124 	20.255736
1.125 	19.602135
1.126 	19.643128
1.127 	20.014502
1.128 	20.033292
1.129 	19.954222
1.130 	20.144555
1.131 	20.302551
1.132 	20.085807
1.133 	19.714489
1.134 	19.702467
1.135 	20.207966
1.136 	20.644628
1.137 	20.312021
1.138 	19.443790
1.139 	18.933031
1.140 	18.884016
1.141 	19.110788
1.142 	19.283202
1.143 	19.211224
1.144 	19.173144
1.145 	19.720973
1.146 	20.632490
1.147 	21.059630
1.148 	21.101602
1.149 	21.096355
1.150 	20.489108
1.151 	19.379715
1.152 	18.453615
1.153 	17.918633
1.154 	17.960859
1.155 	18.991362
1.156 	19.923846
1.157 	19.591771
1.158 	18.552646
1.159 	18.259081
1.160 	18.897360
1.161 	20.076588
1.162 	20.922649
1.163 	21.285074
1.164 	21.270108
1.165 	20.482735
1.166 	18.946538
1.167 	17.650312
1.168 	17.371160
1.169 	17.755213
1.170 	18.130998
1.171 	18.609334
1.172 	19.353357
1.173 	19.882188
1.174 	19.942212
1.175 	20.024545
1.176 	20.496331
1.177 	20.642221
1.178 	19.802442
1.179 	18.792502
1.180 	18.488863
1.181 	18.816652
1.182 	19.154749
1.183 	19.037987
1.184 	18.406311
1.185 	18.132529
1.186 	18.505931
1.187 	19.161932
1.188 	19.746654
1.189 	19.812685
1.190 	19.244291
1.191 	19.030529
1.192 	19.518753
1.193 	20.012262
1.194 	19.822186
1.195 	19.288884
1.196 	19.212159
1.197 	19.614642
1.198 	19.666351
1.199 	19.295801
1.200 	19.217260
1.201 	19.344736
1.202 	19.646928
1.203 	20.374421
1.204 	21.095746
1.205 	21.055170
1.206 	19.942008
1.207 	18.987144
1.208 	19.295544
1.209 	20.463022
1.210 	21.025428
1.211 	20.754673
1.212 	20.417069
1.213 	20.317645
1.214 	19.966098
1.215 	19.396883
1.216 	19.222445
1.217 	19.614467
1.218 	20.242896
1.219 	20.708480
1.220 	21.016441
1.221 	20.852933
1.222 	20.097263
1.223 	19.745511
1.224 	20.304889
1.225 	20.739585
1.226 	20.736837
1.227 	20.524242
1.228 	20.104597
1.229 	19.510475
1.230 	18.867777
1.231 	18.417941
1.232 	18.446903
1.233 	19.385799
1.234 	20.710263
1.235 	21.087261
1.236 	20.798495
1.237 	20.793674
1.238 	20.749073
1.239 	20.181409
1.240 	19.618200
1.241 	19.828794
1.242 	20.412776
1.243 	20.475304
1.244 	19.830604
1.245 	19.349328
1.246 	19.333127
1.247 	19.803452
1.248 	20.539380
1.249 	20.852488
1.250 	20.479672
1.251 	20.151536
1.252 	19.864665
1.253 	19.511027
1.254 	19.609572
1.255 	20.228152
1.256 	20.900722
1.257 	21.163853
1.258 	20.495838
1.259 	18.781881
1.260 	17.492359
1.261 	17.578561
1.262 	18.549165
1.263 	19.635211
1.264 	20.319806
1.265 	20.343147
1.266 	19.828388
1.267 	19.333737
1.268 	19.320368
1.269 	19.792508
1.270 	20.098928
1.271 	20.134710
1.272 	20.142968
1.273 	19.945789
1.274 	19.536992
1.275 	19.292128
1.276 	19.184691
1.277 	18.991124
1.278 	19.274068
1.279 	20.203002
1.280 	20.792145
1.281 	20.784510
1.282 	20.487242
1.283 	19.855926
1.284 	18.953015
1.285 	18.305046
1.286 	18.197205
1.287 	18.537412
1.288 	18.989857
1.289 	18.404975
1.290 	17.120486
1.291 	16.711859
1.292 	17.874705
1.293 	19.165053
1.294 	19.612396
1.295 	19.087505
1.296 	18.430882
1.297 	18.072640
1.298 	18.078246
1.299 	18.247535
1.300 	18.547920
1.301 	18.977806
1.302 	19.286645
1.303 	19.277934
1.304 	18.760462
1.305 	17.942739
1.306 	17.590990
1.307 	17.701088
1.308 	18.057284
1.309 	18.566609
1.310 	18.814390
1.311 	18.284359
1.312 	17.058974
1.313 	15.974838
1.314 	15.694416
1.315 	16.034931
1.316 	16.699599
1.317 	17.390838
1.318 	17.696950
1.319 	17.569908
1.320 	16.945550
1.321 	16.266789
1.322 	16.073182
1.323 	16.303924
1.324 	16.905340
1.325 	17.299375
1.326 	16.902357
1.327 	16.214784
1.328 	15.815497
1.329 	15.302074
1.330 	14.919432
1.331 	15.203884
1.332 	15.432672
1.333 	15.050865
1.334 	14.796526
1.335 	14.925683
1.336 	15.257241
1.337 	16.085668
1.338 	17.084502
1.339 	17.287716
1.340 	16.655886
1.341 	16.190889
1.342 	15.961333
1.343 	15.652041
1.344 	15.774612
1.345 	16.251126
1.346 	16.325924
1.347 	16.159361
1.348 	15.676377
1.349 	15.131396
1.350 	15.480346
1.351 	16.115419
1.352 	15.757492
1.353 	15.075608
1.354 	14.793169
1.355 	14.842891
1.356 	14.496922
1.357 	13.725315
1.358 	13.474238
1.359 	13.336399
1.360 	12.514216
1.361 	11.713608
1.362 	11.876938
1.363 	12.638659
1.364 	12.790402
1.365 	12.439955
1.366 	12.345896
1.367 	12.659429
1.368 	12.742887
1.369 	12.534785
1.370 	12.426087
1.371 	12.444699
1.372 	12.613439
1.373 	12.363974
1.374 	11.376531
1.375 	10.567613
1.376 	10.390462
1.377 	9.896387
1.378 	8.861284
1.379 	8.329161
1.380 	8.926532
1.381 	9.926578
1.382 	10.229528
1.383 	9.858214
1.384 	9.130340
1.385 	8.489373
1.386 	8.342044
1.387 	8.916297
1.388 	9.632541
1.389 	9.886862
1.390 	9.679864
1.391 	8.889168
1.392 	7.737331
1.393 	7.553498
1.394 	8.300715
1.395 	9.038320
1.396 	9.616217
1.397 	10.486622
1.398 	11.410013
1.399 	11.080551
1.400 	9.331374
1.401 	7.873466
1.402 	8.434246
1.403 	9.284176
1.404 	8.789804
1.405 	8.181866
1.406 	7.849422
1.407 	6.973539
1.408 	6.416368
1.409 	6.652273
1.410 	7.520504
1.411 	8.862362
1.412 	9.861778
1.413 	9.775778
1.414 	9.179849
1.415 	8.675146
1.416 	8.208506
1.417 	7.248078
1.418 	6.349497
1.419 	6.720823
1.420 	8.046100
1.421 	9.502121
1.422 	10.333327
1.423 	9.759962
1.424 	8.436207
1.425 	6.985042
1.426 	6.141025
1.427 	6.439473
1.428 	7.580127
1.429 	8.394201
1.430 	8.640160
1.431 	8.869165
1.432 	9.078307
1.433 	9.276299
1.434 	9.659108
1.435 	9.992188
1.436 	10.052732
1.437 	9.405959
1.438 	7.957127
1.439 	6.909680
1.440 	6.952889
1.441 	7.512290
1.442 	7.843687
1.443 	8.116802
1.444 	8.853648
1.445 	9.217237
1.446 	8.273486
1.447 	7.251826
1.448 	6.974972
1.449 	7.570027
1.450 	8.352576
1.451 	8.901421
1.452 	9.587472
1.453 	9.599226
1.454 	8.495829
1.455 	7.468024
1.456 	7.076384
1.457 	6.924167
1.458 	7.071708
1.459 	7.628594
1.460 	8.781728
1.461 	9.617611
1.462 	9.077275
1.463 	8.645653
1.464 	8.829781
1.465 	7.919593
1.466 	6.870848
1.467 	7.557509
1.468 	9.557904
1.469 	11.111987
1.470 	10.620225
1.471 	8.793553
1.472 	7.565727
1.473 	7.080798
1.474 	6.706679
1.475 	7.300724
1.476 	9.029188
1.477 	10.475164
1.478 	10.743543
1.479 	10.047888
1.480 	8.769571
1.481 	7.637854
1.482 	7.642090
1.483 	7.806685
1.484 	8.276034
1.485 	9.706737
1.486 	10.947439
1.487 	11.067886
1.488 	10.328041
1.489 	9.933950
1.490 	10.034548
1.491 	9.662196
1.492 	9.346712
1.493 	9.756231
1.494 	10.770721
1.495 	10.696936
1.496 	9.479905
1.497 	8.296378
1.498 	7.816925
1.499 	8.055345
1.500 	8.602874
1.501 	9.155255
1.502 	9.816841
1.503 	10.181803
1.504 	9.412524
1.505 	9.160147
1.506 	10.754797
1.507 	10.791625
1.508 	8.575793
1.509 	7.357451
1.510 	8.587489
1.511 	11.406074
1.512 	13.726391
1.513 	13.882165
1.514 	12.398888
1.515 	11.024272
1.516 	10.308794
1.517 	10.178983
1.518 	10.221824
1.519 	9.520089
1.520 	9.652168
1.521 	10.681967
1.522 	10.311773
1.523 	8.766133
1.524 	8.471134
1.525 	9.460311
1.526 	9.940501
1.527 	9.911408
1.528 	9.780756
1.529 	9.535684
1.530 	9.403951
1.531 	9.775603
1.532 	9.939415
1.533 	10.115286
1.534 	11.109265
1.535 	11.609780
1.536 	11.711279
1.537 	12.768049
1.538 	12.525706
1.539 	10.553282
1.540 	9.450533
1.541 	8.434775
1.542 	8.045749
1.543 	9.514118
1.544 	12.127481
1.545 	13.809751
1.546 	14.135604
1.547 	13.410371
1.548 	11.314578
1.549 	8.391489
1.550 	7.800280
1.551 	10.674583
1.552 	14.206182
1.553 	14.871100
1.554 	12.484945
1.555 	9.991907
1.556 	9.431797
1.557 	9.993557
1.558 	10.538808
1.559 	10.225664
1.560 	11.063683
1.561 	12.721034
1.562 	12.052029
1.563 	11.725071
1.564 	13.009637
1.565 	13.360805
1.566 	12.777579
1.567 	13.708772
1.568 	14.477728
1.569 	12.889933
1.570 	11.119388
1.571 	10.490258
1.572 	10.266501
1.573 	10.644393
1.574 	11.086362
1.575 	11.416773
1.576 	12.553215
1.577 	13.314749
1.578 	12.987100
1.579 	13.040546
1.580 	13.110790
1.581 	11.842056
1.582 	10.992496
1.583 	12.053231
1.584 	12.744528
1.585 	12.887723
1.586 	13.923335
1.587 	14.280068
1.588 	12.768126
1.589 	10.741434
1.590 	10.024908
1.591 	11.928605
1.592 	13.737986
1.593 	12.755771
1.594 	12.528090
1.595 	13.925805
1.596 	13.736785
1.597 	10.799794
1.598 	9.674392
1.599 	11.120599
1.600 	12.993707
1.601 	15.059901
1.602 	15.509352
1.603 	15.279127
1.604 	16.172572
1.605 	15.364163
1.606 	11.486189
1.607 	10.413213
1.608 	12.505669
1.609 	13.990852
1.610 	13.067496
1.611 	12.398352
1.612 	13.871273
1.613 	16.084725
1.614 	16.108260
1.615 	13.163147
1.616 	10.532014
1.617 	9.478399
1.618 	8.800213
1.619 	11.806021
1.620 	15.582144
1.621 	16.357705
1.622 	15.010552
1.623 	12.604466
1.624 	9.751592
1.625 	11.260019
1.626 	13.932033
1.627 	13.565958
1.628 	13.517157
1.629 	13.639851
1.630 	12.263300
1.631 	11.077365
1.632 	13.248377
1.633 	16.881485
1.634 	16.605961
1.635 	15.486628
1.636 	14.220091
1.637 	12.420427
1.638 	12.819471
1.639 	11.327166
1.640 	10.956190
1.641 	13.992618
1.642 	13.708863
1.643 	14.427924
1.644 	15.498006
1.645 	15.759395
1.646 	16.046418
1.647 	16.608861
1.648 	16.656411
1.649 	12.537586
1.650 	8.245675
1.651 	12.012305
1.652 	15.563177
1.653 	13.719750
1.654 	11.441948
1.655 	11.644055
1.656 	14.456226
1.657 	15.601301
1.658 	13.114022
1.659 	14.487837
1.660 	16.799804
1.661 	16.454511
1.662 	15.514505
1.663 	13.209073
1.664 	13.659651
1.665 	13.408125
1.666 	10.993604
1.667 	13.735699
1.668 	17.716983
1.669 	14.800860
1.670 	9.734277
1.671 	10.112245
1.672 	18.370363
1.673 	18.203724
1.674 	14.683499
1.675 	11.654104
1.676 	10.326689
1.677 	12.636892
1.678 	15.850905
1.679 	9.747767
1.680 	4.550434
1.681 	12.708135
1.682 	25.039499
1.683 	22.132240
1.684 	19.248858
1.685 	18.035539
1.686 	15.999210
1.687 	19.320833
1.688 	11.194180
1.689 	5.455865
1.690 	16.520458
1.691 	12.134076
1.692 	21.091215
1.693 	17.714897
1.694 	15.725313
1.695 	9.933820
1.696 	5.089568
1.697 	0.914573
1.698 	17.435889
1.699 	34.583351
1.700 	15.313903
