0.660 	35.570919
0.661 	33.388992
0.662 	31.756428
0.663 	33.003673
0.664 	35.167283
0.665 	36.009865
0.666 	35.719432
0.667 	35.134049
0.668 	35.529321
0.669 	35.404303
0.670 	35.468811
0.671 	36.696567
0.672 	35.821684
0.673 	32.502374
0.674 	33.167391
0.675 	33.967681
0.676 	33.503260
0.677 	34.558420
0.678 	36.520676
0.679 	35.761517
0.680 	33.424613
0.681 	33.238243
0.682 	33.651152
0.683 	35.318140
0.684 	36.292578
0.685 	36.335390
0.686 	35.407956
0.687 	33.995041
0.688 	34.724841
0.689 	34.927594
0.690 	34.042268
0.691 	33.855588
0.692 	34.021825
0.693 	35.612387
0.694 	36.020613
0.695 	34.776580
0.696 	35.136725
0.697 	35.048275
0.698 	34.043605
0.699 	32.874440
0.700 	32.250053
0.701 	33.484392
0.702 	35.005430
0.703 	33.665820
0.704 	31.972295
0.705 	32.949468
0.706 	34.907380
0.707 	36.187918
0.708 	37.072413
0.709 	36.766310
0.710 	34.384070
0.711 	32.874283
0.712 	34.334359
0.713 	34.371893
0.714 	32.964694
0.715 	31.773474
0.716 	32.022106
0.717 	33.509247
0.718 	34.150269
0.719 	34.561923
0.720 	34.080610
0.721 	33.679754
0.722 	33.488017
0.723 	32.595667
0.724 	32.936273
0.725 	33.668653
0.726 	34.170756
0.727 	34.477414
0.728 	34.386705
0.729 	34.188767
0.730 	34.532902
0.731 	34.351042
0.732 	33.070178
0.733 	32.572777
0.734 	33.167878
0.735 	34.126397
0.736 	34.021992
0.737 	33.047095
0.738 	32.629809
0.739 	33.011752
0.740 	33.424292
0.741 	33.304067
0.742 	33.445630
0.743 	34.394343
0.744 	34.837558
0.745 	33.717308
0.746 	32.269463
0.747 	32.432667
0.748 	33.180991
0.749 	33.876032
0.750 	34.278639
0.751 	33.633878
0.752 	32.600573
0.753 	32.016851
0.754 	32.899918
0.755 	33.908718
0.756 	33.466666
0.757 	32.480887
0.758 	32.334805
0.759 	33.070621
0.760 	33.764577
0.761 	33.890235
0.762 	33.857940
0.763 	33.748613
0.764 	33.050860
0.765 	32.289094
0.766 	32.210755
0.767 	32.435926
0.768 	32.373002
0.769 	31.839217
0.770 	31.691822
0.771 	32.382614
0.772 	33.388994
0.773 	33.997597
0.774 	33.612170
0.775 	32.969151
0.776 	32.680144
0.777 	32.253630
0.778 	31.997777
0.779 	32.153542
0.780 	31.857791
0.781 	31.479808
0.782 	31.941347
0.783 	32.608245
0.784 	32.825379
0.785 	32.968285
0.786 	32.917086
0.787 	32.675222
0.788 	32.471224
0.789 	32.531307
0.790 	32.624162
0.791 	32.496934
0.792 	32.366294
0.793 	32.603467
0.794 	32.486378
0.795 	31.439624
0.796 	30.841988
0.797 	31.421325
0.798 	32.101315
0.799 	32.098690
0.800 	31.744967
0.801 	31.636219
0.802 	32.177953
0.803 	33.251734
0.804 	33.721308
0.805 	32.874551
0.806 	31.853051
0.807 	31.647727
0.808 	32.160516
0.809 	32.576637
0.810 	32.254184
0.811 	31.584367
0.812 	31.316044
0.813 	31.471627
0.814 	31.365969
0.815 	31.003859
0.816 	31.305465
0.817 	31.846359
0.818 	31.691177
0.819 	31.516459
0.820 	31.689753
0.821 	31.590485
0.822 	31.029749
0.823 	30.735976
0.824 	30.978409
0.825 	30.967339
0.826 	30.409991
0.827 	30.266663
0.828 	31.024149
0.829 	31.722439
0.830 	31.962772
0.831 	31.925529
0.832 	31.298851
0.833 	30.769860
0.834 	30.827514
0.835 	31.067234
0.836 	31.155510
0.837 	31.132161
0.838 	31.354299
0.839 	31.845060
0.840 	31.997527
0.841 	31.719758
0.842 	31.515082
0.843 	31.545865
0.844 	31.437852
0.845 	31.053579
0.846 	30.758982
0.847 	30.429259
0.848 	29.931972
0.849 	29.701470
0.850 	30.133791
0.851 	30.551898
0.852 	30.548901
0.853 	30.529001
0.854 	30.896826
0.855 	31.242160
0.856 	31.195380
0.857 	30.959524
0.858 	30.434990
0.859 	29.946747
0.860 	29.898988
0.861 	30.123542
0.862 	30.289250
0.863 	30.416486
0.864 	30.815771
0.865 	31.170257
0.866 	30.716245
0.867 	29.935896
0.868 	29.530053
0.869 	29.427259
0.870 	29.471116
0.871 	29.648026
0.872 	29.916798
0.873 	30.116530
0.874 	30.287852
0.875 	30.586077
0.876 	30.777564
0.877 	30.706253
0.878 	30.312016
0.879 	29.831324
0.880 	29.689280
0.881 	29.838973
0.882 	29.813376
0.883 	29.550352
0.884 	29.523211
0.885 	29.890553
0.886 	30.077430
0.887 	29.597987
0.888 	29.382883
0.889 	29.933849
0.890 	30.306279
0.891 	30.235073
0.892 	30.321880
0.893 	30.406162
0.894 	30.011820
0.895 	29.365953
0.896 	28.986744
0.897 	28.912094
0.898 	28.937193
0.899 	29.410667
0.900 	30.617396
0.901 	31.731981
0.902 	31.762653
0.903 	30.947774
0.904 	29.954625
0.905 	28.713718
0.906 	27.365143
0.907 	26.747273
0.908 	27.263952
0.909 	28.188782
0.910 	28.820716
0.911 	29.162437
0.912 	29.004665
0.913 	28.562178
0.914 	28.223835
0.915 	28.007566
0.916 	27.999692
0.917 	28.460184
0.918 	29.140520
0.919 	28.876663
0.920 	27.800203
0.921 	27.134169
0.922 	27.220908
0.923 	27.163519
0.924 	26.959359
0.925 	26.863708
0.926 	26.925245
0.927 	27.251464
0.928 	27.598718
0.929 	27.420276
0.930 	26.718748
0.931 	25.989764
0.932 	25.684705
0.933 	25.929057
0.934 	26.390939
0.935 	26.812794
0.936 	27.171611
0.937 	27.013216
0.938 	26.582504
0.939 	26.793395
0.940 	27.044308
0.941 	26.796123
0.942 	26.386921
0.943 	26.032626
0.944 	25.713687
0.945 	25.626616
0.946 	26.061829
0.947 	26.598270
0.948 	26.893903
0.949 	27.219065
0.950 	27.370906
0.951 	26.940570
0.952 	26.449797
0.953 	26.078822
0.954 	25.880787
0.955 	25.629491
0.956 	25.783438
0.957 	26.555026
0.958 	26.530480
0.959 	25.497685
0.960 	25.462651
0.961 	26.553520
0.962 	27.556959
0.963 	27.289188
0.964 	26.040406
0.965 	25.998249
0.966 	26.817794
0.967 	26.928666
0.968 	26.534465
0.969 	26.139899
0.970 	26.230795
0.971 	26.553957
0.972 	26.645620
0.973 	26.743278
0.974 	26.744628
0.975 	26.893189
0.976 	26.938906
0.977 	26.559370
0.978 	26.395163
0.979 	26.740864
0.980 	27.084877
0.981 	27.270600
0.982 	27.465807
0.983 	27.629209
0.984 	27.461390
0.985 	27.261138
0.986 	27.640042
0.987 	27.929534
0.988 	27.532592
0.989 	27.114986
0.990 	27.412898
0.991 	27.301043
0.992 	26.820228
0.993 	27.287014
0.994 	27.796889
0.995 	27.584103
0.996 	27.213816
0.997 	26.803985
0.998 	26.593626
0.999 	26.733803
1.000 	27.238579
1.001 	27.914843
1.002 	28.375449
1.003 	28.652673
1.004 	28.752750
1.005 	28.523404
1.006 	27.965608
1.007 	27.596929
1.008 	27.406238
1.009 	26.909124
1.010 	26.827446
1.011 	27.342790
1.012 	27.444968
1.013 	27.217148
1.014 	27.826934
1.015 	28.099480
1.016 	27.165500
1.017 	26.614453
1.018 	27.159910
1.019 	28.101529
1.020 	28.725819
1.021 	28.869741
1.022 	28.651964
1.023 	27.921282
1.024 	27.033180
1.025 	26.610832
1.026 	26.814204
1.027 	27.092918
1.028 	27.492663
1.029 	28.565594
1.030 	28.922541
1.031 	28.106714
1.032 	27.724375
1.033 	28.152394
1.034 	28.753844
1.035 	29.084286
1.036 	28.927673
1.037 	28.232531
1.038 	27.683496
1.039 	27.769296
1.040 	28.247897
1.041 	28.496472
1.042 	28.028281
1.043 	27.371139
1.044 	27.312580
1.045 	27.626032
1.046 	27.782753
1.047 	27.565006
1.048 	27.236612
1.049 	27.367543
1.050 	27.502783
1.051 	27.212684
1.052 	27.159289
1.053 	27.877592
1.054 	28.699347
1.055 	28.628975
1.056 	27.927176
1.057 	27.493007
1.058 	27.267038
1.059 	26.881012
1.060 	26.623439
1.061 	26.567004
1.062 	26.784964
1.063 	27.426149
1.064 	28.036799
1.065 	27.975653
1.066 	27.165894
1.067 	26.449243
1.068 	26.502777
1.069 	26.988146
1.070 	27.452554
1.071 	27.437480
1.072 	26.734963
1.073 	26.507938
1.074 	27.305114
1.075 	27.985765
1.076 	28.090348
1.077 	28.002491
1.078 	27.566315
1.079 	26.898528
1.080 	26.629679
1.081 	26.745417
1.082 	26.753566
1.083 	26.658994
1.084 	26.752472
1.085 	27.148024
1.086 	27.507124
1.087 	27.639577
1.088 	27.486674
1.089 	26.661982
1.090 	25.966901
1.091 	26.054930
1.092 	26.156059
1.093 	25.854704
1.094 	25.465935
1.095 	25.786451
1.096 	26.498101
1.097 	26.586653
1.098 	26.408224
1.099 	26.257568
1.100 	25.968944
1.101 	25.620235
1.102 	25.289672
1.103 	25.217822
1.104 	25.348935
1.105 	25.450647
1.106 	25.486211
1.107 	25.351733
1.108 	24.965625
1.109 	24.496036
1.110 	23.934266
1.111 	23.533104
1.112 	23.342748
1.113 	23.148959
1.114 	23.124350
1.115 	23.428463
1.116 	23.481658
1.117 	22.615842
1.118 	21.468879
1.119 	21.100834
1.120 	21.291529
1.121 	21.439175
1.122 	21.479055
1.123 	21.471026
1.124 	21.362989
1.125 	21.195301
1.126 	21.405841
1.127 	21.738300
1.128 	21.649889
1.129 	21.453481
1.130 	21.601933
1.131 	21.845268
1.132 	21.540769
1.133 	20.887311
1.134 	20.600339
1.135 	20.578651
1.136 	20.456865
1.137 	20.315333
1.138 	20.157160
1.139 	19.907115
1.140 	19.796189
1.141 	20.315653
1.142 	21.170486
1.143 	21.460671
1.144 	20.941895
1.145 	20.426636
1.146 	20.414407
1.147 	20.821389
1.148 	21.283874
1.149 	21.616731
1.150 	21.579260
1.151 	21.439885
1.152 	21.286126
1.153 	20.796070
1.154 	20.271329
1.155 	20.266065
1.156 	20.315674
1.157 	19.775565
1.158 	19.001130
1.159 	19.066244
1.160 	20.024701
1.161 	20.838138
1.162 	20.849923
1.163 	20.632449
1.164 	20.796851
1.165 	20.720455
1.166 	20.197773
1.167 	19.892516
1.168 	20.013421
1.169 	20.070859
1.170 	19.799750
1.171 	19.559198
1.172 	19.705393
1.173 	20.260663
1.174 	20.676035
1.175 	20.527868
1.176 	20.170849
1.177 	19.914121
1.178 	19.548435
1.179 	19.312559
1.180 	19.566510
1.181 	20.306793
1.182 	21.224323
1.183 	21.765281
1.184 	21.344933
1.185 	20.486785
1.186 	20.034666
1.187 	20.359234
1.188 	20.895096
1.189 	21.005158
1.190 	20.574788
1.191 	20.249280
1.192 	20.322626
1.193 	20.581198
1.194 	20.578525
1.195 	20.098154
1.196 	19.632504
1.197 	19.793669
1.198 	20.304912
1.199 	20.610122
1.200 	20.577223
1.201 	20.643224
1.202 	21.078065
1.203 	21.537444
1.204 	21.550074
1.205 	21.155602
1.206 	20.589161
1.207 	20.287467
1.208 	20.702499
1.209 	21.454348
1.210 	21.899232
1.211 	21.983139
1.212 	21.796612
1.213 	21.380178
1.214 	20.786875
1.215 	20.550426
1.216 	20.774099
1.217 	21.188082
1.218 	21.367877
1.219 	21.306865
1.220 	21.302732
1.221 	20.960107
1.222 	20.054862
1.223 	19.755853
1.224 	20.977332
1.225 	22.431785
1.226 	22.855014
1.227 	22.409197
1.228 	22.105028
1.229 	21.921900
1.230 	21.203077
1.231 	20.172908
1.232 	19.588812
1.233 	19.839575
1.234 	20.946856
1.235 	21.873103
1.236 	22.200614
1.237 	22.453553
1.238 	22.674321
1.239 	22.346854
1.240 	21.680447
1.241 	21.376739
1.242 	21.686434
1.243 	22.158411
1.244 	21.862100
1.245 	20.980563
1.246 	19.938965
1.247 	19.297182
1.248 	19.472224
1.249 	20.300748
1.250 	21.489516
1.251 	22.233333
1.252 	21.899395
1.253 	20.968425
1.254 	20.532734
1.255 	20.751455
1.256 	21.225084
1.257 	21.368117
1.258 	20.856599
1.259 	19.803114
1.260 	19.100321
1.261 	19.503444
1.262 	20.541364
1.263 	21.150293
1.264 	21.503365
1.265 	21.828444
1.266 	21.733702
1.267 	21.356563
1.268 	21.257876
1.269 	21.339864
1.270 	21.102309
1.271 	20.780140
1.272 	20.517745
1.273 	20.037410
1.274 	19.469392
1.275 	19.338859
1.276 	19.695815
1.277 	19.854566
1.278 	19.930381
1.279 	20.229571
1.280 	20.352109
1.281 	20.154914
1.282 	19.731234
1.283 	19.055940
1.284 	18.395307
1.285 	18.313964
1.286 	18.806756
1.287 	19.279501
1.288 	19.611042
1.289 	19.611042
1.290 	19.171302
1.291 	18.674043
1.292 	18.380359
1.293 	18.435342
1.294 	18.600440
1.295 	18.413322
1.296 	18.252022
1.297 	18.438335
1.298 	18.836592
1.299 	19.129509
1.300 	19.409771
1.301 	19.454468
1.302 	18.966529
1.303 	18.472922
1.304 	17.991885
1.305 	17.235855
1.306 	17.032069
1.307 	17.956691
1.308 	19.016629
1.309 	18.923741
1.310 	18.108517
1.311 	17.648064
1.312 	17.618096
1.313 	17.433657
1.314 	16.883726
1.315 	16.352340
1.316 	16.210616
1.317 	16.512384
1.318 	16.844800
1.319 	16.843946
1.320 	16.779049
1.321 	17.128367
1.322 	17.502675
1.323 	17.410302
1.324 	17.247627
1.325 	17.155857
1.326 	16.672535
1.327 	15.901235
1.328 	15.291669
1.329 	14.973138
1.330 	14.666582
1.331 	14.237665
1.332 	14.180918
1.333 	14.743488
1.334 	15.453867
1.335 	15.851637
1.336 	15.879661
1.337 	15.679435
1.338 	15.222263
1.339 	14.840879
1.340 	14.759596
1.341 	14.786283
1.342 	15.152519
1.343 	15.707209
1.344 	15.809796
1.345 	15.651398
1.346 	15.611594
1.347 	15.297950
1.348 	14.358092
1.349 	13.317053
1.350 	13.185951
1.351 	13.694112
1.352 	13.779519
1.353 	13.627249
1.354 	13.880356
1.355 	14.277073
1.356 	14.100353
1.357 	13.401279
1.358 	12.852634
1.359 	12.478212
1.360 	11.846512
1.361 	11.074636
1.362 	10.803661
1.363 	11.280738
1.364 	11.759563
1.365 	11.660947
1.366 	11.373342
1.367 	11.349915
1.368 	11.229079
1.369 	10.811677
1.370 	10.496146
1.371 	10.417999
1.372 	10.576635
1.373 	10.642973
1.374 	10.198892
1.375 	9.276143
1.376 	8.509500
1.377 	8.765376
1.378 	9.730068
1.379 	10.232444
1.380 	10.136878
1.381 	9.871542
1.382 	9.594814
1.383 	9.055021
1.384 	8.505180
1.385 	8.663756
1.386 	9.392772
1.387 	10.050563
1.388 	10.244578
1.389 	9.967311
1.390 	9.264725
1.391 	8.490334
1.392 	7.764821
1.393 	7.071168
1.394 	7.010187
1.395 	8.345908
1.396 	10.359040
1.397 	11.305314
1.398 	10.730296
1.399 	8.923553
1.400 	7.299956
1.401 	7.559748
1.402 	9.416282
1.403 	9.967346
1.404 	8.744466
1.405 	8.102804
1.406 	7.951600
1.407 	7.092822
1.408 	6.772596
1.409 	7.541386
1.410 	8.168290
1.411 	8.572951
1.412 	9.070625
1.413 	9.427445
1.414 	9.773292
1.415 	9.894797
1.416 	9.112704
1.417 	7.591434
1.418 	6.441421
1.419 	6.328572
1.420 	7.178484
1.421 	8.656656
1.422 	9.844513
1.423 	9.714189
1.424 	9.117046
1.425 	8.813447
1.426 	8.791672
1.427 	8.821556
1.428 	8.915541
1.429 	9.032914
1.430 	9.053783
1.431 	8.912694
1.432 	8.569969
1.433 	8.435413
1.434 	8.389843
1.435 	8.159318
1.436 	7.854122
1.437 	7.227901
1.438 	6.620032
1.439 	7.163254
1.440 	8.567601
1.441 	9.085203
1.442 	8.730100
1.443 	9.172879
1.444 	9.921266
1.445 	8.842716
1.446 	6.765581
1.447 	6.327191
1.448 	7.186727
1.449 	7.545641
1.450 	7.324741
1.451 	7.822184
1.452 	9.193592
1.453 	9.814371
1.454 	9.105224
1.455 	8.252790
1.456 	7.657499
1.457 	7.446550
1.458 	7.934215
1.459 	8.432200
1.460 	8.333536
1.461 	7.683052
1.462 	7.303854
1.463 	8.625156
1.464 	10.045766
1.465 	9.161698
1.466 	7.642131
1.467 	7.458109
1.468 	8.379412
1.469 	9.390791
1.470 	9.502417
1.471 	9.299626
1.472 	9.124851
1.473 	8.540409
1.474 	8.228088
1.475 	8.787428
1.476 	9.314694
1.477 	9.328627
1.478 	9.258535
1.479 	8.683602
1.480 	7.644234
1.481 	7.222802
1.482 	7.113774
1.483 	7.071551
1.484 	8.113513
1.485 	8.961526
1.486 	8.267118
1.487 	7.777198
1.488 	9.149648
1.489 	10.993277
1.490 	11.316153
1.491 	10.498516
1.492 	9.673346
1.493 	9.180536
1.494 	8.922101
1.495 	8.879400
1.496 	9.360599
1.497 	9.281504
1.498 	8.425618
1.499 	8.300501
1.500 	9.295877
1.501 	9.179168
1.502 	7.632041
1.503 	7.497075
1.504 	8.176693
1.505 	8.285666
1.506 	9.401836
1.507 	10.327216
1.508 	9.384656
1.509 	8.469633
1.510 	9.126341
1.511 	10.541725
1.512 	10.765899
1.513 	10.008903
1.514 	9.915002
1.515 	10.288327
1.516 	10.519826
1.517 	10.721705
1.518 	10.119786
1.519 	8.804354
1.520 	9.371847
1.521 	10.477404
1.522 	10.018378
1.523 	9.121241
1.524 	9.211090
1.525 	9.477352
1.526 	8.439467
1.527 	7.878606
1.528 	8.616562
1.529 	8.233438
1.530 	7.716080
1.531 	9.270718
1.532 	11.293771
1.533 	12.127752
1.534 	12.132051
1.535 	10.289316
1.536 	8.040621
1.537 	7.980095
1.538 	8.375996
1.539 	9.045411
1.540 	10.638748
1.541 	10.114878
1.542 	8.290380
1.543 	8.877553
1.544 	11.362426
1.545 	12.157375
1.546 	11.391368
1.547 	11.687952
1.548 	11.582599
1.549 	10.062045
1.550 	9.896047
1.551 	11.158105
1.552 	12.699564
1.553 	13.235793
1.554 	11.149656
1.555 	8.653698
1.556 	8.424565
1.557 	9.128339
1.558 	9.567034
1.559 	9.962552
1.560 	11.147557
1.561 	12.685183
1.562 	12.214037
1.563 	11.341782
1.564 	10.811579
1.565 	9.874942
1.566 	10.171677
1.567 	12.139298
1.568 	12.628654
1.569 	10.482487
1.570 	9.216397
1.571 	9.532514
1.572 	9.734927
1.573 	10.649041
1.574 	10.561194
1.575 	9.071225
1.576 	9.199907
1.577 	11.078415
1.578 	11.675713
1.579 	13.688940
1.580 	16.127864
1.581 	14.219186
1.582 	10.410346
1.583 	10.792609
1.584 	11.715349
1.585 	11.503046
1.586 	11.460502
1.587 	10.934560
1.588 	9.485928
1.589 	8.348259
1.590 	9.845092
1.591 	10.616386
1.592 	10.897167
1.593 	10.659030
1.594 	11.141315
1.595 	13.673557
1.596 	13.692705
1.597 	11.095581
1.598 	9.869543
1.599 	9.954386
1.600 	10.645727
1.601 	11.515319
1.602 	11.596425
1.603 	11.921107
1.604 	14.093031
1.605 	15.046722
1.606 	12.284531
1.607 	10.880194
1.608 	11.845880
1.609 	11.991424
1.610 	9.843601
1.611 	9.370854
1.612 	12.829947
1.613 	14.832233
1.614 	14.226917
1.615 	11.724825
1.616 	9.316756
1.617 	9.624591
1.618 	9.954013
1.619 	10.595751
1.620 	13.904026
1.621 	15.076390
1.622 	13.822221
1.623 	12.893474
1.624 	9.961171
1.625 	10.858882
1.626 	11.702515
1.627 	9.150008
1.628 	9.095866
1.629 	11.940839
1.630 	12.481145
1.631 	10.877927
1.632 	12.206899
1.633 	14.469092
1.634 	14.981447
1.635 	15.386230
1.636 	13.927717
1.637 	13.061555
1.638 	13.682604
1.639 	12.769124
1.640 	11.280655
1.641 	12.598544
1.642 	12.411233
1.643 	11.158050
1.644 	11.875703
1.645 	12.581545
1.646 	13.755476
1.647 	13.749637
1.648 	12.205716
1.649 	11.190564
1.650 	11.148048
1.651 	12.631328
1.652 	12.299583
1.653 	11.821762
1.654 	9.211518
1.655 	11.804320
1.656 	15.460947
1.657 	12.420412
1.658 	9.716012
1.659 	12.976519
1.660 	13.430561
1.661 	11.998603
1.662 	11.456327
1.663 	12.411527
1.664 	15.039686
1.665 	12.932600
1.666 	7.938266
1.667 	11.468233
1.668 	15.420365
1.669 	11.492133
1.670 	8.689094
1.671 	11.901804
1.672 	16.550065
1.673 	17.873715
1.674 	17.253490
1.675 	12.266403
1.676 	12.677418
1.677 	8.679833
1.678 	12.159216
1.679 	12.681684
1.680 	8.547192
1.681 	14.341057
1.682 	19.787938
1.683 	14.715868
1.684 	17.081435
1.685 	15.111701
1.686 	16.309183
1.687 	19.808110
1.688 	10.478189
1.689 	6.368090
1.690 	22.216490
1.691 	8.636977
1.692 	4.050729
1.693 	16.240027
1.694 	25.884359
1.695 	12.467616
1.696 	12.347414
1.697 	10.409479
1.698 	5.498236
1.699 	17.472601
1.700 	17.074799
