0.660 	20.757646
0.661 	24.729833
0.662 	14.595756
0.663 	25.591172
0.664 	17.992388
0.665 	24.588616
0.666 	13.929262
0.667 	28.651145
0.668 	9.788483
0.669 	23.406642
0.670 	20.113580
0.671 	23.199816
0.672 	18.574819
0.673 	25.588094
0.674 	18.471445
0.675 	17.887117
0.676 	19.191889
0.677 	16.487667
0.678 	13.800182
0.679 	18.998133
0.680 	13.636447
0.681 	19.054989
0.682 	24.089147
0.683 	25.572525
0.684 	17.770223
0.685 	19.247712
0.686 	19.320121
0.687 	23.004343
0.688 	20.547109
0.689 	23.916007
0.690 	13.229078
0.691 	15.279313
0.692 	13.319565
0.693 	21.083500
0.694 	20.546641
0.695 	12.016404
0.696 	17.347041
0.697 	27.252916
0.698 	28.532939
0.699 	20.858351
0.700 	22.472147
0.701 	17.250305
0.702 	13.465039
0.703 	21.729771
0.704 	20.428724
0.705 	13.017048
0.706 	13.142256
0.707 	15.635133
0.708 	19.339359
0.709 	21.342448
0.710 	20.243620
0.711 	23.085934
0.712 	22.079524
0.713 	18.903827
0.714 	13.486318
0.715 	13.172961
0.716 	20.393887
0.717 	20.609057
0.718 	13.877018
0.719 	16.030632
0.720 	20.860881
0.721 	17.274018
0.722 	18.303607
0.723 	16.331183
0.724 	18.871613
0.725 	22.161875
0.726 	17.710575
0.727 	17.992061
0.728 	15.630656
0.729 	14.101147
0.730 	19.724214
0.731 	19.866846
0.732 	17.058330
0.733 	16.028363
0.734 	19.502604
0.735 	19.575085
0.736 	19.923700
0.737 	19.219612
0.738 	14.641092
0.739 	13.313978
0.740 	19.080322
0.741 	21.032814
0.742 	15.820301
0.743 	15.085308
0.744 	19.766264
0.745 	19.400611
0.746 	14.903365
0.747 	18.211850
0.748 	22.092550
0.749 	21.345397
0.750 	17.914126
0.751 	14.551849
0.752 	18.659031
0.753 	22.682900
0.754 	17.230873
0.755 	15.859516
0.756 	16.692315
0.757 	17.672870
0.758 	18.785111
0.759 	19.913269
0.760 	17.846943
0.761 	17.400982
0.762 	18.322258
0.763 	17.657643
0.764 	15.743551
0.765 	14.779241
0.766 	15.902310
0.767 	15.832476
0.768 	16.083748
0.769 	16.766183
0.770 	17.586655
0.771 	18.989491
0.772 	17.709474
0.773 	16.606360
0.774 	17.582564
0.775 	15.549901
0.776 	14.332986
0.777 	17.274951
0.778 	19.817785
0.779 	20.032813
0.780 	18.721187
0.781 	18.199199
0.782 	17.340202
0.783 	17.153347
0.784 	19.620501
0.785 	19.949341
0.786 	16.911483
0.787 	14.643053
0.788 	16.455824
0.789 	19.776594
0.790 	18.281322
0.791 	15.694944
0.792 	15.384829
0.793 	15.686010
0.794 	17.121826
0.795 	18.953049
0.796 	18.389770
0.797 	17.709218
0.798 	17.882260
0.799 	17.718391
0.800 	16.188455
0.801 	13.897624
0.802 	14.504072
0.803 	15.974773
0.804 	17.430430
0.805 	19.490294
0.806 	18.591764
0.807 	19.363558
0.808 	22.041887
0.809 	21.305288
0.810 	17.512159
0.811 	16.062724
0.812 	16.714605
0.813 	15.748835
0.814 	16.581829
0.815 	17.759325
0.816 	17.149424
0.817 	17.208396
0.818 	17.601301
0.819 	18.624523
0.820 	18.837319
0.821 	16.848946
0.822 	15.140517
0.823 	14.680696
0.824 	14.258287
0.825 	14.972288
0.826 	15.734976
0.827 	16.652062
0.828 	17.999532
0.829 	17.399407
0.830 	16.004490
0.831 	16.106274
0.832 	16.255706
0.833 	15.607776
0.834 	15.120641
0.835 	15.012148
0.836 	16.524316
0.837 	18.690104
0.838 	18.461459
0.839 	17.691593
0.840 	17.252087
0.841 	16.228382
0.842 	16.564276
0.843 	18.118187
0.844 	18.826334
0.845 	18.845152
0.846 	17.413119
0.847 	16.149959
0.848 	16.887747
0.849 	17.799340
0.850 	17.201271
0.851 	15.837635
0.852 	15.465742
0.853 	15.537162
0.854 	15.911647
0.855 	16.760336
0.856 	17.820192
0.857 	17.592321
0.858 	16.159423
0.859 	15.611977
0.860 	15.317490
0.861 	15.661943
0.862 	16.943025
0.863 	16.988178
0.864 	15.884667
0.865 	15.249877
0.866 	14.883612
0.867 	14.751052
0.868 	15.218079
0.869 	15.286622
0.870 	14.758415
0.871 	14.639976
0.872 	15.776594
0.873 	17.685365
0.874 	18.606209
0.875 	17.219106
0.876 	15.903339
0.877 	16.726302
0.878 	17.259080
0.879 	15.228026
0.880 	12.730245
0.881 	13.174221
0.882 	15.254293
0.883 	16.603222
0.884 	17.243438
0.885 	18.067914
0.886 	17.942260
0.887 	16.781283
0.888 	16.940740
0.889 	16.413879
0.890 	13.541021
0.891 	13.484728
0.892 	16.601037
0.893 	17.984223
0.894 	16.900836
0.895 	16.071440
0.896 	16.251993
0.897 	16.215005
0.898 	16.160812
0.899 	16.436091
0.900 	15.965108
0.901 	15.059278
0.902 	15.000271
0.903 	15.650445
0.904 	16.399639
0.905 	17.206247
0.906 	18.643292
0.907 	18.993724
0.908 	16.900390
0.909 	13.546357
0.910 	11.194881
0.911 	12.462812
0.912 	14.892104
0.913 	16.252884
0.914 	16.516451
0.915 	16.035662
0.916 	15.613796
0.917 	15.293660
0.918 	14.418566
0.919 	13.763437
0.920 	14.535268
0.921 	15.855425
0.922 	16.927291
0.923 	16.584597
0.924 	14.974466
0.925 	14.151888
0.926 	14.303494
0.927 	15.144970
0.928 	16.280612
0.929 	15.633302
0.930 	15.309328
0.931 	17.185208
0.932 	18.625518
0.933 	17.532298
0.934 	15.122480
0.935 	13.652745
0.936 	12.849229
0.937 	12.527203
0.938 	13.672650
0.939 	15.659597
0.940 	15.470977
0.941 	15.144922
0.942 	16.017648
0.943 	15.925634
0.944 	15.327538
0.945 	15.120136
0.946 	14.455161
0.947 	13.944920
0.948 	14.732232
0.949 	15.349529
0.950 	14.670901
0.951 	14.064114
0.952 	15.080112
0.953 	16.747643
0.954 	16.089949
0.955 	15.240211
0.956 	13.949503
0.957 	13.068898
0.958 	12.250636
0.959 	14.285860
0.960 	15.427782
0.961 	13.981708
0.962 	13.564036
0.963 	13.681378
0.964 	14.442267
0.965 	14.367840
0.966 	13.950405
0.967 	13.960963
0.968 	13.821703
0.969 	14.003738
0.970 	14.136248
0.971 	13.247292
0.972 	12.871609
0.973 	12.621969
0.974 	13.928133
0.975 	13.957634
0.976 	14.895946
0.977 	15.028730
0.978 	12.355175
0.979 	13.108701
0.980 	13.753734
0.981 	12.889342
0.982 	11.869622
0.983 	12.510523
0.984 	12.863340
0.985 	12.903498
0.986 	12.928839
0.987 	13.856399
0.988 	15.178309
0.989 	15.914529
0.990 	15.970986
0.991 	15.130124
0.992 	14.125977
0.993 	12.455669
0.994 	10.841815
0.995 	11.762844
0.996 	12.947125
0.997 	12.919983
0.998 	12.869306
0.999 	13.331056
1.000 	14.440192
1.001 	14.139290
1.002 	11.386123
1.003 	12.145381
1.004 	13.640013
1.005 	13.439930
1.006 	14.930631
1.007 	15.172626
1.008 	13.347662
1.009 	11.236689
1.010 	11.579769
1.011 	13.504595
1.012 	13.025354
1.013 	11.969382
1.014 	12.630543
1.015 	14.855312
1.016 	15.212552
1.017 	14.237880
1.018 	14.220105
1.019 	13.424523
1.020 	12.058597
1.021 	11.275695
1.022 	12.970241
1.023 	13.982806
1.024 	13.086406
1.025 	12.195100
1.026 	12.993344
1.027 	13.893177
1.028 	13.161638
1.029 	12.567401
1.030 	13.155160
1.031 	13.765404
1.032 	13.868038
1.033 	13.064109
1.034 	11.378071
1.035 	10.806169
1.036 	11.610816
1.037 	13.102618
1.038 	14.034253
1.039 	14.385611
1.040 	14.464184
1.041 	14.139086
1.042 	14.040234
1.043 	13.929666
1.044 	12.750504
1.045 	12.903543
1.046 	15.302474
1.047 	14.821661
1.048 	12.994063
1.049 	12.657274
1.050 	12.458133
1.051 	12.320159
1.052 	12.200120
1.053 	13.172905
1.054 	13.933989
1.055 	13.717216
1.056 	13.550576
1.057 	13.132845
1.058 	11.971304
1.059 	12.067640
1.060 	13.200869
1.061 	13.516966
1.062 	12.953251
1.063 	12.978800
1.064 	14.749998
1.065 	15.399651
1.066 	14.650732
1.067 	13.721226
1.068 	13.500887
1.069 	13.041650
1.070 	11.820324
1.071 	10.637772
1.072 	10.428505
1.073 	12.132247
1.074 	14.428457
1.075 	14.931083
1.076 	12.951083
1.077 	11.996950
1.078 	12.754706
1.079 	13.640755
1.080 	14.294092
1.081 	14.187608
1.082 	14.171840
1.083 	15.123560
1.084 	15.271484
1.085 	14.140904
1.086 	13.855024
1.087 	13.745394
1.088 	13.553088
1.089 	13.967863
1.090 	13.181894
1.091 	11.418956
1.092 	11.744980
1.093 	13.639437
1.094 	14.544600
1.095 	15.022826
1.096 	15.114058
1.097 	14.036463
1.098 	11.950208
1.099 	10.615261
1.100 	11.344978
1.101 	12.580886
1.102 	12.577727
1.103 	11.710855
1.104 	10.929122
1.105 	11.205980
1.106 	12.883417
1.107 	15.213722
1.108 	15.890415
1.109 	14.744573
1.110 	12.683955
1.111 	11.215213
1.112 	11.683102
1.113 	12.616514
1.114 	13.125869
1.115 	13.868873
1.116 	14.731738
1.117 	14.707925
1.118 	12.716934
1.119 	10.494229
1.120 	11.337098
1.121 	13.792486
1.122 	14.240712
1.123 	13.332114
1.124 	13.269694
1.125 	14.157882
1.126 	13.959681
1.127 	12.430760
1.128 	12.399092
1.129 	13.412244
1.130 	12.475066
1.131 	11.176113
1.132 	11.966342
1.133 	13.901818
1.134 	14.108989
1.135 	13.125830
1.136 	13.156128
1.137 	13.068865
1.138 	11.757600
1.139 	11.231408
1.140 	10.868957
1.141 	9.782679
1.142 	10.051863
1.143 	11.462405
1.144 	11.688706
1.145 	11.047359
1.146 	11.133605
1.147 	11.688184
1.148 	12.113734
1.149 	12.916118
1.150 	13.150097
1.151 	11.801197
1.152 	10.685142
1.153 	11.062418
1.154 	11.575997
1.155 	11.074089
1.156 	9.878961
1.157 	8.902985
1.158 	9.390065
1.159 	10.179011
1.160 	9.713750
1.161 	9.622825
1.162 	10.487665
1.163 	11.156211
1.164 	11.520241
1.165 	11.375112
1.166 	10.307384
1.167 	9.263092
1.168 	8.756874
1.169 	9.304239
1.170 	11.175926
1.171 	12.784992
1.172 	12.509012
1.173 	10.593908
1.174 	8.576060
1.175 	7.511804
1.176 	7.677888
1.177 	9.007265
1.178 	9.577338
1.179 	8.569504
1.180 	8.507479
1.181 	9.833822
1.182 	10.724512
1.183 	10.803169
1.184 	9.449038
1.185 	7.363902
1.186 	6.856830
1.187 	8.382398
1.188 	9.659711
1.189 	8.691832
1.190 	9.098995
1.191 	12.618450
1.192 	14.932337
1.193 	13.913237
1.194 	10.812739
1.195 	8.982415
1.196 	9.135416
1.197 	9.021330
1.198 	9.124553
1.199 	11.080289
1.200 	11.916140
1.201 	9.695360
1.202 	7.603248
1.203 	7.019032
1.204 	6.954489
1.205 	7.288281
1.206 	7.715270
1.207 	8.564778
1.208 	9.672080
1.209 	10.399058
1.210 	10.416111
1.211 	9.663041
1.212 	9.387883
1.213 	10.058846
1.214 	10.420752
1.215 	9.489612
1.216 	8.161687
1.217 	8.140658
1.218 	9.084446
1.219 	10.181246
1.220 	10.447383
1.221 	10.110404
1.222 	9.941493
1.223 	9.524762
1.224 	8.346958
1.225 	7.459928
1.226 	7.923638
1.227 	9.470524
1.228 	10.996539
1.229 	11.490730
1.230 	11.144088
1.231 	10.363831
1.232 	9.711274
1.233 	10.009337
1.234 	11.334515
1.235 	12.028622
1.236 	10.896842
1.237 	9.484324
1.238 	9.777643
1.239 	11.586912
1.240 	13.730681
1.241 	14.092351
1.242 	12.127608
1.243 	8.846529
1.244 	5.985721
1.245 	5.290822
1.246 	5.694210
1.247 	5.892443
1.248 	6.645014
1.249 	8.195442
1.250 	10.252244
1.251 	11.930144
1.252 	12.524478
1.253 	13.054285
1.254 	13.833300
1.255 	13.229174
1.256 	11.529957
1.257 	10.278916
1.258 	10.361104
1.259 	11.017130
1.260 	10.917222
1.261 	9.980698
1.262 	9.054598
1.263 	9.124299
1.264 	10.455772
1.265 	11.848647
1.266 	11.569857
1.267 	9.734563
1.268 	8.758862
1.269 	9.306856
1.270 	9.916567
1.271 	9.938157
1.272 	10.217564
1.273 	11.369114
1.274 	12.413186
1.275 	12.276924
1.276 	11.499438
1.277 	10.098105
1.278 	8.829734
1.279 	9.308493
1.280 	10.414750
1.281 	10.336095
1.282 	9.777867
1.283 	10.032352
1.284 	11.040538
1.285 	11.399960
1.286 	11.134519
1.287 	11.077647
1.288 	10.034824
1.289 	7.856235
1.290 	7.074545
1.291 	8.174759
1.292 	9.408706
1.293 	10.590216
1.294 	12.653531
1.295 	14.715831
1.296 	14.518129
1.297 	11.013818
1.298 	8.021784
1.299 	7.387424
1.300 	7.448414
1.301 	7.667435
1.302 	9.054804
1.303 	10.945019
1.304 	11.787306
1.305 	10.964107
1.306 	9.971631
1.307 	9.917294
1.308 	9.982359
1.309 	9.764271
1.310 	9.348270
1.311 	9.303009
1.312 	10.046896
1.313 	10.865907
1.314 	10.526698
1.315 	8.638641
1.316 	7.191223
1.317 	8.341152
1.318 	11.344080
1.319 	14.278199
1.320 	14.691881
1.321 	12.632943
1.322 	11.001971
1.323 	10.534408
1.324 	9.697016
1.325 	8.369467
1.326 	7.588123
1.327 	7.114228
1.328 	6.460365
1.329 	6.638393
1.330 	7.773555
1.331 	8.194885
1.332 	7.430342
1.333 	7.515080
1.334 	9.792715
1.335 	12.615571
1.336 	13.866613
1.337 	12.873013
1.338 	10.929519
1.339 	9.231045
1.340 	8.599494
1.341 	9.348919
1.342 	9.794379
1.343 	8.742491
1.344 	7.521877
1.345 	7.505390
1.346 	8.823037
1.347 	9.899765
1.348 	8.830310
1.349 	5.619049
1.350 	3.239616
1.351 	4.453759
1.352 	7.087752
1.353 	8.565107
1.354 	8.941070
1.355 	9.634332
1.356 	10.139264
1.357 	9.251723
1.358 	7.182424
1.359 	5.531257
1.360 	5.506289
1.361 	6.313522
1.362 	6.370501
1.363 	6.668860
1.364 	7.500335
1.365 	7.869215
1.366 	7.502871
1.367 	6.805183
1.368 	7.021197
1.369 	7.750616
1.370 	7.113143
1.371 	5.228179
1.372 	4.600180
1.373 	6.444673
1.374 	8.648570
1.375 	8.503263
1.376 	7.049589
1.377 	6.445200
1.378 	7.529680
1.379 	8.821800
1.380 	8.454317
1.381 	6.643072
1.382 	4.811691
1.383 	5.529307
1.384 	8.441796
1.385 	9.321869
1.386 	7.419923
1.387 	5.795670
1.388 	6.007225
1.389 	6.465442
1.390 	6.463550
1.391 	6.861954
1.392 	7.422252
1.393 	6.931408
1.394 	4.527624
1.395 	2.595610
1.396 	3.323460
1.397 	4.453165
1.398 	4.123315
1.399 	3.572076
1.400 	4.442611
1.401 	5.109880
1.402 	3.655952
1.403 	2.049699
1.404 	2.539053
1.405 	3.996500
1.406 	4.698624
1.407 	5.566872
1.408 	7.466604
1.409 	8.184463
1.410 	5.769208
1.411 	2.291532
1.412 	2.692148
1.413 	6.327573
1.414 	8.067370
1.415 	6.356775
1.416 	2.410612
1.417 	0.154498
1.418 	0.337897
1.419 	0.362932
1.420 	0.956884
1.421 	3.014293
1.422 	3.506118
1.423 	2.940191
1.424 	5.011748
1.425 	7.954726
1.426 	8.575479
1.427 	7.267269
1.428 	4.528107
1.429 	0.614110
1.430 	-1.615937
1.431 	-0.880729
1.432 	0.118106
1.433 	-0.064636
1.434 	-0.297677
1.435 	0.673120
1.436 	3.388208
1.437 	6.628458
1.438 	8.105247
1.439 	7.730201
1.440 	6.935355
1.441 	6.448342
1.442 	4.948642
1.443 	2.522948
1.444 	0.564140
1.445 	-0.554226
1.446 	-0.070749
1.447 	1.344013
1.448 	3.507545
1.449 	7.088272
1.450 	8.242230
1.451 	5.392798
1.452 	0.881938
1.453 	-2.923342
1.454 	-1.613095
1.455 	3.343428
1.456 	5.479117
1.457 	5.441185
1.458 	5.798943
1.459 	5.253953
1.460 	3.998752
1.461 	4.206671
1.462 	5.297513
1.463 	5.159861
1.464 	4.216472
1.465 	4.759897
1.466 	6.548013
1.467 	5.821206
1.468 	2.767719
1.469 	1.357633
1.470 	3.139099
1.471 	5.637553
1.472 	5.551852
1.473 	4.246525
1.474 	4.415847
1.475 	3.462526
1.476 	0.933237
1.477 	1.535565
1.478 	3.720935
1.479 	3.712233
1.480 	2.772080
1.481 	2.482531
1.482 	3.937904
1.483 	4.273266
1.484 	2.629573
1.485 	2.996252
1.486 	4.842316
1.487 	5.540520
1.488 	5.208812
1.489 	5.034755
1.490 	6.221341
1.491 	8.122801
1.492 	6.979290
1.493 	3.442026
1.494 	1.162624
1.495 	0.991125
1.496 	2.547484
1.497 	5.723912
1.498 	8.063454
1.499 	4.687712
1.500 	-2.014312
1.501 	-1.450380
1.502 	4.293996
1.503 	7.289177
1.504 	6.079560
1.505 	2.292438
1.506 	-0.910241
1.507 	-0.747722
1.508 	1.863740
1.509 	4.883562
1.510 	5.464559
1.511 	4.001500
1.512 	3.314176
1.513 	2.330962
1.514 	2.272738
1.515 	4.201038
1.516 	5.374622
1.517 	7.154063
1.518 	8.875338
1.519 	6.604171
1.520 	2.881697
1.521 	-0.657843
1.522 	-3.955268
1.523 	-2.954652
1.524 	0.965321
1.525 	4.807972
1.526 	7.944276
1.527 	9.278838
1.528 	6.223250
1.529 	2.027274
1.530 	2.006565
1.531 	5.275270
1.532 	7.233896
1.533 	7.091487
1.534 	5.390630
1.535 	3.128836
1.536 	0.742625
1.537 	0.633504
1.538 	1.603773
1.539 	4.520101
1.540 	6.512516
1.541 	6.237222
1.542 	6.423835
1.543 	3.460385
1.544 	1.592446
1.545 	4.197136
1.546 	7.235194
1.547 	7.933132
1.548 	7.721982
1.549 	7.655524
1.550 	5.455774
1.551 	3.987898
1.552 	7.400691
1.553 	9.787961
1.554 	8.087564
1.555 	5.298370
1.556 	5.486589
1.557 	4.672557
1.558 	3.179735
1.559 	4.088016
1.560 	4.206200
1.561 	2.722764
1.562 	4.369969
1.563 	6.953193
1.564 	5.837637
1.565 	4.457909
1.566 	5.960899
1.567 	6.979281
1.568 	3.667993
1.569 	0.923572
1.570 	3.944426
1.571 	6.265833
1.572 	6.123385
1.573 	5.332737
1.574 	6.624085
1.575 	8.579630
1.576 	7.461948
1.577 	5.627367
1.578 	2.235960
1.579 	-0.361128
1.580 	3.773361
1.581 	11.464035
1.582 	11.750925
1.583 	4.690749
1.584 	1.326229
1.585 	5.444826
1.586 	8.306562
1.587 	7.489666
1.588 	9.189544
1.589 	9.812355
1.590 	7.585316
1.591 	6.288486
1.592 	7.849133
1.593 	8.396078
1.594 	8.182115
1.595 	5.281162
1.596 	0.633401
1.597 	0.447330
1.598 	3.398046
1.599 	4.931206
1.600 	3.812682
1.601 	3.452552
1.602 	4.843182
1.603 	7.217033
1.604 	8.574169
1.605 	5.717392
1.606 	3.018126
1.607 	0.185862
1.608 	-0.413322
1.609 	3.078269
1.610 	6.901227
1.611 	9.376783
1.612 	7.977827
1.613 	6.125548
1.614 	7.764665
1.615 	10.094245
1.616 	9.527561
1.617 	6.264395
1.618 	6.679015
1.619 	6.861418
1.620 	6.007397
1.621 	2.675801
1.622 	1.266143
1.623 	3.522469
1.624 	2.253490
1.625 	4.990223
1.626 	10.198090
1.627 	10.262950
1.628 	7.602796
1.629 	6.459944
1.630 	7.729893
1.631 	10.629022
1.632 	7.572723
1.633 	2.300060
1.634 	-1.382765
1.635 	4.586198
1.636 	10.419016
1.637 	8.026381
1.638 	8.267303
1.639 	7.816280
1.640 	3.646104
1.641 	2.583112
1.642 	4.295401
1.643 	5.765508
1.644 	9.855019
1.645 	8.421255
1.646 	2.563368
1.647 	6.340012
1.648 	8.370316
1.649 	8.297948
1.650 	5.550512
1.651 	8.727915
1.652 	10.752003
1.653 	6.973162
1.654 	4.470746
1.655 	2.671255
1.656 	6.106650
1.657 	7.982538
1.658 	1.760611
1.659 	3.519558
1.660 	8.014539
1.661 	0.937552
1.662 	-2.643745
1.663 	-4.129784
1.664 	4.108512
1.665 	9.033575
1.666 	13.892833
1.667 	14.921807
1.668 	3.401978
1.669 	1.123421
1.670 	4.673984
1.671 	7.101772
1.672 	7.278076
1.673 	10.904208
1.674 	10.455584
1.675 	2.423887
1.676 	1.257245
1.677 	13.329708
1.678 	14.361988
1.679 	0.386316
1.680 	10.161717
1.681 	17.403618
1.682 	1.027848
1.683 	1.257088
1.684 	-7.994553
1.685 	1.647987
1.686 	15.633706
1.687 	23.310485
1.688 	23.486789
1.689 	-2.373437
1.690 	-26.006033
1.691 	2.432225
1.692 	0.750229
1.693 	18.525265
1.694 	14.545761
1.695 	15.565119
1.696 	6.507366
1.697 	7.390550
1.698 	12.928132
1.699 	-22.357126
1.700 	-47.922251
