0.660 	32.450436
0.661 	30.293428
0.662 	39.729844
0.663 	31.228167
0.664 	29.240914
0.665 	32.019129
0.666 	32.485799
0.667 	29.153969
0.668 	31.238270
0.669 	34.198521
0.670 	33.728342
0.671 	33.762158
0.672 	30.453841
0.673 	31.071381
0.674 	33.108497
0.675 	31.954892
0.676 	32.291582
0.677 	33.919908
0.678 	29.575443
0.679 	35.723193
0.680 	33.719527
0.681 	31.621822
0.682 	31.509830
0.683 	34.426038
0.684 	31.707041
0.685 	30.835581
0.686 	30.644217
0.687 	34.045205
0.688 	34.078359
0.689 	31.908862
0.690 	28.534094
0.691 	33.646803
0.692 	32.817810
0.693 	33.843560
0.694 	32.053202
0.695 	34.305069
0.696 	32.907946
0.697 	32.564438
0.698 	34.107611
0.699 	33.432343
0.700 	32.624068
0.701 	34.441572
0.702 	33.366277
0.703 	34.043776
0.704 	34.588728
0.705 	32.383131
0.706 	32.742925
0.707 	33.463491
0.708 	33.001213
0.709 	32.103097
0.710 	32.786115
0.711 	33.225795
0.712 	35.086915
0.713 	33.721163
0.714 	30.437703
0.715 	31.849468
0.716 	31.617984
0.717 	32.544366
0.718 	32.913126
0.719 	32.197240
0.720 	34.430530
0.721 	33.133811
0.722 	31.983299
0.723 	33.319881
0.724 	33.748955
0.725 	33.724301
0.726 	33.264871
0.727 	31.906852
0.728 	32.401739
0.729 	32.489118
0.730 	31.320072
0.731 	32.029541
0.732 	32.197241
0.733 	31.690154
0.734 	32.865773
0.735 	34.464409
0.736 	33.918357
0.737 	32.138418
0.738 	31.871080
0.739 	32.245901
0.740 	32.694121
0.741 	33.375988
0.742 	32.496764
0.743 	31.990752
0.744 	32.973548
0.745 	33.401341
0.746 	32.943436
0.747 	32.143315
0.748 	31.562390
0.749 	31.939787
0.750 	32.684094
0.751 	32.952565
0.752 	32.977738
0.753 	32.892334
0.754 	31.717231
0.755 	32.020900
0.756 	32.877754
0.757 	31.530791
0.758 	30.668336
0.759 	31.776871
0.760 	32.494623
0.761 	32.347694
0.762 	32.337625
0.763 	31.766850
0.764 	31.550881
0.765 	31.746478
0.766 	32.229939
0.767 	31.868529
0.768 	31.902942
0.769 	32.936066
0.770 	33.728757
0.771 	32.847241
0.772 	31.663455
0.773 	31.765407
0.774 	32.081580
0.775 	31.997480
0.776 	32.260739
0.777 	32.321796
0.778 	31.728073
0.779 	31.936224
0.780 	32.387349
0.781 	33.038482
0.782 	32.606707
0.783 	31.687405
0.784 	31.794589
0.785 	32.014227
0.786 	32.418472
0.787 	32.403405
0.788 	32.091721
0.789 	31.742741
0.790 	31.923363
0.791 	33.063773
0.792 	32.622177
0.793 	31.477074
0.794 	32.146076
0.795 	32.876498
0.796 	32.489776
0.797 	31.728700
0.798 	31.798689
0.799 	32.203014
0.800 	32.463502
0.801 	32.233293
0.802 	31.839691
0.803 	31.987400
0.804 	32.253422
0.805 	31.958168
0.806 	31.476357
0.807 	31.866391
0.808 	32.879555
0.809 	33.329373
0.810 	32.660596
0.811 	32.595313
0.812 	32.394259
0.813 	31.915118
0.814 	31.838721
0.815 	31.633249
0.816 	32.165754
0.817 	32.820552
0.818 	32.077693
0.819 	31.759753
0.820 	32.136630
0.821 	32.370875
0.822 	31.933415
0.823 	31.887507
0.824 	32.587898
0.825 	32.187303
0.826 	31.117100
0.827 	31.327626
0.828 	31.734167
0.829 	31.006645
0.830 	30.713799
0.831 	31.449752
0.832 	32.063595
0.833 	32.104559
0.834 	31.523942
0.835 	30.925282
0.836 	31.237359
0.837 	31.825794
0.838 	32.342519
0.839 	32.406156
0.840 	32.088730
0.841 	31.558420
0.842 	31.340872
0.843 	31.225854
0.844 	31.484329
0.845 	32.095646
0.846 	32.137325
0.847 	31.948662
0.848 	31.367358
0.849 	31.484968
0.850 	32.317664
0.851 	32.346469
0.852 	31.508301
0.853 	30.722280
0.854 	31.078491
0.855 	31.470063
0.856 	30.994075
0.857 	30.886754
0.858 	31.679344
0.859 	32.347008
0.860 	32.348828
0.861 	32.011994
0.862 	31.775598
0.863 	31.313987
0.864 	30.785901
0.865 	30.509010
0.866 	30.649249
0.867 	31.319172
0.868 	31.483489
0.869 	30.975467
0.870 	30.899146
0.871 	31.346268
0.872 	31.561719
0.873 	31.162415
0.874 	30.612960
0.875 	30.883176
0.876 	31.959938
0.877 	32.569176
0.878 	32.010938
0.879 	30.822109
0.880 	30.184885
0.881 	30.287634
0.882 	30.472975
0.883 	30.783696
0.884 	30.983569
0.885 	30.723427
0.886 	30.504757
0.887 	31.097393
0.888 	31.854582
0.889 	31.609280
0.890 	31.001987
0.891 	31.122646
0.892 	31.391167
0.893 	31.245375
0.894 	30.508917
0.895 	29.693861
0.896 	30.083336
0.897 	30.994205
0.898 	31.337197
0.899 	31.192660
0.900 	31.065516
0.901 	31.096056
0.902 	31.008434
0.903 	30.965119
0.904 	30.746705
0.905 	30.099966
0.906 	29.742234
0.907 	30.027539
0.908 	30.772904
0.909 	31.485730
0.910 	31.839118
0.911 	31.789351
0.912 	31.539447
0.913 	31.195335
0.914 	30.299297
0.915 	29.357194
0.916 	29.567427
0.917 	30.449474
0.918 	31.151108
0.919 	31.200729
0.920 	30.654343
0.921 	30.333957
0.922 	30.542284
0.923 	30.571731
0.924 	29.953775
0.925 	29.302995
0.926 	29.267087
0.927 	29.445686
0.928 	29.824196
0.929 	30.371959
0.930 	30.516968
0.931 	30.178955
0.932 	29.850645
0.933 	29.581083
0.934 	29.736756
0.935 	30.435661
0.936 	30.356022
0.937 	30.180699
0.938 	30.318627
0.939 	29.705374
0.940 	28.444869
0.941 	28.243580
0.942 	28.778390
0.943 	28.658740
0.944 	28.687088
0.945 	29.190357
0.946 	29.110650
0.947 	29.108272
0.948 	29.426773
0.949 	29.684343
0.950 	29.303017
0.951 	29.423291
0.952 	30.017239
0.953 	29.892433
0.954 	29.253415
0.955 	29.281143
0.956 	29.404103
0.957 	29.006833
0.958 	28.607493
0.959 	28.540792
0.960 	28.251402
0.961 	28.602701
0.962 	28.892834
0.963 	28.808484
0.964 	29.089226
0.965 	29.128456
0.966 	28.897469
0.967 	28.440501
0.968 	28.494611
0.969 	28.745362
0.970 	28.338976
0.971 	28.196341
0.972 	28.944718
0.973 	29.578429
0.974 	29.984348
0.975 	28.987436
0.976 	28.490215
0.977 	28.210831
0.978 	28.539176
0.979 	29.227117
0.980 	28.752084
0.981 	28.316163
0.982 	28.510809
0.983 	28.929620
0.984 	29.168382
0.985 	29.407907
0.986 	29.107941
0.987 	28.922997
0.988 	28.604808
0.989 	28.158165
0.990 	28.712833
0.991 	28.480441
0.992 	28.581619
0.993 	28.937209
0.994 	29.165644
0.995 	29.318692
0.996 	29.144131
0.997 	28.617577
0.998 	28.529213
0.999 	28.591336
1.000 	28.496167
1.001 	28.786332
1.002 	29.256240
1.003 	29.184357
1.004 	28.468434
1.005 	28.682829
1.006 	29.384835
1.007 	29.662491
1.008 	29.513303
1.009 	29.196750
1.010 	29.066768
1.011 	28.715075
1.012 	28.488920
1.013 	28.824724
1.014 	29.252355
1.015 	29.295581
1.016 	29.747625
1.017 	29.725398
1.018 	28.846313
1.019 	28.421445
1.020 	29.119053
1.021 	29.626055
1.022 	29.132322
1.023 	29.057690
1.024 	29.467067
1.025 	29.337862
1.026 	29.120021
1.027 	28.876176
1.028 	29.230129
1.029 	29.698037
1.030 	29.333375
1.031 	29.343368
1.032 	29.698169
1.033 	29.035185
1.034 	28.679960
1.035 	29.146677
1.036 	29.689669
1.037 	29.733530
1.038 	29.066953
1.039 	29.228593
1.040 	30.277721
1.041 	30.251750
1.042 	29.475877
1.043 	28.931861
1.044 	29.189068
1.045 	29.805116
1.046 	29.876987
1.047 	29.672172
1.048 	29.600463
1.049 	29.154470
1.050 	29.452547
1.051 	30.433970
1.052 	30.068429
1.053 	29.128344
1.054 	29.433760
1.055 	29.797322
1.056 	29.650222
1.057 	30.074801
1.058 	30.679631
1.059 	30.665293
1.060 	30.269130
1.061 	29.609803
1.062 	28.961146
1.063 	28.897802
1.064 	29.685272
1.065 	29.999630
1.066 	29.352741
1.067 	29.135984
1.068 	29.047532
1.069 	28.868289
1.070 	29.372165
1.071 	29.992113
1.072 	30.028158
1.073 	29.915999
1.074 	29.861669
1.075 	29.297813
1.076 	28.943963
1.077 	29.782362
1.078 	30.623145
1.079 	30.631560
1.080 	30.096805
1.081 	29.604989
1.082 	29.564325
1.083 	29.667912
1.084 	29.639021
1.085 	29.479165
1.086 	28.979025
1.087 	28.728690
1.088 	29.328907
1.089 	29.644763
1.090 	29.175467
1.091 	29.313405
1.092 	29.817944
1.093 	29.726840
1.094 	29.460997
1.095 	29.421435
1.096 	29.305867
1.097 	29.212609
1.098 	29.386419
1.099 	29.827118
1.100 	30.231292
1.101 	29.906875
1.102 	29.014250
1.103 	28.705429
1.104 	29.800115
1.105 	30.708567
1.106 	29.935982
1.107 	28.756997
1.108 	28.430001
1.109 	28.881729
1.110 	29.675246
1.111 	30.019496
1.112 	29.519562
1.113 	28.710712
1.114 	28.077878
1.115 	28.142081
1.116 	28.770922
1.117 	28.970400
1.118 	28.739265
1.119 	28.697333
1.120 	28.760539
1.121 	28.691090
1.122 	28.762190
1.123 	28.931410
1.124 	28.622446
1.125 	27.910008
1.126 	27.514818
1.127 	27.612894
1.128 	27.905734
1.129 	28.286204
1.130 	28.618543
1.131 	28.257493
1.132 	27.189502
1.133 	26.524827
1.134 	26.408426
1.135 	26.428426
1.136 	26.328344
1.137 	26.261323
1.138 	26.523232
1.139 	26.588294
1.140 	26.286823
1.141 	26.099195
1.142 	26.341081
1.143 	26.472831
1.144 	26.366603
1.145 	26.474684
1.146 	26.278358
1.147 	25.857246
1.148 	26.026357
1.149 	26.065539
1.150 	25.457926
1.151 	24.846322
1.152 	24.879652
1.153 	25.431986
1.154 	25.975115
1.155 	26.284642
1.156 	26.005597
1.157 	25.151596
1.158 	25.113756
1.159 	26.574495
1.160 	26.861299
1.161 	24.851858
1.162 	23.725778
1.163 	24.404698
1.164 	25.161443
1.165 	25.745366
1.166 	26.144002
1.167 	25.711427
1.168 	25.299969
1.169 	25.633352
1.170 	25.906614
1.171 	25.925944
1.172 	25.813043
1.173 	25.487645
1.174 	25.289182
1.175 	25.483217
1.176 	25.773590
1.177 	25.817649
1.178 	25.547426
1.179 	25.265021
1.180 	25.223133
1.181 	25.506717
1.182 	25.920723
1.183 	25.668235
1.184 	24.922515
1.185 	24.421576
1.186 	24.311870
1.187 	24.868365
1.188 	25.879323
1.189 	26.206803
1.190 	25.702059
1.191 	25.218192
1.192 	25.030413
1.193 	24.758513
1.194 	24.327233
1.195 	24.157048
1.196 	24.069827
1.197 	23.765419
1.198 	24.402507
1.199 	26.021236
1.200 	26.861767
1.201 	26.845593
1.202 	26.367949
1.203 	25.535704
1.204 	25.436862
1.205 	26.055677
1.206 	26.297615
1.207 	25.966334
1.208 	25.605298
1.209 	25.541298
1.210 	25.408805
1.211 	25.208463
1.212 	25.222493
1.213 	25.383193
1.214 	25.835856
1.215 	26.505082
1.216 	27.041515
1.217 	27.294792
1.218 	26.995468
1.219 	26.237378
1.220 	25.768003
1.221 	25.751875
1.222 	25.874194
1.223 	26.210257
1.224 	26.343679
1.225 	26.044794
1.226 	25.948863
1.227 	25.934376
1.228 	25.551364
1.229 	25.273732
1.230 	25.472110
1.231 	25.627225
1.232 	25.764768
1.233 	26.189640
1.234 	26.606911
1.235 	26.671697
1.236 	26.285302
1.237 	26.064146
1.238 	26.085142
1.239 	25.850345
1.240 	25.709908
1.241 	26.086929
1.242 	26.547805
1.243 	26.521752
1.244 	26.047597
1.245 	25.322837
1.246 	25.013796
1.247 	25.529314
1.248 	26.269587
1.249 	26.497122
1.250 	25.800170
1.251 	25.039084
1.252 	25.199428
1.253 	25.422002
1.254 	25.312963
1.255 	26.199014
1.256 	27.143116
1.257 	26.791098
1.258 	26.118679
1.259 	25.667286
1.260 	25.306410
1.261 	25.316846
1.262 	25.688294
1.263 	25.952335
1.264 	25.681100
1.265 	25.395487
1.266 	25.741286
1.267 	26.120180
1.268 	26.031646
1.269 	25.845472
1.270 	26.049810
1.271 	26.422007
1.272 	26.443124
1.273 	25.917061
1.274 	24.891986
1.275 	24.318293
1.276 	24.767713
1.277 	25.572468
1.278 	25.792617
1.279 	25.197566
1.280 	24.689175
1.281 	24.989146
1.282 	25.685336
1.283 	26.115175
1.284 	26.096029
1.285 	25.961577
1.286 	26.228753
1.287 	26.437491
1.288 	25.665900
1.289 	24.464679
1.290 	24.051808
1.291 	24.007059
1.292 	23.634236
1.293 	23.313712
1.294 	23.348027
1.295 	23.578700
1.296 	23.869626
1.297 	24.188131
1.298 	24.433247
1.299 	24.613698
1.300 	24.820099
1.301 	24.879314
1.302 	24.455082
1.303 	24.024777
1.304 	24.182929
1.305 	24.415128
1.306 	24.151903
1.307 	23.345347
1.308 	22.303894
1.309 	21.711367
1.310 	22.280079
1.311 	23.155483
1.312 	22.943589
1.313 	21.881534
1.314 	21.414178
1.315 	22.048679
1.316 	22.915436
1.317 	23.398127
1.318 	23.726553
1.319 	23.484550
1.320 	22.587133
1.321 	21.862303
1.322 	21.618981
1.323 	21.903772
1.324 	22.289859
1.325 	22.471725
1.326 	22.394657
1.327 	21.986834
1.328 	21.623558
1.329 	21.512119
1.330 	21.357359
1.331 	21.020590
1.332 	20.693861
1.333 	20.579362
1.334 	20.764630
1.335 	21.610040
1.336 	22.747388
1.337 	22.335742
1.338 	20.484469
1.339 	19.700208
1.340 	20.300494
1.341 	20.702507
1.342 	20.791927
1.343 	20.715907
1.344 	20.617258
1.345 	20.598771
1.346 	20.656174
1.347 	20.397856
1.348 	19.459043
1.349 	19.294176
1.350 	20.377746
1.351 	20.904513
1.352 	20.195409
1.353 	19.103572
1.354 	18.101504
1.355 	17.511264
1.356 	17.473708
1.357 	17.191053
1.358 	16.280313
1.359 	15.930872
1.360 	16.627160
1.361 	17.015973
1.362 	16.915309
1.363 	17.169394
1.364 	17.250177
1.365 	17.006709
1.366 	17.022199
1.367 	16.857503
1.368 	16.632258
1.369 	16.712700
1.370 	17.030872
1.371 	17.402948
1.372 	17.423828
1.373 	16.796797
1.374 	15.366350
1.375 	14.212390
1.376 	13.419287
1.377 	13.034737
1.378 	13.598090
1.379 	13.815022
1.380 	13.777756
1.381 	13.992067
1.382 	14.031666
1.383 	14.013118
1.384 	14.158512
1.385 	14.670672
1.386 	14.601565
1.387 	13.826904
1.388 	13.942881
1.389 	14.805755
1.390 	15.222544
1.391 	15.115242
1.392 	15.206080
1.393 	15.485719
1.394 	15.197594
1.395 	14.030242
1.396 	13.290917
1.397 	13.686004
1.398 	13.837822
1.399 	13.610312
1.400 	13.436856
1.401 	13.402032
1.402 	13.637916
1.403 	14.174955
1.404 	14.368253
1.405 	14.300565
1.406 	14.585071
1.407 	14.602449
1.408 	14.163361
1.409 	14.095893
1.410 	13.872756
1.411 	13.236406
1.412 	12.549991
1.413 	12.267544
1.414 	12.605204
1.415 	13.453446
1.416 	15.171360
1.417 	15.967560
1.418 	15.336848
1.419 	15.210443
1.420 	15.242029
1.421 	14.223191
1.422 	13.363304
1.423 	13.455390
1.424 	13.585772
1.425 	13.878935
1.426 	15.022468
1.427 	15.817799
1.428 	15.009281
1.429 	13.988014
1.430 	13.763731
1.431 	13.326784
1.432 	12.271240
1.433 	12.118372
1.434 	12.693478
1.435 	12.564951
1.436 	12.817359
1.437 	13.565638
1.438 	14.074591
1.439 	14.990389
1.440 	15.530313
1.441 	15.355646
1.442 	15.137742
1.443 	14.960326
1.444 	15.172514
1.445 	14.989041
1.446 	14.553907
1.447 	14.824276
1.448 	15.236362
1.449 	15.487309
1.450 	15.730076
1.451 	15.672186
1.452 	15.121597
1.453 	14.693685
1.454 	14.241244
1.455 	13.681277
1.456 	13.984351
1.457 	15.092652
1.458 	15.153210
1.459 	13.998116
1.460 	13.788803
1.461 	14.993130
1.462 	15.407145
1.463 	14.000848
1.464 	13.044152
1.465 	14.242198
1.466 	15.511526
1.467 	15.457180
1.468 	15.474712
1.469 	15.422849
1.470 	14.645094
1.471 	14.369629
1.472 	14.748737
1.473 	14.617952
1.474 	14.697673
1.475 	15.867717
1.476 	15.781736
1.477 	15.351020
1.478 	16.192530
1.479 	17.157350
1.480 	16.846442
1.481 	15.494882
1.482 	14.815088
1.483 	15.034703
1.484 	15.690153
1.485 	15.955382
1.486 	15.751670
1.487 	15.374920
1.488 	15.786448
1.489 	16.591123
1.490 	16.098672
1.491 	15.607963
1.492 	15.676824
1.493 	14.882254
1.494 	14.842385
1.495 	15.605255
1.496 	15.859370
1.497 	16.145702
1.498 	16.052645
1.499 	15.246498
1.500 	15.284494
1.501 	16.540762
1.502 	16.774458
1.503 	16.253811
1.504 	15.724107
1.505 	15.385026
1.506 	15.952182
1.507 	17.028524
1.508 	17.533485
1.509 	17.341454
1.510 	16.244389
1.511 	15.464256
1.512 	16.141543
1.513 	16.923002
1.514 	17.635721
1.515 	17.350261
1.516 	17.249330
1.517 	17.415232
1.518 	17.079313
1.519 	16.430033
1.520 	16.411780
1.521 	16.257208
1.522 	15.228148
1.523 	16.008520
1.524 	17.388371
1.525 	17.234796
1.526 	18.647826
1.527 	20.484912
1.528 	19.499981
1.529 	17.008129
1.530 	16.566854
1.531 	16.965611
1.532 	17.239863
1.533 	17.870925
1.534 	17.755423
1.535 	16.822589
1.536 	16.273416
1.537 	17.450774
1.538 	18.047961
1.539 	17.549586
1.540 	18.073858
1.541 	18.000210
1.542 	16.758477
1.543 	16.077437
1.544 	17.080170
1.545 	17.747573
1.546 	17.524313
1.547 	17.199047
1.548 	17.686053
1.549 	17.996352
1.550 	18.614704
1.551 	19.093768
1.552 	17.876956
1.553 	17.569097
1.554 	19.046726
1.555 	19.620514
1.556 	19.617950
1.557 	19.063542
1.558 	17.591865
1.559 	16.975006
1.560 	18.230074
1.561 	18.341261
1.562 	18.328789
1.563 	17.921203
1.564 	16.850609
1.565 	16.696825
1.566 	17.563962
1.567 	18.652746
1.568 	18.466120
1.569 	17.123424
1.570 	16.518816
1.571 	16.819708
1.572 	18.476622
1.573 	20.232411
1.574 	20.658704
1.575 	20.308594
1.576 	19.913317
1.577 	18.507054
1.578 	16.345979
1.579 	17.906815
1.580 	20.845633
1.581 	20.445628
1.582 	18.716130
1.583 	17.364070
1.584 	19.125152
1.585 	18.764790
1.586 	18.410817
1.587 	20.042783
1.588 	18.892108
1.589 	15.933678
1.590 	17.477838
1.591 	19.214189
1.592 	19.959842
1.593 	19.618520
1.594 	17.368688
1.595 	16.782670
1.596 	20.642417
1.597 	21.848959
1.598 	20.817671
1.599 	19.737125
1.600 	18.673907
1.601 	17.326514
1.602 	16.545041
1.603 	17.610531
1.604 	17.621732
1.605 	18.492313
1.606 	19.203002
1.607 	19.510723
1.608 	19.261230
1.609 	18.267724
1.610 	16.968990
1.611 	20.354683
1.612 	21.307737
1.613 	19.497624
1.614 	18.556613
1.615 	18.889071
1.616 	18.547388
1.617 	19.555527
1.618 	21.539154
1.619 	21.912576
1.620 	18.076136
1.621 	17.593773
1.622 	19.615276
1.623 	19.400636
1.624 	19.046128
1.625 	21.215592
1.626 	23.768016
1.627 	21.533719
1.628 	17.840064
1.629 	20.535044
1.630 	21.443327
1.631 	17.889788
1.632 	18.118713
1.633 	16.217520
1.634 	17.808800
1.635 	19.181015
1.636 	17.612399
1.637 	18.026707
1.638 	17.607850
1.639 	20.207152
1.640 	20.739690
1.641 	23.964912
1.642 	28.719182
1.643 	16.869745
1.644 	11.979794
1.645 	15.829101
1.646 	13.544911
1.647 	15.105368
1.648 	23.439933
1.649 	18.461854
1.650 	13.893641
1.651 	18.777379
1.652 	21.407539
1.653 	17.273373
1.654 	13.688123
1.655 	17.036485
1.656 	21.372227
1.657 	28.798536
1.658 	21.017885
1.659 	19.946836
1.660 	4.805381
1.661 	18.759223
1.662 	26.215472
1.663 	28.972940
1.664 	12.646796
1.665 	9.850765
1.666 	17.207500
1.667 	10.422052
1.668 	30.211408
1.669 	19.918830
1.670 	2.955834
1.671 	14.610906
1.672 	27.696393
1.673 	12.803442
1.674 	13.901283
1.675 	10.955600
1.676 	19.423105
1.677 	21.864438
1.678 	18.842580
1.679 	13.289442
1.680 	30.381202
1.681 	7.860921
1.682 	15.423146
1.683 	29.873393
1.684 	-3.684039
1.685 	7.331001
1.686 	20.948591
1.687 	41.007938
1.688 	36.077588
1.689 	18.203801
1.690 	11.481997
1.691 	-15.304989
1.692 	0.963268
1.693 	16.563020
1.694 	23.227608
1.695 	30.192648
1.696 	29.257401
1.697 	6.203970
1.698 	12.803104
1.699 	44.294926
1.700 	24.738296
