0.660 	48.025791
0.661 	47.321272
0.662 	47.440004
0.663 	45.517116
0.664 	45.922555
0.665 	46.399444
0.666 	46.842143
0.667 	48.370838
0.668 	47.540696
0.669 	45.898987
0.670 	45.403603
0.671 	44.475439
0.672 	45.914203
0.673 	43.291060
0.674 	44.594658
0.675 	46.026462
0.676 	45.751495
0.677 	45.191374
0.678 	46.680018
0.679 	44.632622
0.680 	44.832799
0.681 	43.679267
0.682 	44.963470
0.683 	44.329594
0.684 	44.452408
0.685 	43.841092
0.686 	45.097512
0.687 	44.526113
0.688 	45.062369
0.689 	43.446632
0.690 	42.696403
0.691 	43.057545
0.692 	42.755809
0.693 	44.735540
0.694 	44.577541
0.695 	43.985454
0.696 	43.330534
0.697 	42.276237
0.698 	42.652134
0.699 	42.441529
0.700 	44.253438
0.701 	43.464768
0.702 	41.216360
0.703 	41.680129
0.704 	40.930299
0.705 	40.933468
0.706 	41.873986
0.707 	42.425917
0.708 	43.244349
0.709 	42.956881
0.710 	41.285154
0.711 	41.035327
0.712 	41.896405
0.713 	41.843548
0.714 	41.233653
0.715 	41.120876
0.716 	41.992855
0.717 	42.190819
0.718 	41.640807
0.719 	41.242096
0.720 	40.185189
0.721 	39.646044
0.722 	41.222737
0.723 	41.247955
0.724 	41.144312
0.725 	41.006682
0.726 	40.321432
0.727 	40.459485
0.728 	41.546636
0.729 	40.025969
0.730 	38.874951
0.731 	40.389310
0.732 	40.388053
0.733 	39.765983
0.734 	39.256703
0.735 	38.633161
0.736 	38.942743
0.737 	39.708480
0.738 	39.268660
0.739 	38.920103
0.740 	39.382477
0.741 	40.364494
0.742 	40.043219
0.743 	39.022662
0.744 	38.569825
0.745 	37.867268
0.746 	37.721109
0.747 	38.445323
0.748 	39.635091
0.749 	39.280665
0.750 	38.360905
0.751 	38.536839
0.752 	37.930372
0.753 	37.562376
0.754 	38.671005
0.755 	38.811797
0.756 	38.222402
0.757 	37.933427
0.758 	37.740274
0.759 	37.797858
0.760 	37.925487
0.761 	37.616364
0.762 	37.978756
0.763 	38.847421
0.764 	38.906055
0.765 	38.837578
0.766 	38.604842
0.767 	37.912130
0.768 	37.909784
0.769 	38.175674
0.770 	38.609625
0.771 	38.461256
0.772 	38.134072
0.773 	38.296405
0.774 	38.748956
0.775 	38.913853
0.776 	38.262401
0.777 	37.257424
0.778 	36.369946
0.779 	36.761440
0.780 	37.219673
0.781 	36.997789
0.782 	37.162285
0.783 	37.061939
0.784 	36.803982
0.785 	37.703977
0.786 	38.412944
0.787 	37.684985
0.788 	36.370061
0.789 	35.795771
0.790 	35.951893
0.791 	36.566025
0.792 	37.066312
0.793 	36.941780
0.794 	36.883169
0.795 	37.375230
0.796 	37.537195
0.797 	37.090974
0.798 	36.312546
0.799 	36.186124
0.800 	36.651300
0.801 	36.483374
0.802 	35.941371
0.803 	35.886315
0.804 	36.105740
0.805 	35.808583
0.806 	35.400564
0.807 	35.566113
0.808 	35.809079
0.809 	36.079227
0.810 	36.105463
0.811 	35.884731
0.812 	35.810252
0.813 	35.696937
0.814 	36.075068
0.815 	36.513931
0.816 	36.584923
0.817 	36.501150
0.818 	35.994535
0.819 	35.495084
0.820 	35.141522
0.821 	35.209548
0.822 	35.561963
0.823 	36.017462
0.824 	36.308846
0.825 	36.201455
0.826 	35.556566
0.827 	34.989456
0.828 	35.262455
0.829 	35.732955
0.830 	35.509831
0.831 	35.262880
0.832 	35.864840
0.833 	36.637390
0.834 	36.316714
0.835 	35.058643
0.836 	34.510260
0.837 	34.800060
0.838 	34.740028
0.839 	34.395830
0.840 	34.588224
0.841 	34.986288
0.842 	35.038591
0.843 	35.264840
0.844 	35.485905
0.845 	35.269647
0.846 	34.627685
0.847 	34.131433
0.848 	34.135744
0.849 	34.562848
0.850 	35.072678
0.851 	35.103249
0.852 	34.848828
0.853 	34.923968
0.854 	34.985766
0.855 	34.447710
0.856 	33.917328
0.857 	33.419416
0.858 	33.028660
0.859 	33.230626
0.860 	33.745647
0.861 	34.227668
0.862 	34.660877
0.863 	34.985839
0.864 	35.000905
0.865 	34.493090
0.866 	33.832308
0.867 	33.517664
0.868 	33.690103
0.869 	34.456838
0.870 	35.304108
0.871 	35.285969
0.872 	34.411966
0.873 	33.289138
0.874 	32.529459
0.875 	32.349844
0.876 	32.623165
0.877 	33.013494
0.878 	33.351988
0.879 	33.827624
0.880 	34.206873
0.881 	34.255328
0.882 	34.089357
0.883 	33.902569
0.884 	33.668374
0.885 	33.233963
0.886 	32.674338
0.887 	32.503882
0.888 	32.934620
0.889 	33.472502
0.890 	33.697334
0.891 	33.722954
0.892 	33.826629
0.893 	33.880139
0.894 	33.631010
0.895 	33.354008
0.896 	33.400221
0.897 	33.414838
0.898 	33.058070
0.899 	32.532067
0.900 	32.545523
0.901 	33.158537
0.902 	33.435270
0.903 	33.193110
0.904 	32.958811
0.905 	32.996675
0.906 	33.307740
0.907 	33.437823
0.908 	33.025787
0.909 	32.410717
0.910 	32.128500
0.911 	32.315558
0.912 	32.894139
0.913 	33.381354
0.914 	33.043320
0.915 	32.588850
0.916 	33.025570
0.917 	33.634028
0.918 	33.684318
0.919 	33.281914
0.920 	33.065858
0.921 	33.142336
0.922 	32.884183
0.923 	32.340408
0.924 	32.075476
0.925 	32.047974
0.926 	32.356078
0.927 	32.961377
0.928 	33.336211
0.929 	33.170915
0.930 	32.924080
0.931 	32.864867
0.932 	32.723193
0.933 	32.389941
0.934 	32.253977
0.935 	31.914976
0.936 	31.261806
0.937 	30.931605
0.938 	31.600448
0.939 	32.687237
0.940 	32.909907
0.941 	32.873425
0.942 	32.903818
0.943 	32.488831
0.944 	31.939285
0.945 	31.577055
0.946 	31.416943
0.947 	31.357507
0.948 	31.487753
0.949 	31.668008
0.950 	31.825267
0.951 	31.361829
0.952 	30.798060
0.953 	31.042198
0.954 	31.027176
0.955 	31.066851
0.956 	31.080683
0.957 	31.139697
0.958 	31.089580
0.959 	30.688618
0.960 	30.427977
0.961 	30.902545
0.962 	31.159250
0.963 	31.567691
0.964 	31.247979
0.965 	30.501109
0.966 	30.204525
0.967 	29.766885
0.968 	29.892386
0.969 	30.567498
0.970 	30.815455
0.971 	30.434562
0.972 	30.036390
0.973 	30.346957
0.974 	30.500615
0.975 	30.352048
0.976 	30.518417
0.977 	30.590085
0.978 	30.647926
0.979 	30.640397
0.980 	30.116563
0.981 	29.739725
0.982 	29.549460
0.983 	30.027542
0.984 	30.787154
0.985 	30.698785
0.986 	30.436528
0.987 	30.155278
0.988 	30.039721
0.989 	29.812363
0.990 	29.911236
0.991 	30.429021
0.992 	30.380539
0.993 	30.253596
0.994 	30.078000
0.995 	29.932225
0.996 	29.781429
0.997 	30.028948
0.998 	30.039250
0.999 	29.977621
1.000 	30.429278
1.001 	30.252357
1.002 	29.870182
1.003 	29.417974
1.004 	29.786831
1.005 	30.332401
1.006 	30.260860
1.007 	29.966499
1.008 	29.705302
1.009 	29.537734
1.010 	29.969030
1.011 	30.576089
1.012 	30.207137
1.013 	29.475288
1.014 	29.576633
1.015 	30.091956
1.016 	30.020851
1.017 	29.684819
1.018 	30.073259
1.019 	30.239586
1.020 	29.771508
1.021 	29.337007
1.022 	29.369846
1.023 	29.406734
1.024 	29.651943
1.025 	29.863788
1.026 	29.750864
1.027 	29.760454
1.028 	29.742838
1.029 	29.590835
1.030 	29.582969
1.031 	29.611613
1.032 	29.743332
1.033 	29.929801
1.034 	30.066234
1.035 	29.656754
1.036 	29.105962
1.037 	29.264007
1.038 	29.970364
1.039 	30.375990
1.040 	30.121755
1.041 	30.112999
1.042 	30.187456
1.043 	29.415284
1.044 	29.161821
1.045 	29.755429
1.046 	30.200143
1.047 	30.053244
1.048 	29.829292
1.049 	29.932178
1.050 	29.623449
1.051 	28.953681
1.052 	28.873378
1.053 	29.440526
1.054 	29.926677
1.055 	30.013716
1.056 	30.283502
1.057 	30.359566
1.058 	30.078587
1.059 	30.051054
1.060 	30.108231
1.061 	30.430314
1.062 	30.467833
1.063 	29.895246
1.064 	29.601827
1.065 	29.664046
1.066 	29.652517
1.067 	29.374762
1.068 	29.368791
1.069 	29.860248
1.070 	29.996803
1.071 	29.698725
1.072 	29.373675
1.073 	28.857135
1.074 	28.603421
1.075 	29.229125
1.076 	30.198000
1.077 	30.488542
1.078 	30.239872
1.079 	30.301888
1.080 	30.264538
1.081 	29.447580
1.082 	28.710368
1.083 	28.825835
1.084 	29.480775
1.085 	29.886475
1.086 	29.666703
1.087 	29.378954
1.088 	29.544774
1.089 	29.594254
1.090 	29.105275
1.091 	28.911516
1.092 	29.340461
1.093 	29.643130
1.094 	29.526720
1.095 	29.309935
1.096 	29.085434
1.097 	28.850249
1.098 	29.060609
1.099 	29.715885
1.100 	30.123608
1.101 	29.930763
1.102 	29.362374
1.103 	28.970021
1.104 	28.961775
1.105 	29.157501
1.106 	28.959175
1.107 	28.690221
1.108 	28.917656
1.109 	29.072924
1.110 	28.989114
1.111 	29.164275
1.112 	29.587022
1.113 	29.500017
1.114 	28.837732
1.115 	28.620966
1.116 	29.063978
1.117 	29.480164
1.118 	29.509155
1.119 	29.189501
1.120 	29.020041
1.121 	29.072798
1.122 	28.843835
1.123 	28.464793
1.124 	28.101819
1.125 	27.844474
1.126 	27.938290
1.127 	28.286856
1.128 	28.601552
1.129 	28.540765
1.130 	27.970868
1.131 	27.322257
1.132 	27.123816
1.133 	27.209580
1.134 	27.144461
1.135 	26.845690
1.136 	26.900639
1.137 	27.340460
1.138 	27.531974
1.139 	27.639944
1.140 	27.566619
1.141 	26.928445
1.142 	26.524954
1.143 	26.908624
1.144 	27.278744
1.145 	26.862737
1.146 	25.956252
1.147 	25.379826
1.148 	25.561642
1.149 	25.871701
1.150 	25.692990
1.151 	25.391878
1.152 	25.235531
1.153 	25.104787
1.154 	25.250657
1.155 	25.676319
1.156 	25.878364
1.157 	25.493311
1.158 	24.898675
1.159 	24.864142
1.160 	25.318239
1.161 	25.536447
1.162 	25.382210
1.163 	25.287316
1.164 	25.443761
1.165 	25.688376
1.166 	25.616349
1.167 	25.552830
1.168 	26.027264
1.169 	25.968585
1.170 	25.019867
1.171 	24.563861
1.172 	25.108385
1.173 	25.669951
1.174 	25.398061
1.175 	24.684840
1.176 	24.618268
1.177 	25.231441
1.178 	25.749903
1.179 	25.909588
1.180 	25.701310
1.181 	25.278005
1.182 	24.974083
1.183 	24.949100
1.184 	25.234783
1.185 	25.633320
1.186 	25.803968
1.187 	25.424584
1.188 	24.567666
1.189 	23.882937
1.190 	24.048705
1.191 	24.878352
1.192 	25.374726
1.193 	25.259581
1.194 	25.252948
1.195 	25.589380
1.196 	25.976886
1.197 	26.077759
1.198 	25.735848
1.199 	25.236380
1.200 	25.036442
1.201 	25.124691
1.202 	25.139655
1.203 	25.021723
1.204 	24.937003
1.205 	25.038935
1.206 	24.995807
1.207 	24.851768
1.208 	25.027104
1.209 	25.387992
1.210 	25.339775
1.211 	24.732019
1.212 	24.285074
1.213 	24.526373
1.214 	25.039365
1.215 	25.463299
1.216 	25.667175
1.217 	25.509149
1.218 	25.392042
1.219 	25.573109
1.220 	25.696974
1.221 	25.721072
1.222 	25.769581
1.223 	25.790685
1.224 	25.864312
1.225 	26.048565
1.226 	26.264157
1.227 	26.245526
1.228 	25.743343
1.229 	25.307278
1.230 	25.433422
1.231 	25.567914
1.232 	25.374681
1.233 	25.233671
1.234 	25.406985
1.235 	25.768776
1.236 	26.140035
1.237 	26.360769
1.238 	26.159167
1.239 	25.514506
1.240 	25.126974
1.241 	25.097602
1.242 	24.977685
1.243 	24.987391
1.244 	25.504071
1.245 	26.203008
1.246 	26.586553
1.247 	26.560468
1.248 	26.355673
1.249 	26.100415
1.250 	25.721683
1.251 	25.217224
1.252 	24.726330
1.253 	24.706921
1.254 	25.383116
1.255 	26.111378
1.256 	26.584886
1.257 	26.835233
1.258 	26.619783
1.259 	26.070735
1.260 	25.828449
1.261 	26.076948
1.262 	26.519793
1.263 	26.738101
1.264 	26.561058
1.265 	26.294392
1.266 	26.249303
1.267 	26.323183
1.268 	26.185999
1.269 	25.849705
1.270 	25.733768
1.271 	25.727647
1.272 	25.622999
1.273 	25.383272
1.274 	25.451275
1.275 	25.902750
1.276 	26.319965
1.277 	26.282409
1.278 	25.939985
1.279 	25.519118
1.280 	25.259898
1.281 	25.529550
1.282 	26.197902
1.283 	26.642194
1.284 	26.543793
1.285 	26.130578
1.286 	25.849933
1.287 	25.599950
1.288 	25.251805
1.289 	25.222283
1.290 	25.567437
1.291 	25.890289
1.292 	26.169526
1.293 	26.362149
1.294 	26.390520
1.295 	26.270365
1.296 	25.904264
1.297 	25.339859
1.298 	25.071545
1.299 	25.223308
1.300 	25.286762
1.301 	24.810872
1.302 	24.245579
1.303 	24.343820
1.304 	24.850553
1.305 	25.280177
1.306 	25.362502
1.307 	24.989699
1.308 	24.750884
1.309 	24.831225
1.310 	24.753451
1.311 	24.353373
1.312 	24.106376
1.313 	24.465541
1.314 	24.945172
1.315 	24.893845
1.316 	24.707776
1.317 	24.529388
1.318 	24.152289
1.319 	24.106578
1.320 	24.820463
1.321 	25.238313
1.322 	24.567370
1.323 	23.559444
1.324 	23.197744
1.325 	23.209826
1.326 	23.321572
1.327 	23.794402
1.328 	24.419614
1.329 	24.551145
1.330 	23.858749
1.331 	22.668947
1.332 	21.986191
1.333 	22.531550
1.334 	23.447228
1.335 	24.152296
1.336 	24.743321
1.337 	25.129149
1.338 	24.937444
1.339 	24.210595
1.340 	23.190254
1.341 	22.475137
1.342 	21.974034
1.343 	21.474246
1.344 	21.454988
1.345 	21.975779
1.346 	22.333913
1.347 	22.026827
1.348 	21.196405
1.349 	20.707462
1.350 	20.984875
1.351 	21.828443
1.352 	22.993061
1.353 	23.498746
1.354 	23.061011
1.355 	22.611604
1.356 	22.401629
1.357 	21.841120
1.358 	21.034093
1.359 	20.567748
1.360 	20.683726
1.361 	20.745592
1.362 	20.623715
1.363 	21.060379
1.364 	21.594152
1.365 	21.531898
1.366 	20.925977
1.367 	20.543399
1.368 	21.125338
1.369 	21.572709
1.370 	20.650335
1.371 	19.314445
1.372 	18.830116
1.373 	19.121886
1.374 	19.412101
1.375 	19.367717
1.376 	18.929061
1.377 	18.550543
1.378 	19.113480
1.379 	19.932809
1.380 	19.755003
1.381 	18.889500
1.382 	18.025006
1.383 	17.736042
1.384 	18.143994
1.385 	18.481467
1.386 	18.095191
1.387 	17.264078
1.388 	16.531891
1.389 	16.330075
1.390 	16.721610
1.391 	16.893223
1.392 	16.539777
1.393 	16.265696
1.394 	16.038279
1.395 	15.741767
1.396 	15.614053
1.397 	15.972938
1.398 	16.653479
1.399 	16.719740
1.400 	15.763921
1.401 	14.742572
1.402 	14.568540
1.403 	15.079356
1.404 	15.585600
1.405 	15.450471
1.406 	14.695119
1.407 	13.960395
1.408 	13.643928
1.409 	13.756579
1.410 	14.392352
1.411 	14.901005
1.412 	15.043752
1.413 	15.102390
1.414 	14.894923
1.415 	14.290744
1.416 	14.050119
1.417 	14.555342
1.418 	14.691048
1.419 	14.332670
1.420 	14.254088
1.421 	14.285077
1.422 	14.541094
1.423 	14.906415
1.424 	14.788561
1.425 	14.662813
1.426 	14.724249
1.427 	14.410184
1.428 	14.616007
1.429 	15.748695
1.430 	16.355071
1.431 	15.998535
1.432 	15.467201
1.433 	14.830575
1.434 	14.109617
1.435 	13.597935
1.436 	13.116156
1.437 	12.829053
1.438 	13.194040
1.439 	14.026329
1.440 	14.430659
1.441 	14.323835
1.442 	14.427853
1.443 	14.217000
1.444 	13.445058
1.445 	13.769631
1.446 	15.037167
1.447 	15.454161
1.448 	15.015251
1.449 	14.799816
1.450 	14.894061
1.451 	14.388366
1.452 	13.471087
1.453 	13.426267
1.454 	14.255495
1.455 	15.246868
1.456 	15.677387
1.457 	15.137387
1.458 	14.518166
1.459 	14.389501
1.460 	14.822446
1.461 	15.459099
1.462 	15.336040
1.463 	14.839392
1.464 	14.658241
1.465 	14.872656
1.466 	15.023939
1.467 	14.873350
1.468 	14.894916
1.469 	14.797454
1.470 	14.789658
1.471 	15.349912
1.472 	15.990121
1.473 	16.426789
1.474 	16.101618
1.475 	14.931884
1.476 	14.039512
1.477 	13.837925
1.478 	13.937009
1.479 	14.555730
1.480 	15.384657
1.481 	15.495483
1.482 	15.596026
1.483 	16.508305
1.484 	16.954046
1.485 	16.642929
1.486 	16.160548
1.487 	15.411345
1.488 	14.748282
1.489 	14.526497
1.490 	14.774517
1.491 	15.740659
1.492 	16.615854
1.493 	16.741995
1.494 	16.676090
1.495 	16.537679
1.496 	15.393912
1.497 	14.783981
1.498 	16.273414
1.499 	17.966593
1.500 	18.135248
1.501 	16.364225
1.502 	14.154045
1.503 	13.575550
1.504 	14.555534
1.505 	15.429604
1.506 	16.316601
1.507 	17.575168
1.508 	18.538101
1.509 	18.721728
1.510 	17.267417
1.511 	15.511618
1.512 	15.136636
1.513 	15.816870
1.514 	16.606884
1.515 	16.540608
1.516 	16.063548
1.517 	16.286751
1.518 	17.140810
1.519 	17.821695
1.520 	18.276570
1.521 	17.987275
1.522 	17.026088
1.523 	16.463741
1.524 	16.663352
1.525 	17.002510
1.526 	16.633067
1.527 	16.632204
1.528 	17.841445
1.529 	19.129392
1.530 	19.226795
1.531 	18.164319
1.532 	17.127289
1.533 	17.527829
1.534 	18.673068
1.535 	18.715060
1.536 	17.658164
1.537 	17.422119
1.538 	17.811016
1.539 	18.730972
1.540 	19.433138
1.541 	17.990769
1.542 	15.686100
1.543 	14.766516
1.544 	15.695701
1.545 	18.192155
1.546 	19.419736
1.547 	18.026294
1.548 	17.091326
1.549 	18.491703
1.550 	20.471658
1.551 	20.958555
1.552 	19.479408
1.553 	17.313473
1.554 	17.168612
1.555 	18.340113
1.556 	19.168144
1.557 	19.803978
1.558 	19.804494
1.559 	19.063321
1.560 	18.677686
1.561 	19.300238
1.562 	19.656570
1.563 	19.416247
1.564 	18.988008
1.565 	18.258988
1.566 	18.576057
1.567 	19.746892
1.568 	20.061581
1.569 	19.920695
1.570 	19.647848
1.571 	18.925816
1.572 	19.631415
1.573 	20.558066
1.574 	19.994963
1.575 	19.953925
1.576 	19.900179
1.577 	19.159962
1.578 	19.647988
1.579 	21.160593
1.580 	22.219717
1.581 	21.371134
1.582 	20.369873
1.583 	20.817621
1.584 	21.005252
1.585 	18.969475
1.586 	18.120629
1.587 	18.815777
1.588 	19.232504
1.589 	19.828459
1.590 	20.483868
1.591 	19.581486
1.592 	18.923235
1.593 	19.277167
1.594 	20.037545
1.595 	21.319430
1.596 	21.387226
1.597 	21.046433
1.598 	21.186222
1.599 	22.055599
1.600 	22.817501
1.601 	20.810269
1.602 	19.223294
1.603 	21.099468
1.604 	22.119186
1.605 	21.230486
1.606 	20.841356
1.607 	20.392738
1.608 	19.970121
1.609 	21.197166
1.610 	23.012568
1.611 	21.865720
1.612 	21.100360
1.613 	22.679321
1.614 	22.245026
1.615 	21.062573
1.616 	20.408754
1.617 	21.525748
1.618 	22.718678
1.619 	22.561613
1.620 	20.852814
1.621 	19.908855
1.622 	21.445663
1.623 	23.141803
1.624 	23.128894
1.625 	21.035965
1.626 	20.637901
1.627 	20.365636
1.628 	19.943859
1.629 	21.583229
1.630 	22.759046
1.631 	23.535596
1.632 	24.623242
1.633 	22.421964
1.634 	19.808798
1.635 	21.161102
1.636 	22.696441
1.637 	22.582610
1.638 	23.740116
1.639 	22.190180
1.640 	21.042338
1.641 	21.717623
1.642 	21.937558
1.643 	22.966167
1.644 	23.603403
1.645 	22.109948
1.646 	21.631370
1.647 	23.875391
1.648 	24.196766
1.649 	23.176273
1.650 	23.597365
1.651 	23.889879
1.652 	22.802781
1.653 	23.553998
1.654 	24.792437
1.655 	23.320381
1.656 	21.971814
1.657 	21.867767
1.658 	23.528156
1.659 	23.198715
1.660 	23.176482
1.661 	25.120758
1.662 	25.897440
1.663 	24.974910
1.664 	24.248320
1.665 	24.650935
1.666 	25.818208
1.667 	25.609054
1.668 	23.903008
1.669 	25.640833
1.670 	29.334787
1.671 	27.104790
1.672 	25.240022
1.673 	30.177148
1.674 	29.535643
1.675 	27.948577
1.676 	26.582237
1.677 	29.767506
1.678 	29.991094
1.679 	28.714250
1.680 	24.161082
1.681 	24.354988
1.682 	29.876671
1.683 	32.242140
1.684 	35.322110
1.685 	37.163134
1.686 	34.725215
1.687 	32.315252
1.688 	30.878857
1.689 	35.045023
1.690 	37.523876
1.691 	34.099364
1.692 	30.906261
1.693 	33.020692
1.694 	39.842709
1.695 	35.898847
1.696 	28.065027
1.697 	38.673156
1.698 	37.483123
1.699 	36.482162
1.700 	34.659875
