0.660 	31.199788
0.661 	38.409892
0.662 	33.790428
0.663 	36.631800
0.664 	40.848480
0.665 	37.616111
0.666 	35.873529
0.667 	35.110224
0.668 	35.833865
0.669 	36.404324
0.670 	33.810182
0.671 	37.150957
0.672 	41.243410
0.673 	37.830236
0.674 	36.024605
0.675 	33.231023
0.676 	38.056278
0.677 	34.118114
0.678 	32.325364
0.679 	37.417711
0.680 	39.137024
0.681 	35.837212
0.682 	36.044756
0.683 	34.128129
0.684 	34.029552
0.685 	34.489780
0.686 	36.025583
0.687 	39.262082
0.688 	35.401775
0.689 	34.893173
0.690 	34.125764
0.691 	36.066144
0.692 	35.890394
0.693 	33.949038
0.694 	35.973363
0.695 	37.884657
0.696 	37.135242
0.697 	35.442422
0.698 	33.234194
0.699 	35.509214
0.700 	38.550976
0.701 	37.897824
0.702 	37.148414
0.703 	35.901606
0.704 	33.663904
0.705 	32.577630
0.706 	35.135627
0.707 	37.021363
0.708 	36.028949
0.709 	34.755651
0.710 	36.424670
0.711 	36.945018
0.712 	34.257892
0.713 	34.093669
0.714 	36.234113
0.715 	36.711639
0.716 	34.108267
0.717 	33.337089
0.718 	33.227495
0.719 	34.582006
0.720 	33.375022
0.721 	32.154835
0.722 	34.189659
0.723 	35.801977
0.724 	36.374744
0.725 	35.259866
0.726 	34.243429
0.727 	34.799695
0.728 	35.898730
0.729 	36.660718
0.730 	36.086039
0.731 	36.051700
0.732 	34.929480
0.733 	34.758171
0.734 	35.111031
0.735 	35.035581
0.736 	35.334029
0.737 	34.305529
0.738 	33.903172
0.739 	33.913354
0.740 	34.069305
0.741 	34.507354
0.742 	34.457546
0.743 	35.011993
0.744 	35.439000
0.745 	33.665859
0.746 	31.967486
0.747 	33.500057
0.748 	33.817427
0.749 	33.597940
0.750 	33.298353
0.751 	33.702236
0.752 	33.917744
0.753 	33.338654
0.754 	32.802424
0.755 	33.282884
0.756 	34.265412
0.757 	34.287325
0.758 	33.310032
0.759 	32.421574
0.760 	32.958319
0.761 	34.426125
0.762 	34.179993
0.763 	33.489775
0.764 	33.924846
0.765 	34.086240
0.766 	33.737323
0.767 	33.789071
0.768 	34.936804
0.769 	34.217515
0.770 	32.252686
0.771 	32.062532
0.772 	32.583112
0.773 	33.144066
0.774 	33.851489
0.775 	33.797916
0.776 	33.273380
0.777 	32.664844
0.778 	32.474575
0.779 	33.436487
0.780 	33.937858
0.781 	33.513857
0.782 	33.391227
0.783 	33.443175
0.784 	33.198975
0.785 	32.703077
0.786 	31.890393
0.787 	31.921827
0.788 	33.021636
0.789 	32.785743
0.790 	32.589311
0.791 	33.002494
0.792 	32.659154
0.793 	32.834046
0.794 	34.320785
0.795 	34.752871
0.796 	33.496471
0.797 	32.595259
0.798 	32.902398
0.799 	33.277023
0.800 	33.444942
0.801 	33.483279
0.802 	32.986950
0.803 	32.401189
0.804 	32.158891
0.805 	32.247444
0.806 	32.663933
0.807 	32.559067
0.808 	32.492689
0.809 	33.316351
0.810 	33.421984
0.811 	32.840195
0.812 	32.688670
0.813 	31.980231
0.814 	31.141158
0.815 	31.409991
0.816 	31.963142
0.817 	31.795421
0.818 	31.559439
0.819 	31.511166
0.820 	31.734622
0.821 	32.277217
0.822 	32.694078
0.823 	32.786925
0.824 	32.504819
0.825 	32.877085
0.826 	33.420289
0.827 	32.565304
0.828 	31.695570
0.829 	31.987854
0.830 	32.271852
0.831 	32.471716
0.832 	32.913579
0.833 	32.430566
0.834 	31.578048
0.835 	31.748316
0.836 	31.824654
0.837 	31.463147
0.838 	31.407262
0.839 	30.951645
0.840 	30.646423
0.841 	31.528745
0.842 	32.782579
0.843 	33.231727
0.844 	32.803885
0.845 	32.166070
0.846 	31.655199
0.847 	31.491229
0.848 	31.947131
0.849 	32.510223
0.850 	32.115607
0.851 	31.238260
0.852 	30.706030
0.853 	30.784395
0.854 	31.519761
0.855 	31.974637
0.856 	31.632979
0.857 	31.022530
0.858 	30.750617
0.859 	31.156694
0.860 	31.648301
0.861 	31.257769
0.862 	30.855238
0.863 	31.262305
0.864 	31.679415
0.865 	31.614409
0.866 	31.454966
0.867 	31.562608
0.868 	31.788707
0.869 	31.746836
0.870 	31.705722
0.871 	31.875477
0.872 	31.462551
0.873 	30.482047
0.874 	29.975790
0.875 	30.437314
0.876 	31.184885
0.877 	31.184556
0.878 	30.933301
0.879 	31.188845
0.880 	31.495510
0.881 	31.470361
0.882 	31.013078
0.883 	30.680664
0.884 	30.921074
0.885 	31.204919
0.886 	30.900812
0.887 	30.439811
0.888 	30.553136
0.889 	30.920118
0.890 	31.036240
0.891 	30.839959
0.892 	30.687165
0.893 	30.787151
0.894 	30.670829
0.895 	30.264295
0.896 	30.184061
0.897 	30.335767
0.898 	30.681476
0.899 	31.125881
0.900 	31.052934
0.901 	30.251406
0.902 	29.744633
0.903 	30.147523
0.904 	30.832991
0.905 	31.160958
0.906 	31.123599
0.907 	30.963087
0.908 	30.602796
0.909 	30.019323
0.910 	29.542019
0.911 	30.006997
0.912 	30.778514
0.913 	30.704715
0.914 	30.064239
0.915 	29.638058
0.916 	29.326268
0.917 	29.136890
0.918 	29.364767
0.919 	29.081130
0.920 	28.331373
0.921 	28.642390
0.922 	29.573207
0.923 	29.820845
0.924 	29.869219
0.925 	30.288564
0.926 	30.609233
0.927 	30.745840
0.928 	30.833901
0.929 	30.607940
0.930 	30.253584
0.931 	30.006360
0.932 	30.103884
0.933 	30.364454
0.934 	30.115623
0.935 	29.324783
0.936 	28.932767
0.937 	28.896241
0.938 	29.096027
0.939 	29.085641
0.940 	28.937906
0.941 	29.110410
0.942 	29.314427
0.943 	29.638850
0.944 	30.017799
0.945 	30.139550
0.946 	29.321812
0.947 	28.445262
0.948 	28.624378
0.949 	29.676874
0.950 	30.110252
0.951 	29.604262
0.952 	29.469175
0.953 	29.644790
0.954 	29.227587
0.955 	28.692101
0.956 	28.345344
0.957 	28.192774
0.958 	28.037040
0.959 	27.894500
0.960 	28.570933
0.961 	29.010045
0.962 	29.133368
0.963 	28.812711
0.964 	28.351223
0.965 	27.751116
0.966 	27.393195
0.967 	27.611887
0.968 	28.767295
0.969 	28.889368
0.970 	28.631307
0.971 	28.529967
0.972 	27.829695
0.973 	27.909348
0.974 	28.247732
0.975 	28.404905
0.976 	27.916596
0.977 	27.325408
0.978 	27.158473
0.979 	27.883856
0.980 	29.108739
0.981 	28.914461
0.982 	27.417852
0.983 	27.054886
0.984 	27.041399
0.985 	26.934231
0.986 	27.454951
0.987 	27.873182
0.988 	28.194656
0.989 	27.192854
0.990 	27.030145
0.991 	28.875919
0.992 	29.003025
0.993 	27.907682
0.994 	27.743510
0.995 	28.061294
0.996 	28.484989
0.997 	28.107310
0.998 	26.518573
0.999 	25.764242
1.000 	27.101778
1.001 	28.532077
1.002 	28.326224
1.003 	27.751286
1.004 	27.498645
1.005 	28.090164
1.006 	28.406462
1.007 	27.749739
1.008 	27.298826
1.009 	27.566650
1.010 	27.769287
1.011 	27.557608
1.012 	27.295448
1.013 	27.758859
1.014 	28.832914
1.015 	28.977457
1.016 	27.789078
1.017 	26.947820
1.018 	26.537527
1.019 	26.980333
1.020 	28.092366
1.021 	28.811415
1.022 	29.008669
1.023 	28.866023
1.024 	28.021752
1.025 	26.921379
1.026 	26.683546
1.027 	27.219569
1.028 	28.174601
1.029 	29.004959
1.030 	29.788504
1.031 	29.828575
1.032 	28.101637
1.033 	26.687127
1.034 	26.867546
1.035 	27.825877
1.036 	28.502288
1.037 	28.845025
1.038 	28.606318
1.039 	28.363851
1.040 	28.788145
1.041 	29.073969
1.042 	27.932151
1.043 	26.998231
1.044 	27.363881
1.045 	28.174849
1.046 	28.360710
1.047 	27.814160
1.048 	27.966899
1.049 	29.191984
1.050 	29.852992
1.051 	29.757326
1.052 	28.875675
1.053 	27.716364
1.054 	27.471890
1.055 	27.801738
1.056 	27.098019
1.057 	26.873062
1.058 	28.921564
1.059 	30.396682
1.060 	29.790974
1.061 	28.684793
1.062 	28.204627
1.063 	28.238743
1.064 	28.441301
1.065 	28.612597
1.066 	28.762431
1.067 	28.742444
1.068 	28.195738
1.069 	27.527185
1.070 	27.840003
1.071 	28.386524
1.072 	27.840366
1.073 	27.117124
1.074 	27.233870
1.075 	27.654614
1.076 	28.481679
1.077 	29.775587
1.078 	30.230673
1.079 	29.435319
1.080 	28.456085
1.081 	28.254840
1.082 	28.289374
1.083 	28.090158
1.084 	27.849402
1.085 	27.623196
1.086 	27.766265
1.087 	28.454315
1.088 	29.047331
1.089 	28.918780
1.090 	28.075888
1.091 	27.770954
1.092 	28.136105
1.093 	28.128370
1.094 	27.523003
1.095 	27.265568
1.096 	27.865387
1.097 	28.724269
1.098 	28.825193
1.099 	28.055648
1.100 	27.611009
1.101 	27.828532
1.102 	27.940401
1.103 	27.573489
1.104 	27.123194
1.105 	27.070698
1.106 	27.073843
1.107 	26.632667
1.108 	26.441182
1.109 	27.340935
1.110 	28.456599
1.111 	28.690990
1.112 	28.241939
1.113 	27.942246
1.114 	28.287652
1.115 	28.605232
1.116 	28.136621
1.117 	27.575007
1.118 	27.471641
1.119 	27.366886
1.120 	27.466969
1.121 	28.147439
1.122 	28.280130
1.123 	27.624069
1.124 	27.237326
1.125 	27.219804
1.126 	27.109435
1.127 	26.870796
1.128 	26.587689
1.129 	26.612886
1.130 	27.242225
1.131 	27.818305
1.132 	27.924388
1.133 	27.821758
1.134 	27.768439
1.135 	27.638993
1.136 	27.031152
1.137 	26.056139
1.138 	25.756667
1.139 	26.348486
1.140 	26.627301
1.141 	26.041662
1.142 	25.527059
1.143 	25.949157
1.144 	26.246214
1.145 	25.656494
1.146 	25.252728
1.147 	25.629430
1.148 	25.990766
1.149 	25.827493
1.150 	25.049301
1.151 	24.288968
1.152 	24.233248
1.153 	24.477240
1.154 	24.412458
1.155 	24.157468
1.156 	23.917421
1.157 	23.891079
1.158 	24.365081
1.159 	25.003029
1.160 	25.315645
1.161 	25.256573
1.162 	24.876567
1.163 	24.413640
1.164 	24.118319
1.165 	23.441507
1.166 	22.589460
1.167 	22.625713
1.168 	23.114280
1.169 	22.925352
1.170 	22.527141
1.171 	22.736978
1.172 	23.406323
1.173 	23.937218
1.174 	23.696487
1.175 	22.886000
1.176 	22.647605
1.177 	23.407852
1.178 	24.208389
1.179 	23.617088
1.180 	22.061134
1.181 	21.864093
1.182 	22.722264
1.183 	23.191876
1.184 	23.484108
1.185 	23.533352
1.186 	23.538277
1.187 	24.035972
1.188 	24.318729
1.189 	23.888739
1.190 	23.241731
1.191 	22.769248
1.192 	22.671279
1.193 	23.238979
1.194 	24.058735
1.195 	24.248575
1.196 	24.064312
1.197 	23.990539
1.198 	23.190464
1.199 	21.961428
1.200 	21.953334
1.201 	22.720025
1.202 	23.159637
1.203 	23.413705
1.204 	23.471657
1.205 	23.133689
1.206 	22.568288
1.207 	22.299282
1.208 	22.581007
1.209 	23.093436
1.210 	23.103656
1.211 	22.430761
1.212 	21.812166
1.213 	21.804101
1.214 	22.115492
1.215 	22.196257
1.216 	22.058547
1.217 	22.318998
1.218 	23.114484
1.219 	23.609133
1.220 	23.302148
1.221 	22.954996
1.222 	23.184777
1.223 	23.555666
1.224 	23.388682
1.225 	22.670773
1.226 	21.937852
1.227 	21.655855
1.228 	22.086112
1.229 	22.735829
1.230 	23.054236
1.231 	23.229802
1.232 	23.648986
1.233 	24.208685
1.234 	24.608808
1.235 	24.648809
1.236 	24.682085
1.237 	24.559523
1.238 	23.813805
1.239 	22.921281
1.240 	22.476201
1.241 	22.731323
1.242 	23.157989
1.243 	23.439597
1.244 	23.853100
1.245 	24.318679
1.246 	24.023044
1.247 	23.430610
1.248 	23.384562
1.249 	23.426451
1.250 	23.058904
1.251 	23.176537
1.252 	24.408627
1.253 	25.637528
1.254 	25.847883
1.255 	25.308013
1.256 	24.384183
1.257 	23.562315
1.258 	23.399376
1.259 	23.712995
1.260 	23.842772
1.261 	23.793182
1.262 	23.685833
1.263 	23.357583
1.264 	23.171450
1.265 	24.072447
1.266 	25.270396
1.267 	25.622351
1.268 	25.599179
1.269 	25.626931
1.270 	25.041311
1.271 	24.088738
1.272 	23.626197
1.273 	23.634669
1.274 	23.759489
1.275 	23.766625
1.276 	22.999898
1.277 	21.936254
1.278 	21.828076
1.279 	23.098337
1.280 	24.115419
1.281 	24.179620
1.282 	24.298898
1.283 	24.682453
1.284 	24.806775
1.285 	24.878421
1.286 	25.265281
1.287 	25.117364
1.288 	23.938234
1.289 	22.749717
1.290 	22.705474
1.291 	22.978857
1.292 	23.043609
1.293 	23.429124
1.294 	23.879025
1.295 	24.031343
1.296 	24.265274
1.297 	24.455618
1.298 	23.736809
1.299 	22.283547
1.300 	21.692485
1.301 	23.220847
1.302 	24.699040
1.303 	24.420348
1.304 	23.383496
1.305 	23.090544
1.306 	23.391055
1.307 	23.483452
1.308 	23.417057
1.309 	23.591467
1.310 	24.110670
1.311 	24.569852
1.312 	24.384703
1.313 	23.899340
1.314 	23.609886
1.315 	23.456410
1.316 	23.210890
1.317 	23.038348
1.318 	23.301445
1.319 	23.586547
1.320 	23.103667
1.321 	22.018734
1.322 	21.163296
1.323 	21.568145
1.324 	22.428957
1.325 	22.655880
1.326 	22.514137
1.327 	22.356812
1.328 	21.787295
1.329 	21.542606
1.330 	22.390773
1.331 	23.227336
1.332 	23.042014
1.333 	22.165193
1.334 	21.221340
1.335 	20.888850
1.336 	21.095675
1.337 	20.907516
1.338 	20.762990
1.339 	21.213652
1.340 	21.505845
1.341 	21.287792
1.342 	20.648981
1.343 	20.561421
1.344 	21.324534
1.345 	22.063443
1.346 	22.166825
1.347 	21.239922
1.348 	20.026978
1.349 	19.413069
1.350 	19.661752
1.351 	19.929133
1.352 	19.192067
1.353 	18.157499
1.354 	17.990564
1.355 	18.499717
1.356 	19.686561
1.357 	21.099104
1.358 	20.821264
1.359 	19.284700
1.360 	18.116192
1.361 	17.917602
1.362 	17.939523
1.363 	17.852740
1.364 	18.330963
1.365 	19.412923
1.366 	19.971060
1.367 	19.597897
1.368 	18.902574
1.369 	18.957586
1.370 	19.518275
1.371 	19.923760
1.372 	19.886078
1.373 	19.038385
1.374 	17.977629
1.375 	17.640957
1.376 	17.447832
1.377 	16.720938
1.378 	16.423888
1.379 	17.250947
1.380 	18.001534
1.381 	18.252270
1.382 	18.396159
1.383 	18.230905
1.384 	17.093553
1.385 	15.865909
1.386 	15.655952
1.387 	15.905830
1.388 	15.396652
1.389 	14.896347
1.390 	15.151201
1.391 	15.162138
1.392 	14.286108
1.393 	13.507469
1.394 	14.005601
1.395 	15.310528
1.396 	16.300965
1.397 	15.688011
1.398 	14.049815
1.399 	12.895630
1.400 	12.930945
1.401 	13.106910
1.402 	12.549227
1.403 	12.292487
1.404 	12.467964
1.405 	11.819022
1.406 	10.735255
1.407 	10.771586
1.408 	11.419949
1.409 	11.652887
1.410 	11.598588
1.411 	12.082461
1.412 	12.511925
1.413 	11.811329
1.414 	10.635090
1.415 	10.217180
1.416 	10.771988
1.417 	12.480059
1.418 	14.107402
1.419 	13.062336
1.420 	10.757926
1.421 	10.073543
1.422 	10.408319
1.423 	9.807040
1.424 	9.194776
1.425 	10.103752
1.426 	10.966425
1.427 	10.647963
1.428 	11.100666
1.429 	12.555942
1.430 	12.555470
1.431 	11.234021
1.432 	10.495207
1.433 	10.174204
1.434 	10.318758
1.435 	11.196042
1.436 	11.809864
1.437 	11.550833
1.438 	10.955080
1.439 	10.264761
1.440 	9.631341
1.441 	9.516574
1.442 	9.627467
1.443 	9.619742
1.444 	9.394869
1.445 	9.105781
1.446 	9.473304
1.447 	10.313095
1.448 	10.762958
1.449 	10.745967
1.450 	10.826990
1.451 	11.300994
1.452 	11.487257
1.453 	11.449210
1.454 	11.200997
1.455 	10.675577
1.456 	10.187882
1.457 	9.846053
1.458 	10.241477
1.459 	10.935203
1.460 	10.999271
1.461 	10.010251
1.462 	9.036971
1.463 	10.080170
1.464 	11.840185
1.465 	11.848483
1.466 	10.647331
1.467 	9.485007
1.468 	8.798121
1.469 	8.865253
1.470 	9.718673
1.471 	10.432249
1.472 	11.054753
1.473 	11.827517
1.474 	11.607102
1.475 	10.131114
1.476 	9.135018
1.477 	10.172165
1.478 	11.819263
1.479 	12.132790
1.480 	11.808380
1.481 	11.483703
1.482 	11.418254
1.483 	11.964995
1.484 	12.332099
1.485 	11.445200
1.486 	10.422647
1.487 	10.055794
1.488 	9.601296
1.489 	9.317766
1.490 	10.042191
1.491 	11.233212
1.492 	11.872287
1.493 	12.452050
1.494 	12.605178
1.495 	11.752319
1.496 	11.165992
1.497 	11.383915
1.498 	11.274515
1.499 	11.175744
1.500 	11.270491
1.501 	11.065200
1.502 	11.417448
1.503 	12.221089
1.504 	12.465794
1.505 	12.181338
1.506 	13.081498
1.507 	14.028569
1.508 	12.525045
1.509 	10.609051
1.510 	10.932279
1.511 	11.272809
1.512 	10.217782
1.513 	10.555870
1.514 	11.955285
1.515 	12.043366
1.516 	11.907516
1.517 	12.457743
1.518 	12.434824
1.519 	12.376444
1.520 	12.925892
1.521 	12.553022
1.522 	11.425208
1.523 	11.657214
1.524 	12.460569
1.525 	12.690506
1.526 	13.119556
1.527 	14.275365
1.528 	15.342919
1.529 	14.095272
1.530 	12.059075
1.531 	12.289894
1.532 	13.048069
1.533 	13.248632
1.534 	13.909633
1.535 	13.887354
1.536 	12.937963
1.537 	12.474715
1.538 	12.860430
1.539 	13.640293
1.540 	14.601532
1.541 	14.869551
1.542 	14.355824
1.543 	13.241317
1.544 	11.520039
1.545 	11.608295
1.546 	14.187317
1.547 	14.811783
1.548 	13.349563
1.549 	13.798832
1.550 	14.930893
1.551 	14.837581
1.552 	14.111001
1.553 	13.123360
1.554 	12.942504
1.555 	14.008658
1.556 	13.975835
1.557 	11.782298
1.558 	11.710532
1.559 	14.283479
1.560 	16.126384
1.561 	16.389802
1.562 	15.568218
1.563 	14.629708
1.564 	13.889662
1.565 	13.456369
1.566 	13.693833
1.567 	13.354022
1.568 	12.756659
1.569 	14.540542
1.570 	16.134506
1.571 	15.424922
1.572 	14.585301
1.573 	14.204953
1.574 	14.841730
1.575 	15.549946
1.576 	15.445327
1.577 	15.212422
1.578 	16.079261
1.579 	16.222991
1.580 	16.369433
1.581 	16.291758
1.582 	15.435600
1.583 	16.320389
1.584 	16.519753
1.585 	14.896665
1.586 	14.491441
1.587 	15.264018
1.588 	16.865548
1.589 	18.077851
1.590 	15.897807
1.591 	12.257199
1.592 	13.574495
1.593 	17.213808
1.594 	17.932799
1.595 	16.240434
1.596 	15.853431
1.597 	16.764665
1.598 	16.812936
1.599 	15.430745
1.600 	14.172745
1.601 	15.502970
1.602 	15.391481
1.603 	13.481037
1.604 	13.651628
1.605 	15.551030
1.606 	15.727473
1.607 	13.655003
1.608 	12.026242
1.609 	12.730971
1.610 	15.808715
1.611 	17.830184
1.612 	17.510530
1.613 	15.993533
1.614 	14.824292
1.615 	13.583293
1.616 	16.346667
1.617 	17.690948
1.618 	14.653449
1.619 	15.266326
1.620 	19.129536
1.621 	19.162267
1.622 	17.927541
1.623 	18.054550
1.624 	17.258300
1.625 	18.101565
1.626 	17.324234
1.627 	14.352517
1.628 	13.045199
1.629 	13.051908
1.630 	15.225492
1.631 	17.265993
1.632 	17.418889
1.633 	15.596345
1.634 	13.641064
1.635 	16.743952
1.636 	20.764643
1.637 	16.911519
1.638 	13.005627
1.639 	15.873174
1.640 	16.466771
1.641 	18.432821
1.642 	21.248807
1.643 	21.269336
1.644 	17.133964
1.645 	13.410990
1.646 	16.195023
1.647 	20.795280
1.648 	18.025854
1.649 	14.306943
1.650 	16.143996
1.651 	17.618541
1.652 	15.891198
1.653 	16.755799
1.654 	17.654846
1.655 	20.149844
1.656 	19.266159
1.657 	15.577153
1.658 	17.220032
1.659 	17.917424
1.660 	16.958151
1.661 	16.720675
1.662 	15.753564
1.663 	15.936617
1.664 	16.955067
1.665 	18.394310
1.666 	20.524807
1.667 	17.508398
1.668 	16.886014
1.669 	18.847876
1.670 	18.400705
1.671 	16.475070
1.672 	16.048119
1.673 	15.069689
1.674 	11.591874
1.675 	14.322396
1.676 	21.582700
1.677 	22.302310
1.678 	18.393866
1.679 	10.707991
1.680 	13.197057
1.681 	20.542603
1.682 	18.644238
1.683 	14.305306
1.684 	11.503303
1.685 	17.271919
1.686 	24.661781
1.687 	14.951386
1.688 	0.314755
1.689 	8.217871
1.690 	12.842273
1.691 	18.132266
1.692 	24.936324
1.693 	18.815526
1.694 	19.286615
1.695 	21.952169
1.696 	13.596735
1.697 	14.487470
1.698 	18.465953
1.699 	23.862936
1.700 	21.038914
