0.660 	34.206407
0.661 	40.967024
0.662 	38.798374
0.663 	37.276155
0.664 	39.526244
0.665 	38.228407
0.666 	32.949475
0.667 	33.719216
0.668 	32.404473
0.669 	37.396652
0.670 	36.313409
0.671 	34.177418
0.672 	37.929272
0.673 	41.008464
0.674 	39.891222
0.675 	35.806635
0.676 	41.120719
0.677 	37.281525
0.678 	32.044805
0.679 	36.081018
0.680 	38.844087
0.681 	37.924084
0.682 	36.626877
0.683 	34.965604
0.684 	33.147499
0.685 	38.931712
0.686 	39.814897
0.687 	35.332322
0.688 	36.004184
0.689 	37.125923
0.690 	37.159175
0.691 	36.957952
0.692 	36.564365
0.693 	35.761212
0.694 	37.455920
0.695 	36.300276
0.696 	34.191229
0.697 	36.939750
0.698 	37.398755
0.699 	37.042299
0.700 	35.845927
0.701 	36.263260
0.702 	38.416345
0.703 	38.096217
0.704 	35.130982
0.705 	32.938953
0.706 	34.793844
0.707 	37.209998
0.708 	37.284716
0.709 	36.798914
0.710 	36.702019
0.711 	34.629846
0.712 	34.495303
0.713 	35.784727
0.714 	36.961501
0.715 	36.730936
0.716 	34.983347
0.717 	32.762983
0.718 	33.525451
0.719 	36.555491
0.720 	37.347195
0.721 	35.786922
0.722 	36.092337
0.723 	35.446287
0.724 	34.107743
0.725 	35.319338
0.726 	35.262348
0.727 	36.092119
0.728 	36.688572
0.729 	36.610670
0.730 	37.879673
0.731 	36.628137
0.732 	34.593941
0.733 	33.861553
0.734 	33.623655
0.735 	34.663509
0.736 	35.238877
0.737 	35.955221
0.738 	35.737822
0.739 	34.886253
0.740 	35.454464
0.741 	37.608690
0.742 	37.364619
0.743 	35.101868
0.744 	34.273273
0.745 	33.657411
0.746 	33.075108
0.747 	34.237263
0.748 	35.566456
0.749 	35.790378
0.750 	35.774737
0.751 	34.699310
0.752 	33.119145
0.753 	33.882642
0.754 	35.149841
0.755 	35.096502
0.756 	35.412840
0.757 	35.307446
0.758 	35.185261
0.759 	35.116598
0.760 	34.563171
0.761 	34.630560
0.762 	34.085900
0.763 	32.753566
0.764 	32.612337
0.765 	33.718102
0.766 	35.369531
0.767 	35.548266
0.768 	34.834393
0.769 	34.410946
0.770 	33.607063
0.771 	33.539248
0.772 	33.108945
0.773 	32.889176
0.774 	33.688302
0.775 	34.143007
0.776 	34.036953
0.777 	33.486567
0.778 	34.003169
0.779 	35.198395
0.780 	34.991537
0.781 	34.074881
0.782 	33.656203
0.783 	33.624841
0.784 	32.625481
0.785 	31.972037
0.786 	32.930225
0.787 	34.131017
0.788 	34.716176
0.789 	34.272959
0.790 	33.655722
0.791 	33.538649
0.792 	32.931833
0.793 	32.219131
0.794 	33.167654
0.795 	34.300790
0.796 	33.936731
0.797 	33.070477
0.798 	33.059897
0.799 	33.719351
0.800 	33.183275
0.801 	32.714932
0.802 	33.518925
0.803 	34.186031
0.804 	33.769445
0.805 	32.762136
0.806 	32.070813
0.807 	32.148683
0.808 	32.979225
0.809 	33.804964
0.810 	33.784619
0.811 	33.180942
0.812 	32.559682
0.813 	32.429591
0.814 	32.901496
0.815 	33.507903
0.816 	33.150296
0.817 	32.254488
0.818 	32.369427
0.819 	32.191544
0.820 	31.961088
0.821 	32.726202
0.822 	33.251622
0.823 	33.304105
0.824 	33.244391
0.825 	32.790353
0.826 	32.446836
0.827 	32.269149
0.828 	32.506279
0.829 	32.944647
0.830 	32.191896
0.831 	31.733553
0.832 	32.639820
0.833 	32.605236
0.834 	31.629241
0.835 	31.756547
0.836 	32.238557
0.837 	32.100420
0.838 	32.409179
0.839 	32.694890
0.840 	32.396527
0.841 	32.287885
0.842 	32.496626
0.843 	32.392908
0.844 	31.772361
0.845 	31.603276
0.846 	32.242915
0.847 	32.893374
0.848 	32.816776
0.849 	32.283419
0.850 	31.935744
0.851 	31.721340
0.852 	31.377708
0.853 	31.196886
0.854 	31.554217
0.855 	32.001221
0.856 	32.115358
0.857 	31.905173
0.858 	31.554783
0.859 	31.416748
0.860 	31.470237
0.861 	31.516458
0.862 	32.110886
0.863 	32.925324
0.864 	32.757738
0.865 	32.044916
0.866 	31.571158
0.867 	31.213145
0.868 	31.387131
0.869 	31.667746
0.870 	31.476378
0.871 	31.495441
0.872 	31.387108
0.873 	30.400128
0.874 	29.965913
0.875 	31.209020
0.876 	32.271332
0.877 	31.731829
0.878 	31.069976
0.879 	31.279464
0.880 	31.651902
0.881 	31.673620
0.882 	31.306771
0.883 	31.029224
0.884 	31.010038
0.885 	30.790535
0.886 	30.331114
0.887 	30.395963
0.888 	30.995203
0.889 	31.117396
0.890 	30.696356
0.891 	30.539994
0.892 	30.831268
0.893 	30.933120
0.894 	31.044342
0.895 	31.397183
0.896 	31.567348
0.897 	31.086719
0.898 	30.000175
0.899 	29.424703
0.900 	29.685454
0.901 	29.977617
0.902 	30.392769
0.903 	30.986603
0.904 	30.972497
0.905 	30.430281
0.906 	30.171480
0.907 	30.217787
0.908 	30.034399
0.909 	29.626638
0.910 	29.429675
0.911 	29.916542
0.912 	30.468684
0.913 	30.365711
0.914 	30.004826
0.915 	29.680055
0.916 	29.461865
0.917 	29.768099
0.918 	30.342449
0.919 	30.101895
0.920 	29.308206
0.921 	28.791247
0.922 	28.852896
0.923 	29.563611
0.924 	30.286298
0.925 	30.448540
0.926 	30.241486
0.927 	30.053502
0.928 	30.221524
0.929 	30.379320
0.930 	29.792899
0.931 	29.000563
0.932 	28.665532
0.933 	28.863891
0.934 	29.339965
0.935 	29.601420
0.936 	29.605263
0.937 	29.410078
0.938 	29.051718
0.939 	28.920156
0.940 	29.249294
0.941 	29.558163
0.942 	29.789234
0.943 	30.435079
0.944 	30.806254
0.945 	30.242177
0.946 	28.945793
0.947 	28.016408
0.948 	28.494405
0.949 	29.553216
0.950 	30.039124
0.951 	29.596885
0.952 	29.673241
0.953 	29.612995
0.954 	28.680554
0.955 	28.168422
0.956 	27.784882
0.957 	27.557032
0.958 	27.685044
0.959 	28.425055
0.960 	29.050752
0.961 	28.547424
0.962 	28.347288
0.963 	28.547552
0.964 	28.113632
0.965 	27.447807
0.966 	27.356569
0.967 	27.851568
0.968 	28.743317
0.969 	29.026739
0.970 	28.859355
0.971 	28.361861
0.972 	27.586347
0.973 	27.407655
0.974 	27.814461
0.975 	28.148319
0.976 	27.980594
0.977 	27.481500
0.978 	28.014753
0.979 	28.540452
0.980 	28.140436
0.981 	27.544599
0.982 	26.836721
0.983 	26.807067
0.984 	27.029391
0.985 	26.707258
0.986 	26.339608
0.987 	26.514620
0.988 	27.119288
0.989 	27.221463
0.990 	27.485130
0.991 	27.914081
0.992 	28.331461
0.993 	27.950989
0.994 	27.332623
0.995 	27.595334
0.996 	27.757640
0.997 	27.294015
0.998 	26.535876
0.999 	26.350414
1.000 	27.458029
1.001 	28.344364
1.002 	27.925017
1.003 	27.314849
1.004 	26.439858
1.005 	26.661747
1.006 	27.841025
1.007 	28.295080
1.008 	28.331336
1.009 	27.608163
1.010 	26.838263
1.011 	26.490647
1.012 	26.157578
1.013 	26.858604
1.014 	27.904726
1.015 	28.132901
1.016 	27.906539
1.017 	27.712861
1.018 	27.195210
1.019 	27.065984
1.020 	28.154221
1.021 	28.916635
1.022 	29.159130
1.023 	28.916457
1.024 	27.630346
1.025 	26.862666
1.026 	26.429550
1.027 	26.521208
1.028 	27.684159
1.029 	28.523204
1.030 	28.822714
1.031 	28.728338
1.032 	27.820971
1.033 	27.405541
1.034 	27.335245
1.035 	27.124933
1.036 	27.460384
1.037 	27.972188
1.038 	27.585001
1.039 	27.111551
1.040 	27.332751
1.041 	27.877824
1.042 	27.663094
1.043 	27.177273
1.044 	27.277727
1.045 	27.679341
1.046 	28.170596
1.047 	28.245236
1.048 	28.268165
1.049 	28.931964
1.050 	29.290225
1.051 	28.670889
1.052 	27.211018
1.053 	26.985002
1.054 	28.033789
1.055 	28.333184
1.056 	27.821280
1.057 	27.543195
1.058 	27.784242
1.059 	27.901810
1.060 	27.937969
1.061 	27.924892
1.062 	28.048062
1.063 	28.304729
1.064 	28.334832
1.065 	27.990511
1.066 	27.995550
1.067 	28.089119
1.068 	27.885498
1.069 	27.910575
1.070 	28.035961
1.071 	27.425455
1.072 	26.767554
1.073 	26.995873
1.074 	27.175713
1.075 	26.985826
1.076 	27.536560
1.077 	28.678339
1.078 	29.343319
1.079 	28.951183
1.080 	28.140903
1.081 	27.917599
1.082 	28.045075
1.083 	27.971603
1.084 	27.711913
1.085 	27.523596
1.086 	27.360935
1.087 	27.423751
1.088 	27.684145
1.089 	27.672497
1.090 	27.241299
1.091 	27.213442
1.092 	28.059231
1.093 	28.288232
1.094 	27.165200
1.095 	26.342479
1.096 	26.440716
1.097 	27.027830
1.098 	27.705721
1.099 	27.842837
1.100 	27.522837
1.101 	27.033217
1.102 	26.572269
1.103 	26.365292
1.104 	26.644334
1.105 	27.526318
1.106 	27.752555
1.107 	26.845524
1.108 	26.471310
1.109 	26.893361
1.110 	26.810106
1.111 	26.332796
1.112 	26.258331
1.113 	26.662170
1.114 	27.387763
1.115 	27.951383
1.116 	27.971704
1.117 	27.590785
1.118 	27.337853
1.119 	27.721625
1.120 	28.195145
1.121 	28.138032
1.122 	27.310154
1.123 	26.440044
1.124 	26.415114
1.125 	26.794657
1.126 	26.747551
1.127 	26.462696
1.128 	26.433594
1.129 	26.506207
1.130 	26.871635
1.131 	27.247216
1.132 	27.117647
1.133 	27.222073
1.134 	27.498368
1.135 	27.008862
1.136 	25.936980
1.137 	25.049077
1.138 	24.961587
1.139 	25.270057
1.140 	25.365485
1.141 	25.152667
1.142 	24.740785
1.143 	24.622180
1.144 	24.563088
1.145 	24.637584
1.146 	25.268251
1.147 	25.699305
1.148 	25.498096
1.149 	25.418892
1.150 	24.912440
1.151 	23.835037
1.152 	23.152617
1.153 	23.201116
1.154 	23.486895
1.155 	23.602569
1.156 	23.545906
1.157 	23.590348
1.158 	23.877494
1.159 	23.987223
1.160 	23.668010
1.161 	22.957830
1.162 	22.355958
1.163 	22.473166
1.164 	23.065685
1.165 	23.458526
1.166 	23.381232
1.167 	23.004471
1.168 	22.770064
1.169 	22.926771
1.170 	23.474165
1.171 	23.810085
1.172 	23.584313
1.173 	23.359675
1.174 	23.073893
1.175 	22.593819
1.176 	22.342354
1.177 	22.365864
1.178 	22.253409
1.179 	21.750468
1.180 	21.554499
1.181 	22.043980
1.182 	22.180641
1.183 	21.713024
1.184 	21.713468
1.185 	22.294899
1.186 	22.806970
1.187 	23.044023
1.188 	23.127776
1.189 	23.287857
1.190 	23.379075
1.191 	23.047558
1.192 	22.515676
1.193 	22.225907
1.194 	22.173019
1.195 	22.508992
1.196 	22.932365
1.197 	22.732186
1.198 	22.127211
1.199 	22.036590
1.200 	22.707230
1.201 	23.042667
1.202 	22.406399
1.203 	21.707521
1.204 	21.933269
1.205 	22.867927
1.206 	23.246845
1.207 	22.722947
1.208 	22.142465
1.209 	21.726757
1.210 	21.672854
1.211 	21.810036
1.212 	21.706633
1.213 	21.357689
1.214 	21.131012
1.215 	21.056937
1.216 	20.797857
1.217 	20.972299
1.218 	22.146073
1.219 	23.771458
1.220 	24.624261
1.221 	24.487893
1.222 	23.897382
1.223 	22.894811
1.224 	21.569991
1.225 	21.032257
1.226 	21.594882
1.227 	22.284045
1.228 	22.268233
1.229 	22.263639
1.230 	22.502206
1.231 	22.543557
1.232 	22.816041
1.233 	23.711110
1.234 	24.299035
1.235 	24.008953
1.236 	23.214485
1.237 	22.503448
1.238 	21.932260
1.239 	21.414551
1.240 	21.306792
1.241 	21.686491
1.242 	22.052102
1.243 	22.545878
1.244 	23.423437
1.245 	24.195441
1.246 	24.128348
1.247 	23.430780
1.248 	22.531970
1.249 	21.853856
1.250 	21.767712
1.251 	22.386585
1.252 	23.137282
1.253 	23.661758
1.254 	24.120254
1.255 	24.322094
1.256 	23.774104
1.257 	22.871348
1.258 	22.600088
1.259 	22.713030
1.260 	22.783696
1.261 	23.013969
1.262 	23.414500
1.263 	23.752829
1.264 	23.807366
1.265 	23.547209
1.266 	23.214325
1.267 	23.269053
1.268 	23.858908
1.269 	24.113973
1.270 	23.773000
1.271 	23.442037
1.272 	23.014332
1.273 	22.207255
1.274 	21.843474
1.275 	22.195382
1.276 	22.669856
1.277 	22.814077
1.278 	22.619619
1.279 	22.767463
1.280 	23.160619
1.281 	22.762162
1.282 	21.984846
1.283 	21.984438
1.284 	22.857564
1.285 	23.803470
1.286 	24.411458
1.287 	24.230742
1.288 	23.139688
1.289 	21.614486
1.290 	21.104763
1.291 	21.567464
1.292 	21.831064
1.293 	21.498555
1.294 	21.520041
1.295 	22.308472
1.296 	23.155281
1.297 	23.696162
1.298 	23.584176
1.299 	22.718735
1.300 	21.610243
1.301 	21.127129
1.302 	21.207294
1.303 	21.394582
1.304 	21.617162
1.305 	22.319622
1.306 	23.345195
1.307 	23.832347
1.308 	23.458833
1.309 	22.390737
1.310 	21.583180
1.311 	21.531894
1.312 	21.858476
1.313 	21.967437
1.314 	21.595778
1.315 	21.156187
1.316 	21.320508
1.317 	21.922678
1.318 	22.308983
1.319 	22.299666
1.320 	22.017139
1.321 	21.423267
1.322 	20.346062
1.323 	19.938103
1.324 	20.651323
1.325 	21.503998
1.326 	21.890347
1.327 	21.775022
1.328 	21.091891
1.329 	20.399431
1.330 	19.990477
1.331 	20.001816
1.332 	20.232714
1.333 	20.270127
1.334 	20.222807
1.335 	20.619517
1.336 	20.931562
1.337 	20.300752
1.338 	19.373738
1.339 	19.135739
1.340 	19.559120
1.341 	19.989026
1.342 	19.374113
1.343 	18.407235
1.344 	18.431990
1.345 	19.169617
1.346 	19.522922
1.347 	19.344954
1.348 	18.875463
1.349 	18.018551
1.350 	17.901819
1.351 	18.632787
1.352 	18.539102
1.353 	17.636531
1.354 	17.637561
1.355 	18.585454
1.356 	19.092632
1.357 	18.620389
1.358 	17.576618
1.359 	16.835639
1.360 	16.704707
1.361 	16.832558
1.362 	16.768022
1.363 	16.847961
1.364 	17.763754
1.365 	19.040602
1.366 	19.339338
1.367 	19.083010
1.368 	19.250681
1.369 	19.518616
1.370 	18.692771
1.371 	16.736666
1.372 	15.557435
1.373 	16.221415
1.374 	17.668393
1.375 	18.226896
1.376 	17.235887
1.377 	15.648749
1.378 	15.174251
1.379 	16.102434
1.380 	16.579627
1.381 	16.065069
1.382 	15.328353
1.383 	14.740677
1.384 	14.592555
1.385 	14.620632
1.386 	14.644251
1.387 	14.885371
1.388 	14.705861
1.389 	14.210026
1.390 	14.400387
1.391 	14.558104
1.392 	13.382868
1.393 	11.894489
1.394 	11.530972
1.395 	12.034316
1.396 	12.495357
1.397 	12.354576
1.398 	11.844039
1.399 	11.512355
1.400 	11.622978
1.401 	11.752332
1.402 	11.722925
1.403 	11.868792
1.404 	11.636707
1.405 	10.490748
1.406 	9.184316
1.407 	9.166021
1.408 	10.278759
1.409 	11.332851
1.410 	11.297189
1.411 	10.280985
1.412 	9.246723
1.413 	8.550835
1.414 	7.714186
1.415 	7.091258
1.416 	7.720035
1.417 	9.783320
1.418 	11.491395
1.419 	10.554121
1.420 	8.073357
1.421 	6.663587
1.422 	7.071877
1.423 	7.700231
1.424 	7.920023
1.425 	8.936006
1.426 	10.112751
1.427 	9.842889
1.428 	9.010219
1.429 	9.148845
1.430 	9.328618
1.431 	8.859952
1.432 	8.475709
1.433 	7.715177
1.434 	7.110189
1.435 	7.798424
1.436 	9.120595
1.437 	9.862936
1.438 	9.361896
1.439 	7.904023
1.440 	7.086775
1.441 	7.763889
1.442 	8.332071
1.443 	7.952591
1.444 	7.453418
1.445 	6.910870
1.446 	6.709458
1.447 	7.410621
1.448 	8.308699
1.449 	8.533493
1.450 	8.321369
1.451 	8.999257
1.452 	10.131739
1.453 	10.360552
1.454 	9.685213
1.455 	8.924089
1.456 	8.456700
1.457 	8.295374
1.458 	7.879413
1.459 	6.954449
1.460 	6.828551
1.461 	7.132432
1.462 	7.027813
1.463 	8.040711
1.464 	9.442506
1.465 	9.630896
1.466 	9.531787
1.467 	9.215344
1.468 	8.082337
1.469 	7.763624
1.470 	8.681688
1.471 	9.283514
1.472 	9.647858
1.473 	9.996424
1.474 	9.308915
1.475 	7.383439
1.476 	6.148097
1.477 	6.513378
1.478 	7.602150
1.479 	9.104706
1.480 	10.720767
1.481 	10.991766
1.482 	9.867900
1.483 	8.994066
1.484 	8.927294
1.485 	8.714031
1.486 	8.163763
1.487 	8.231978
1.488 	8.770720
1.489 	8.994976
1.490 	9.260108
1.491 	10.116234
1.492 	10.131393
1.493 	9.137612
1.494 	8.624197
1.495 	9.185701
1.496 	10.361667
1.497 	10.967305
1.498 	10.358738
1.499 	9.317352
1.500 	8.397091
1.501 	7.690372
1.502 	8.127907
1.503 	9.515767
1.504 	10.968982
1.505 	11.651485
1.506 	11.304024
1.507 	10.897963
1.508 	10.507146
1.509 	9.699754
1.510 	8.653124
1.511 	7.683066
1.512 	7.809573
1.513 	9.671020
1.514 	10.758294
1.515 	10.817132
1.516 	11.129608
1.517 	11.179930
1.518 	10.521432
1.519 	9.707962
1.520 	9.812201
1.521 	10.014641
1.522 	9.039280
1.523 	8.307484
1.524 	8.633374
1.525 	9.614717
1.526 	11.402833
1.527 	13.195375
1.528 	13.998765
1.529 	14.002285
1.530 	13.715035
1.531 	12.460515
1.532 	10.355979
1.533 	9.182435
1.534 	10.185789
1.535 	11.181110
1.536 	10.617523
1.537 	9.766461
1.538 	10.687921
1.539 	12.025362
1.540 	13.004155
1.541 	13.769881
1.542 	13.374591
1.543 	11.780782
1.544 	10.430998
1.545 	10.369034
1.546 	11.160564
1.547 	10.815394
1.548 	10.524669
1.549 	12.721660
1.550 	14.593312
1.551 	13.728836
1.552 	11.978935
1.553 	11.027955
1.554 	11.025210
1.555 	11.424310
1.556 	11.193289
1.557 	10.938205
1.558 	11.611970
1.559 	12.972461
1.560 	14.080101
1.561 	13.779535
1.562 	12.376126
1.563 	11.282574
1.564 	10.665572
1.565 	11.651258
1.566 	13.560563
1.567 	13.475818
1.568 	12.347479
1.569 	13.495980
1.570 	15.340413
1.571 	15.360811
1.572 	14.375587
1.573 	13.137473
1.574 	12.667624
1.575 	13.269832
1.576 	14.271153
1.577 	14.000191
1.578 	12.750092
1.579 	12.669138
1.580 	14.375596
1.581 	15.195621
1.582 	14.197509
1.583 	14.535699
1.584 	14.836446
1.585 	13.239215
1.586 	12.439475
1.587 	12.377155
1.588 	12.567645
1.589 	14.022777
1.590 	13.953209
1.591 	13.417085
1.592 	12.929393
1.593 	11.525595
1.594 	12.472439
1.595 	14.481872
1.596 	15.138029
1.597 	14.078901
1.598 	13.092243
1.599 	12.278158
1.600 	12.887630
1.601 	14.673459
1.602 	14.557538
1.603 	13.384796
1.604 	12.952006
1.605 	13.156039
1.606 	13.292762
1.607 	12.659977
1.608 	11.191854
1.609 	10.474502
1.610 	13.958935
1.611 	17.566475
1.612 	16.629280
1.613 	13.442796
1.614 	12.577804
1.615 	14.547696
1.616 	16.708931
1.617 	14.660595
1.618 	12.661300
1.619 	13.148633
1.620 	15.382102
1.621 	15.754938
1.622 	15.139415
1.623 	16.822817
1.624 	17.170665
1.625 	14.662003
1.626 	12.740806
1.627 	13.431852
1.628 	13.629675
1.629 	13.240007
1.630 	14.437389
1.631 	15.855703
1.632 	16.147093
1.633 	14.460441
1.634 	12.662493
1.635 	14.014342
1.636 	15.987890
1.637 	14.335884
1.638 	14.102811
1.639 	17.440464
1.640 	15.066855
1.641 	14.016241
1.642 	16.008117
1.643 	15.602520
1.644 	15.194744
1.645 	14.679173
1.646 	14.782022
1.647 	15.642086
1.648 	16.736844
1.649 	16.574469
1.650 	15.306800
1.651 	13.018790
1.652 	15.645674
1.653 	19.431154
1.654 	18.954363
1.655 	17.373886
1.656 	14.004382
1.657 	11.440196
1.658 	12.016376
1.659 	12.166740
1.660 	15.278073
1.661 	18.264123
1.662 	14.995671
1.663 	13.644262
1.664 	15.230365
1.665 	17.298030
1.666 	18.424223
1.667 	15.813435
1.668 	15.277250
1.669 	15.142339
1.670 	13.908853
1.671 	13.088163
1.672 	14.967541
1.673 	15.660098
1.674 	14.282108
1.675 	13.633984
1.676 	16.244179
1.677 	16.519712
1.678 	18.336521
1.679 	18.067748
1.680 	14.714783
1.681 	13.013253
1.682 	11.606814
1.683 	14.283826
1.684 	15.578013
1.685 	14.602965
1.686 	19.008078
1.687 	15.424100
1.688 	3.185746
1.689 	8.176768
1.690 	12.096084
1.691 	18.704599
1.692 	22.263158
1.693 	18.142647
1.694 	24.207897
1.695 	24.311715
1.696 	15.392509
1.697 	9.966100
1.698 	9.152194
1.699 	18.545349
1.700 	26.447291
