0.660 	37.246508
0.661 	36.862423
0.662 	33.516381
0.663 	32.213913
0.664 	32.569617
0.665 	32.445408
0.666 	33.557604
0.667 	35.871934
0.668 	36.928523
0.669 	34.691442
0.670 	33.390576
0.671 	34.347345
0.672 	35.395382
0.673 	34.578376
0.674 	33.536304
0.675 	32.576856
0.676 	33.092439
0.677 	34.424659
0.678 	35.835530
0.679 	35.957104
0.680 	33.837181
0.681 	31.708901
0.682 	32.893184
0.683 	34.882731
0.684 	35.324290
0.685 	35.107589
0.686 	34.302545
0.687 	33.899255
0.688 	33.460661
0.689 	33.237586
0.690 	34.507508
0.691 	35.252602
0.692 	34.182673
0.693 	34.272687
0.694 	34.843798
0.695 	34.486862
0.696 	33.856665
0.697 	32.494296
0.698 	31.503578
0.699 	33.239933
0.700 	34.900492
0.701 	34.615511
0.702 	33.218449
0.703 	32.203799
0.704 	32.035984
0.705 	33.313804
0.706 	33.974068
0.707 	33.361557
0.708 	33.485017
0.709 	33.867186
0.710 	33.210522
0.711 	32.450914
0.712 	32.373217
0.713 	32.640041
0.714 	33.154493
0.715 	33.641418
0.716 	33.990541
0.717 	34.670889
0.718 	34.240494
0.719 	32.843324
0.720 	32.878379
0.721 	34.163322
0.722 	35.572268
0.723 	35.612968
0.724 	33.442689
0.725 	31.493448
0.726 	32.097175
0.727 	33.382088
0.728 	32.602705
0.729 	31.423696
0.730 	31.798029
0.731 	32.951745
0.732 	33.270208
0.733 	32.450916
0.734 	31.583256
0.735 	31.204015
0.736 	31.706496
0.737 	32.117465
0.738 	31.710706
0.739 	31.266306
0.740 	31.014420
0.741 	31.195537
0.742 	31.983609
0.743 	32.888134
0.744 	33.490720
0.745 	34.196085
0.746 	34.752201
0.747 	34.489788
0.748 	33.986545
0.749 	33.021433
0.750 	31.804782
0.751 	31.343314
0.752 	31.323264
0.753 	31.106109
0.754 	31.149273
0.755 	31.745327
0.756 	32.908844
0.757 	33.796474
0.758 	33.534267
0.759 	32.745739
0.760 	32.192745
0.761 	32.184140
0.762 	32.367606
0.763 	32.105869
0.764 	31.760383
0.765 	31.521485
0.766 	31.348624
0.767 	31.568014
0.768 	31.915522
0.769 	31.861396
0.770 	31.418876
0.771 	31.200345
0.772 	31.567312
0.773 	32.254798
0.774 	32.823294
0.775 	32.828856
0.776 	32.108811
0.777 	31.123514
0.778 	30.502455
0.779 	30.519138
0.780 	31.068947
0.781 	31.510319
0.782 	30.767039
0.783 	29.707331
0.784 	29.813415
0.785 	30.186087
0.786 	30.457221
0.787 	30.883683
0.788 	31.326165
0.789 	31.800563
0.790 	32.464258
0.791 	33.048585
0.792 	32.608333
0.793 	31.612090
0.794 	31.315655
0.795 	31.427396
0.796 	31.036257
0.797 	30.731426
0.798 	30.856441
0.799 	31.034069
0.800 	31.238970
0.801 	31.268090
0.802 	31.064942
0.803 	30.992393
0.804 	31.325408
0.805 	31.321487
0.806 	30.570346
0.807 	30.206694
0.808 	30.829227
0.809 	31.222166
0.810 	30.294502
0.811 	29.350686
0.812 	29.290114
0.813 	29.962743
0.814 	30.804715
0.815 	31.338199
0.816 	30.932972
0.817 	30.043413
0.818 	29.593945
0.819 	29.910200
0.820 	30.231655
0.821 	30.097430
0.822 	29.969327
0.823 	29.857633
0.824 	29.595003
0.825 	29.726378
0.826 	30.317855
0.827 	30.493197
0.828 	30.094553
0.829 	29.631728
0.830 	29.889780
0.831 	30.722911
0.832 	31.270193
0.833 	31.085076
0.834 	30.623925
0.835 	30.210190
0.836 	30.065501
0.837 	29.867786
0.838 	29.392451
0.839 	28.958233
0.840 	28.956746
0.841 	29.384871
0.842 	29.937628
0.843 	30.190592
0.844 	30.050460
0.845 	29.468463
0.846 	28.629465
0.847 	28.581629
0.848 	29.442740
0.849 	30.137539
0.850 	29.799754
0.851 	29.027200
0.852 	28.873494
0.853 	29.371529
0.854 	29.835799
0.855 	29.715554
0.856 	29.507450
0.857 	29.792742
0.858 	30.398523
0.859 	30.721060
0.860 	30.528142
0.861 	30.045487
0.862 	29.699579
0.863 	29.618461
0.864 	29.753400
0.865 	29.627840
0.866 	28.841460
0.867 	28.139194
0.868 	28.052503
0.869 	28.529480
0.870 	29.396333
0.871 	30.178535
0.872 	30.237930
0.873 	29.641188
0.874 	29.068060
0.875 	28.641951
0.876 	28.064623
0.877 	27.468276
0.878 	27.610508
0.879 	28.358716
0.880 	28.800818
0.881 	28.791714
0.882 	28.929975
0.883 	29.004473
0.884 	28.476968
0.885 	27.669838
0.886 	27.248116
0.887 	27.300118
0.888 	27.680302
0.889 	28.210749
0.890 	28.696176
0.891 	29.201112
0.892 	29.461383
0.893 	28.993903
0.894 	28.023589
0.895 	27.350828
0.896 	26.920476
0.897 	26.643946
0.898 	26.950889
0.899 	27.623631
0.900 	27.984619
0.901 	28.386370
0.902 	29.253003
0.903 	30.164202
0.904 	29.802594
0.905 	28.082362
0.906 	26.455968
0.907 	26.148876
0.908 	26.984524
0.909 	27.702131
0.910 	27.427439
0.911 	26.821997
0.912 	27.016527
0.913 	27.783684
0.914 	28.101632
0.915 	27.759174
0.916 	26.993257
0.917 	26.458136
0.918 	26.734854
0.919 	27.242745
0.920 	27.310820
0.921 	26.858667
0.922 	26.457654
0.923 	26.405423
0.924 	26.426929
0.925 	26.482716
0.926 	26.673516
0.927 	26.985043
0.928 	27.415389
0.929 	27.921790
0.930 	28.130194
0.931 	27.544688
0.932 	26.500602
0.933 	26.168432
0.934 	26.523040
0.935 	26.748855
0.936 	26.987918
0.937 	27.837193
0.938 	28.259410
0.939 	27.921470
0.940 	27.830524
0.941 	28.256801
0.942 	27.920670
0.943 	26.982540
0.944 	27.123867
0.945 	27.919537
0.946 	28.154823
0.947 	27.941807
0.948 	28.174261
0.949 	28.563724
0.950 	28.287407
0.951 	27.261010
0.952 	25.913564
0.953 	25.127241
0.954 	25.551604
0.955 	26.711791
0.956 	27.568532
0.957 	27.593449
0.958 	27.404209
0.959 	27.011366
0.960 	26.288077
0.961 	26.047505
0.962 	26.347202
0.963 	26.559741
0.964 	26.724294
0.965 	27.172343
0.966 	27.548984
0.967 	27.341820
0.968 	26.312062
0.969 	25.275915
0.970 	25.503573
0.971 	26.839132
0.972 	27.879914
0.973 	28.176777
0.974 	28.312794
0.975 	28.641551
0.976 	28.577489
0.977 	28.015948
0.978 	27.532763
0.979 	27.164788
0.980 	26.761949
0.981 	26.571511
0.982 	26.836424
0.983 	27.230443
0.984 	27.410343
0.985 	27.361109
0.986 	26.906932
0.987 	26.682325
0.988 	27.615549
0.989 	28.538530
0.990 	28.543694
0.991 	28.231769
0.992 	27.518399
0.993 	26.642626
0.994 	26.593227
0.995 	26.999167
0.996 	27.224768
0.997 	27.731666
0.998 	28.237448
0.999 	27.900841
1.000 	26.783298
1.001 	26.074081
1.002 	26.227508
1.003 	26.613811
1.004 	27.566900
1.005 	28.650874
1.006 	28.689013
1.007 	28.101459
1.008 	27.299021
1.009 	26.584670
1.010 	26.441648
1.011 	27.007002
1.012 	27.973678
1.013 	28.467448
1.014 	28.249580
1.015 	27.910710
1.016 	27.879044
1.017 	27.951693
1.018 	28.144465
1.019 	28.578439
1.020 	28.868670
1.021 	29.046337
1.022 	29.086491
1.023 	28.778909
1.024 	28.508365
1.025 	28.223030
1.026 	27.442493
1.027 	26.731813
1.028 	26.512905
1.029 	26.427386
1.030 	26.525013
1.031 	27.067431
1.032 	27.845142
1.033 	27.999707
1.034 	27.309168
1.035 	26.711187
1.036 	26.684181
1.037 	26.791849
1.038 	26.820485
1.039 	27.298410
1.040 	28.270962
1.041 	28.837917
1.042 	28.385271
1.043 	27.691878
1.044 	27.781780
1.045 	27.893823
1.046 	27.259646
1.047 	26.863826
1.048 	27.095307
1.049 	27.309356
1.050 	27.185795
1.051 	26.808474
1.052 	26.702699
1.053 	27.161371
1.054 	27.239741
1.055 	26.616666
1.056 	26.152745
1.057 	26.335638
1.058 	26.800389
1.059 	27.048127
1.060 	26.875807
1.061 	26.515575
1.062 	26.500585
1.063 	27.054514
1.064 	27.901006
1.065 	28.194774
1.066 	27.541075
1.067 	26.461096
1.068 	25.971563
1.069 	26.380673
1.070 	27.057138
1.071 	27.189833
1.072 	26.688234
1.073 	26.252123
1.074 	26.679097
1.075 	27.590263
1.076 	27.312398
1.077 	25.955551
1.078 	25.149974
1.079 	25.474560
1.080 	26.171020
1.081 	26.722140
1.082 	26.333122
1.083 	25.461672
1.084 	25.665082
1.085 	27.073694
1.086 	27.707200
1.087 	26.642545
1.088 	25.098312
1.089 	24.448948
1.090 	24.356119
1.091 	24.134331
1.092 	23.891157
1.093 	23.807034
1.094 	23.970417
1.095 	24.291821
1.096 	24.591242
1.097 	24.533692
1.098 	23.765490
1.099 	22.690821
1.100 	22.265135
1.101 	22.185076
1.102 	21.697795
1.103 	21.099816
1.104 	21.520809
1.105 	22.780116
1.106 	23.576967
1.107 	23.326271
1.108 	23.240510
1.109 	23.617388
1.110 	23.464504
1.111 	22.412731
1.112 	21.300387
1.113 	21.088996
1.114 	21.676116
1.115 	22.200655
1.116 	22.454177
1.117 	22.672277
1.118 	22.928454
1.119 	22.871679
1.120 	22.375174
1.121 	22.004845
1.122 	21.744620
1.123 	21.203152
1.124 	20.451324
1.125 	20.242551
1.126 	21.351866
1.127 	23.433801
1.128 	24.571664
1.129 	23.973668
1.130 	22.190042
1.131 	20.572856
1.132 	20.321571
1.133 	21.444372
1.134 	22.754148
1.135 	23.531860
1.136 	23.551604
1.137 	22.710553
1.138 	21.743257
1.139 	21.181459
1.140 	21.018041
1.141 	21.282052
1.142 	21.619610
1.143 	21.845347
1.144 	21.994697
1.145 	21.820357
1.146 	21.467041
1.147 	21.202800
1.148 	21.201569
1.149 	21.659224
1.150 	22.191592
1.151 	22.502198
1.152 	22.626315
1.153 	22.568785
1.154 	22.372325
1.155 	21.867744
1.156 	21.022502
1.157 	20.659991
1.158 	20.994902
1.159 	21.195326
1.160 	20.788111
1.161 	20.648475
1.162 	21.012278
1.163 	21.245425
1.164 	20.904309
1.165 	20.610408
1.166 	20.973113
1.167 	21.802498
1.168 	22.458245
1.169 	22.748390
1.170 	22.653055
1.171 	22.376901
1.172 	22.188316
1.173 	21.841828
1.174 	21.072872
1.175 	20.320956
1.176 	20.274108
1.177 	20.879587
1.178 	21.750909
1.179 	22.583844
1.180 	22.812143
1.181 	21.979897
1.182 	20.547463
1.183 	19.678029
1.184 	19.760368
1.185 	20.572059
1.186 	21.693506
1.187 	22.573866
1.188 	22.672605
1.189 	22.109205
1.190 	21.750251
1.191 	21.857829
1.192 	21.884669
1.193 	22.023066
1.194 	22.359729
1.195 	22.657531
1.196 	22.895840
1.197 	22.787839
1.198 	22.166599
1.199 	21.458707
1.200 	21.326017
1.201 	21.778938
1.202 	22.071883
1.203 	21.784460
1.204 	21.462691
1.205 	21.450635
1.206 	22.058466
1.207 	23.099797
1.208 	23.554529
1.209 	23.234035
1.210 	22.817833
1.211 	22.600029
1.212 	22.243778
1.213 	21.907872
1.214 	21.755713
1.215 	21.639973
1.216 	21.482175
1.217 	21.321554
1.218 	21.633070
1.219 	22.875311
1.220 	24.086252
1.221 	24.218637
1.222 	23.371371
1.223 	22.489106
1.224 	22.166250
1.225 	22.152047
1.226 	22.150936
1.227 	21.940354
1.228 	21.579848
1.229 	21.414617
1.230 	21.676575
1.231 	22.457595
1.232 	23.237550
1.233 	23.200977
1.234 	22.494397
1.235 	21.864592
1.236 	21.577496
1.237 	21.547136
1.238 	21.903364
1.239 	22.775472
1.240 	23.672935
1.241 	23.854181
1.242 	23.587085
1.243 	23.473741
1.244 	23.257433
1.245 	22.669460
1.246 	22.017870
1.247 	21.464291
1.248 	20.838776
1.249 	20.183427
1.250 	20.078547
1.251 	20.811014
1.252 	21.508852
1.253 	21.618952
1.254 	21.835015
1.255 	22.286709
1.256 	22.159210
1.257 	21.201345
1.258 	20.387485
1.259 	20.293788
1.260 	20.646849
1.261 	20.953792
1.262 	21.140904
1.263 	21.287154
1.264 	21.254087
1.265 	20.764963
1.266 	20.160759
1.267 	20.089859
1.268 	20.764980
1.269 	21.376297
1.270 	21.345963
1.271 	21.237209
1.272 	21.718779
1.273 	22.293467
1.274 	21.991622
1.275 	21.200406
1.276 	20.659690
1.277 	20.123027
1.278 	19.490783
1.279 	19.162304
1.280 	19.195456
1.281 	19.656673
1.282 	20.043351
1.283 	19.658778
1.284 	19.131255
1.285 	19.725874
1.286 	21.033332
1.287 	21.782500
1.288 	21.448056
1.289 	20.305577
1.290 	19.154206
1.291 	18.341831
1.292 	17.711546
1.293 	17.545596
1.294 	18.389325
1.295 	19.473626
1.296 	20.037313
1.297 	20.105183
1.298 	20.070666
1.299 	19.876587
1.300 	19.329966
1.301 	18.698970
1.302 	18.775284
1.303 	19.333942
1.304 	19.120966
1.305 	17.728624
1.306 	16.772965
1.307 	16.887523
1.308 	17.413745
1.309 	18.017643
1.310 	18.395314
1.311 	18.043678
1.312 	16.969333
1.313 	15.939535
1.314 	15.890952
1.315 	16.479355
1.316 	16.779337
1.317 	16.288439
1.318 	15.749977
1.319 	16.150658
1.320 	17.509404
1.321 	18.959176
1.322 	19.284784
1.323 	18.363232
1.324 	16.775615
1.325 	15.555593
1.326 	15.577416
1.327 	16.364613
1.328 	17.176216
1.329 	17.423774
1.330 	16.650982
1.331 	15.447921
1.332 	14.629288
1.333 	14.731838
1.334 	15.699265
1.335 	16.633816
1.336 	17.276492
1.337 	17.391821
1.338 	16.389022
1.339 	14.900875
1.340 	14.110313
1.341 	14.598229
1.342 	15.600574
1.343 	16.225781
1.344 	16.219319
1.345 	16.103812
1.346 	16.268767
1.347 	16.554326
1.348 	16.780301
1.349 	16.356606
1.350 	14.644868
1.351 	12.135917
1.352 	10.697238
1.353 	11.095949
1.354 	11.891593
1.355 	12.360411
1.356 	12.651603
1.357 	12.781495
1.358 	12.696949
1.359 	12.652697
1.360 	12.618643
1.361 	12.303811
1.362 	11.995880
1.363 	11.882629
1.364 	11.493851
1.365 	10.946577
1.366 	10.933128
1.367 	11.651464
1.368 	11.996730
1.369 	11.358886
1.370 	10.457638
1.371 	10.434404
1.372 	11.017985
1.373 	11.384624
1.374 	11.412473
1.375 	11.145305
1.376 	10.477664
1.377 	9.945995
1.378 	10.427482
1.379 	11.495471
1.380 	12.086801
1.381 	11.880815
1.382 	11.455486
1.383 	11.111309
1.384 	11.040257
1.385 	11.416997
1.386 	11.651023
1.387 	11.520304
1.388 	11.166695
1.389 	10.497118
1.390 	9.898368
1.391 	9.763387
1.392 	9.944377
1.393 	10.450829
1.394 	11.221071
1.395 	11.210984
1.396 	9.849624
1.397 	8.551939
1.398 	8.287482
1.399 	8.826704
1.400 	9.650924
1.401 	10.581205
1.402 	10.909670
1.403 	10.468902
1.404 	9.863502
1.405 	9.434854
1.406 	9.100356
1.407 	9.025093
1.408 	9.618164
1.409 	10.685580
1.410 	11.141870
1.411 	10.903525
1.412 	11.497372
1.413 	12.959903
1.414 	13.822601
1.415 	13.224779
1.416 	12.211625
1.417 	11.554694
1.418 	11.106002
1.419 	9.980913
1.420 	8.217369
1.421 	6.813837
1.422 	6.536560
1.423 	7.340794
1.424 	8.051534
1.425 	7.578700
1.426 	7.728798
1.427 	9.589851
1.428 	11.146984
1.429 	11.098225
1.430 	10.429686
1.431 	10.065116
1.432 	9.928631
1.433 	10.367107
1.434 	11.173294
1.435 	11.650877
1.436 	11.594149
1.437 	10.652054
1.438 	9.851342
1.439 	10.089010
1.440 	10.652080
1.441 	10.575738
1.442 	9.882420
1.443 	9.231217
1.444 	9.034918
1.445 	9.035171
1.446 	9.372701
1.447 	10.495499
1.448 	11.072305
1.449 	10.084863
1.450 	9.476526
1.451 	10.185188
1.452 	11.037426
1.453 	11.535838
1.454 	11.932003
1.455 	12.154197
1.456 	11.901786
1.457 	11.256790
1.458 	10.463655
1.459 	9.313686
1.460 	8.682294
1.461 	9.720991
1.462 	11.242153
1.463 	11.090770
1.464 	10.539346
1.465 	11.184011
1.466 	11.625215
1.467 	10.883709
1.468 	9.726873
1.469 	9.759707
1.470 	11.372557
1.471 	12.672520
1.472 	12.264820
1.473 	10.466401
1.474 	8.909890
1.475 	8.935401
1.476 	10.444992
1.477 	11.489652
1.478 	11.437735
1.479 	10.999005
1.480 	10.419028
1.481 	9.886779
1.482 	10.454747
1.483 	11.867570
1.484 	13.479399
1.485 	14.593662
1.486 	13.106852
1.487 	10.416676
1.488 	8.568007
1.489 	7.647428
1.490 	7.756961
1.491 	8.958963
1.492 	10.382040
1.493 	11.228597
1.494 	10.252851
1.495 	8.052375
1.496 	8.195169
1.497 	11.072753
1.498 	13.180473
1.499 	12.498628
1.500 	10.569222
1.501 	9.808054
1.502 	10.803776
1.503 	12.827364
1.504 	13.920948
1.505 	13.380020
1.506 	12.885483
1.507 	12.724342
1.508 	12.228032
1.509 	11.969417
1.510 	11.831153
1.511 	11.781007
1.512 	13.096556
1.513 	14.928272
1.514 	15.034263
1.515 	12.456059
1.516 	9.049683
1.517 	8.621523
1.518 	10.795872
1.519 	11.457777
1.520 	10.424587
1.521 	10.725698
1.522 	12.052919
1.523 	12.742588
1.524 	12.848900
1.525 	12.528042
1.526 	11.660867
1.527 	10.373490
1.528 	9.756651
1.529 	10.792807
1.530 	12.472627
1.531 	13.223603
1.532 	13.066699
1.533 	12.630222
1.534 	11.546968
1.535 	11.183692
1.536 	12.370517
1.537 	13.629237
1.538 	14.008724
1.539 	13.663473
1.540 	12.235491
1.541 	9.917280
1.542 	9.324315
1.543 	11.760585
1.544 	14.761457
1.545 	14.842045
1.546 	11.564280
1.547 	8.554687
1.548 	9.482018
1.549 	13.243236
1.550 	15.734690
1.551 	15.176004
1.552 	13.208425
1.553 	12.585166
1.554 	13.695132
1.555 	15.116132
1.556 	15.318129
1.557 	12.811665
1.558 	10.349979
1.559 	11.513823
1.560 	14.316495
1.561 	15.342291
1.562 	14.997884
1.563 	15.286422
1.564 	15.803973
1.565 	15.186026
1.566 	14.219375
1.567 	13.748038
1.568 	12.555890
1.569 	10.460522
1.570 	9.816806
1.571 	11.804890
1.572 	13.522278
1.573 	13.570913
1.574 	13.178529
1.575 	14.135756
1.576 	14.750991
1.577 	12.747661
1.578 	11.186793
1.579 	12.211708
1.580 	13.520828
1.581 	12.975809
1.582 	11.909431
1.583 	12.675575
1.584 	12.785420
1.585 	11.901338
1.586 	11.389442
1.587 	12.435937
1.588 	12.532996
1.589 	10.982524
1.590 	12.293307
1.591 	15.460152
1.592 	16.286093
1.593 	15.072604
1.594 	14.653470
1.595 	15.528554
1.596 	16.148392
1.597 	14.854384
1.598 	13.030309
1.599 	11.930827
1.600 	11.575921
1.601 	13.345446
1.602 	15.336296
1.603 	14.260652
1.604 	12.000299
1.605 	12.860546
1.606 	13.797546
1.607 	13.714328
1.608 	12.873907
1.609 	13.543495
1.610 	15.307839
1.611 	15.736389
1.612 	16.578630
1.613 	17.911942
1.614 	15.554814
1.615 	12.595152
1.616 	13.916903
1.617 	14.728313
1.618 	15.571855
1.619 	15.583662
1.620 	14.520049
1.621 	14.471224
1.622 	14.818614
1.623 	14.740376
1.624 	15.494999
1.625 	15.845680
1.626 	11.285085
1.627 	7.072412
1.628 	10.766105
1.629 	16.154610
1.630 	16.512302
1.631 	16.153175
1.632 	16.260117
1.633 	15.305711
1.634 	14.264859
1.635 	15.891354
1.636 	16.551936
1.637 	14.180521
1.638 	13.660393
1.639 	14.813038
1.640 	15.423748
1.641 	15.900154
1.642 	18.316002
1.643 	17.879369
1.644 	13.709890
1.645 	9.930014
1.646 	9.224707
1.647 	11.779139
1.648 	14.586112
1.649 	13.882706
1.650 	14.160978
1.651 	14.798163
1.652 	14.804565
1.653 	14.487258
1.654 	13.628713
1.655 	14.906623
1.656 	14.620299
1.657 	11.485733
1.658 	13.185397
1.659 	14.351937
1.660 	18.140283
1.661 	19.565059
1.662 	14.292078
1.663 	14.522070
1.664 	18.450862
1.665 	17.256151
1.666 	16.347194
1.667 	18.965805
1.668 	15.876750
1.669 	11.775420
1.670 	16.141021
1.671 	21.507078
1.672 	22.015657
1.673 	13.798361
1.674 	4.886118
1.675 	8.281295
1.676 	8.986345
1.677 	19.266944
1.678 	15.215773
1.679 	14.402917
1.680 	20.326128
1.681 	23.173970
1.682 	12.039808
1.683 	4.472791
1.684 	13.770246
1.685 	23.478678
1.686 	18.684007
1.687 	14.925875
1.688 	24.984146
1.689 	33.956404
1.690 	27.353222
1.691 	7.082293
1.692 	12.629583
1.693 	18.047066
1.694 	14.404247
1.695 	15.357555
1.696 	5.285056
1.697 	5.973679
1.698 	33.788824
1.699 	37.964298
1.700 	20.734408
